Allele	BoLA_DRB3_027_16
Type	Standard
n_specificities	1
npep_u	1
npep_t	5000
spec_ids	1
L_core	9
L_N	0
L_C	0
CS_perL	1
pepL_lower	12
pepL_upper	21
n_diff_aa	20

PWM_norm.1	P1	P2	P3	P4	P5	P6	P7	P8	P9
A	0.0934	0.9786	1.5651	2.0338	1.0435	1.6052	1.2622	1.0939	1.2562
C	0.049	0.1182	0.1773	0.3466	0.1817	0.571	0.2372	0.1081	0.4392
D	0.0361	0.5555	0.1902	0.2678	1.578	1.6397	0.6499	0.5678	0.1017
E	0.0576	1.1065	0.4662	0.4875	1.0457	0.7635	0.7411	0.7548	0.1199
F	8.2964	0.8442	1.0543	1.2729	0.4686	0.2991	1.3004	0.3915	0.7951
G	0.0619	0.3341	0.4994	0.2712	0.574	0.9074	1.2369	0.9039	0.3037
H	0.1244	1.4506	0.738	0.8493	1.0596	0.618	1.7636	1.1699	0.1983
I	2.7704	1.5874	1.993	2.3823	1.0255	1.2892	1.2407	1.2447	2.9523
K	0.0618	1.7251	0.8942	0.2193	1.788	0.3619	1.3083	1.6311	0.1013
L	1.3527	0.856	0.9962	1.255	0.6967	0.717	1.2339	1.0727	2.638
M	0.9209	0.5286	1.0889	1.2534	0.6257	0.7107	1.1373	0.6405	0.8473
N	0.0713	1.0179	0.8018	0.6381	1.2481	2.1374	1.0787	1.0421	0.6297
P	0.0388	0.0529	1.1932	0.099	0.924	0.8309	0.7761	1.5552	0.1069
Q	0.0536	1.1967	1.2239	0.3679	0.9237	0.7828	0.9906	1.0564	0.423
R	0.0379	1.746	1.347	0.1221	1.2755	0.3007	1.2639	1.3639	0.1786
S	0.0414	0.7128	0.9148	1.6717	0.7745	1.2159	0.5218	0.6613	0.5263
T	0.0773	1.1169	0.7377	1.6061	1.1081	1.5119	0.6304	0.9828	0.8004
V	0.9818	1.9381	1.4699	2.6252	1.4125	1.8988	0.7661	1.1159	4.1048
W	4.5203	0.5113	0.6378	0.3404	0.4359	0.2104	1.0681	0.1923	0.0789
Y	10.5593	1.1473	1.6649	0.2987	0.973	0.31	1.1682	1.0418	1.1131

pepL	alpha	w_s
12	99.5307	0.083	0.1488	0	0.3949	0.3734
13	98.9575	0.0263	0.0764	0.2382	0.4675	0.1916
14	98.3294	0.0043	0.0259	0.161	0	0.4702	0.2977	0.0409
15	98.0139	0.0017	0.0096	0.0839	0.376	0.4093	0.0998	0.0197
16	98.2233	8e-04	0.0022	0.03	0.2337	0	0.5219	0.1563	0.0471	0.0079
17	98.735	8e-04	0.0019	0.0146	0.1152	0.4293	0.2806	0.114	0.0363	0.0072
18	99.2174	5e-04	0.0013	0.0066	0.0433	0.2908	0	0.3312	0.218	0.0767	0.0267	0.005
19	99.5133	0.001	0.0012	0.0074	0.029	0.145	0.2323	0.2918	0.1844	0.0762	0.0263	0.0055
20	99.691	0.001	0.0012	0.0048	0.0176	0.0704	0.1449	0	0.2809	0.2454	0.1596	0.0505	0.0192	0.0045
21	99.7886	0.0013	0.002	0.0054	0.0189	0.0569	0.1038	0.1383	0.2554	0.2215	0.1327	0.043	0.0166	0.0041
