Allele	BoLA_DRB3_022_14
Type	Standard
n_specificities	1
npep_u	1
npep_t	5000
spec_ids	1
L_core	9
L_N	0
L_C	0
CS_perL	1
pepL_lower	12
pepL_upper	21
n_diff_aa	20

PWM_norm.1	P1	P2	P3	P4	P5	P6	P7	P8	P9
A	0.0896	1.3819	1.5882	2.0147	0.7253	0.7274	0.7516	1.1386	2.3693
C	0.0511	0.0859	0.2204	0.3523	0.1562	0.2287	0.2094	0.1111	0.4494
D	0.0347	0.6727	0.2955	0.3575	1.85	1.0001	0.7559	0.5239	0.7953
E	0.0549	1.7044	0.6706	0.468	1.7911	1.0209	1.462	0.7809	0.6505
F	8.5177	0.8393	1.3697	1.2507	0.4442	0.2453	1.2475	0.4269	0.2375
G	0.0609	0.4529	0.5366	0.2468	0.7331	0.285	0.4409	0.9269	1.4376
H	0.1257	1.6694	1.0181	1.5437	1.0072	0.6235	2.1621	1.2675	0.7505
I	2.7942	0.9773	2.0981	2.7214	0.9562	3.2768	1.3059	1.2269	1.2438
K	0.0562	1.1873	0.9788	0.0909	1.6886	0.5932	0.6838	1.583	0.7135
L	1.3764	0.683	0.8298	1.2807	0.4586	1.6843	0.7867	1.0731	0.9631
M	0.9048	0.4878	1.2127	0.8291	0.5016	0.8941	0.6349	0.6623	0.5058
N	0.0706	1.3314	0.7867	0.6978	1.0276	1.3076	2.0579	1.001	1.4845
P	0.0383	0.0706	1.1034	0.0749	1.146	0.3554	1.625	1.511	0.322
Q	0.0511	1.3149	1.0122	0.3506	0.9651	0.7941	1.1448	1.0428	1.456
R	0.0397	1.2296	0.6748	0.0608	1.257	0.6812	0.5508	1.3415	0.7558
S	0.0409	0.9684	0.9167	1.6969	0.7535	0.4442	0.6476	0.6948	1.0358
T	0.0763	1.4653	0.5642	1.3786	1.2243	1.1706	0.8214	0.9725	0.7807
V	0.9921	1.1942	1.3979	2.6575	0.9941	2.5937	1.2081	1.0962	1.5827
W	4.4804	0.4664	0.914	0.2089	0.4868	0.2393	1.1595	0.2239	0.0768
Y	10.1766	1.2296	2.6447	0.1372	0.797	0.435	1.3881	1.0252	0.2379

pepL	alpha	w_s
12	99.5307	0.083	0.1488	0	0.3949	0.3733
13	98.9574	0.0263	0.0764	0.2382	0.4675	0.1916
14	98.3293	0.0043	0.0259	0.161	0	0.4702	0.2976	0.0409
15	98.0138	0.0017	0.0096	0.0839	0.3761	0.4093	0.0998	0.0197
16	98.2233	8e-04	0.0022	0.03	0.2337	0	0.522	0.1562	0.0472	0.0079
17	98.7349	8e-04	0.0019	0.0146	0.1152	0.4294	0.2806	0.114	0.0362	0.0072
18	99.2174	5e-04	0.0013	0.0066	0.0433	0.2908	0	0.3312	0.218	0.0767	0.0267	0.005
19	99.5134	0.001	0.0012	0.0074	0.029	0.145	0.2323	0.2917	0.1843	0.0762	0.0263	0.0055
20	99.6911	0.001	0.0012	0.0048	0.0176	0.0704	0.1449	0	0.2809	0.2453	0.1596	0.0505	0.0192	0.0045
21	99.7886	0.0013	0.002	0.0054	0.0189	0.0569	0.1038	0.1384	0.2552	0.2215	0.1327	0.043	0.0166	0.0041
