Allele	BoLA_DRB3_048_01
Type	Standard
n_specificities	1
npep_u	1
npep_t	5000
spec_ids	1
L_core	9
L_N	0
L_C	0
CS_perL	1
pepL_lower	12
pepL_upper	21
n_diff_aa	20

PWM_norm.1	P1	P2	P3	P4	P5	P6	P7	P8	P9
A	0.0934	0.9786	1.5224	1.7643	0.9769	0.4851	1.394	1.1812	0.8902
C	0.049	0.1182	0.2463	0.3364	0.2057	0.073	0.1403	0.116	0.3161
D	0.0361	0.5555	0.2322	0.4077	1.5159	0.3622	0.5071	0.5499	0.2254
E	0.0576	1.1065	0.5466	0.4903	1.3154	0.2954	0.9427	0.9164	0.4268
F	8.2964	0.8442	1.3381	1.0637	0.5322	0.109	0.7984	0.6052	1.532
G	0.0619	0.3341	0.4073	0.2311	0.7569	0.2016	1.328	0.9468	0.8092
H	0.1244	1.4506	0.7173	0.6575	1.3385	2.0604	1.4208	1.5282	0.5552
I	2.7704	1.5874	2.4065	2.3938	0.7865	0.9595	1.3849	1.0162	0.7686
K	0.0618	1.7251	0.9092	0.1327	1.7925	5.0984	1.1582	1.5537	3.1331
L	1.3527	0.856	0.9653	2.542	0.4476	0.4793	1.3669	1.0855	0.7983
M	0.9209	0.5286	1.4668	1.3721	0.4482	0.3146	1.0221	0.5538	1.4384
N	0.0713	1.0179	0.8709	0.9272	1.1414	0.6186	1.281	0.9038	0.492
P	0.0388	0.0529	1.2231	0.0513	1.4989	0.3824	0.694	1.2759	0.1427
Q	0.0536	1.1967	1.0822	0.4736	1.0105	0.5195	0.9897	1.0813	0.6922
R	0.0379	1.746	0.8533	0.0905	1.0527	4.4866	0.9972	1.4304	3.162
S	0.0414	0.7128	0.9	1.2101	0.8434	0.2419	0.5967	0.746	0.5914
T	0.0773	1.1169	0.6741	1.0348	1.1982	0.8388	0.656	0.863	0.4817
V	0.9818	1.9381	1.429	2.0356	0.8367	1.1769	0.9253	0.997	0.9975
W	4.5203	0.5113	0.6712	0.1468	1.0009	0.084	0.6706	0.3334	0.6787
Y	10.5593	1.1473	1.7827	0.2735	0.8861	0.1311	1.1117	1.0766	2.3507

pepL	alpha	w_s
12	99.5307	0.083	0.1488	0	0.3949	0.3734
13	98.9575	0.0263	0.0764	0.2382	0.4675	0.1916
14	98.3294	0.0043	0.0259	0.161	0	0.4702	0.2977	0.0409
15	98.0139	0.0017	0.0096	0.0839	0.376	0.4093	0.0998	0.0197
16	98.2233	8e-04	0.0022	0.03	0.2337	0	0.5219	0.1563	0.0471	0.0079
17	98.735	8e-04	0.0019	0.0146	0.1152	0.4293	0.2806	0.114	0.0363	0.0072
18	99.2174	5e-04	0.0013	0.0066	0.0433	0.2908	0	0.3312	0.218	0.0767	0.0267	0.005
19	99.5133	0.001	0.0012	0.0074	0.029	0.145	0.2323	0.2918	0.1844	0.0762	0.0263	0.0055
20	99.691	0.001	0.0012	0.0048	0.0176	0.0704	0.1449	0	0.2809	0.2454	0.1596	0.0505	0.0192	0.0045
21	99.7886	0.0013	0.002	0.0054	0.0189	0.0569	0.1038	0.1383	0.2554	0.2215	0.1327	0.043	0.0166	0.0041
