Allele	BoLA_DRB3_004_01
Type	Standard
n_specificities	1
npep_u	1
npep_t	5000
spec_ids	1
L_core	9
L_N	0
L_C	0
CS_perL	1
pepL_lower	12
pepL_upper	21
n_diff_aa	20

PWM_norm.1	P1	P2	P3	P4	P5	P6	P7	P8	P9
A	0.1329	0.971	1.5602	0.8525	0.9463	0.3855	0.8603	1.1786	2.9915
C	0.0539	0.118	0.3027	0.1625	0.2575	0.0487	0.3219	0.1131	0.2264
D	0.0395	0.5546	0.4931	0.2162	1.0362	0.2792	0.6311	0.5371	0.4185
E	0.0275	1.1045	0.8117	0.2753	1.0591	0.2249	1.0045	0.9166	0.4532
F	0.8949	0.8507	1.0192	3.0605	0.6669	0.1161	1.0745	0.6046	0.2364
G	0.0598	0.3361	0.6765	0.2275	0.8236	0.1088	0.6531	0.9621	2.9595
H	0.0379	1.4432	0.8006	5.2248	1.2273	0.7552	2.3795	1.5437	0.8422
I	8.7578	1.5947	2.3123	1.6452	1.0436	1.0938	1.1357	1.0119	0.3293
K	0.0307	1.7443	0.8895	1.4165	1.7947	7.2213	1.4732	1.5625	0.2691
L	2.9065	0.8388	0.9232	0.8017	0.5981	0.7015	1.1539	1.0918	0.1742
M	1.2553	0.5271	1.1039	0.9439	0.8703	0.2934	0.8819	0.5453	0.3262
N	0.0347	1.0223	0.8403	1.3313	1.2568	0.2394	1.8597	0.8962	0.8888
P	0.0794	0.0548	1.0128	0.0703	1.1728	0.225	0.583	1.2711	0.3627
Q	0.0298	1.2417	0.8582	0.9437	1.3068	0.3926	1.4688	1.0865	2.897
R	0.0294	1.734	0.8133	0.9031	0.9877	3.6995	1.0248	1.4361	0.2309
S	0.0298	0.7046	0.806	0.422	0.7949	0.1562	0.5538	0.7431	2.2102
T	0.1199	1.109	0.8623	0.5537	1.384	0.6725	0.5906	0.862	0.635
V	3.8187	1.94	1.4503	1.1941	0.8652	1.1244	0.9167	0.984	0.4172
W	0.1738	0.5062	0.5576	3.3233	0.6374	0.0975	1.2645	0.333	0.071
Y	0.1263	1.153	1.7284	2.6528	1.0239	0.1231	1.5211	1.0692	0.1724

pepL	alpha	w_s
12	99.5307	0.083	0.1488	0	0.3949	0.3733
13	98.9574	0.0263	0.0764	0.2382	0.4675	0.1916
14	98.3293	0.0043	0.0259	0.161	0	0.4702	0.2976	0.0409
15	98.0138	0.0017	0.0096	0.0839	0.3761	0.4093	0.0998	0.0197
16	98.2233	8e-04	0.0022	0.03	0.2337	0	0.522	0.1562	0.0472	0.0079
17	98.7349	8e-04	0.0019	0.0146	0.1152	0.4294	0.2806	0.114	0.0362	0.0072
18	99.2174	5e-04	0.0013	0.0066	0.0433	0.2908	0	0.3312	0.218	0.0767	0.0267	0.005
19	99.5134	0.001	0.0012	0.0074	0.029	0.145	0.2323	0.2917	0.1843	0.0762	0.0263	0.0055
20	99.6911	0.001	0.0012	0.0048	0.0176	0.0704	0.1449	0	0.2809	0.2453	0.1596	0.0505	0.0192	0.0045
21	99.7886	0.0013	0.002	0.0054	0.0189	0.0569	0.1038	0.1384	0.2552	0.2215	0.1327	0.043	0.0166	0.0041
