Allele	BoLA_DRB3_057_01
Type	Standard
n_specificities	1
npep_u	1
npep_t	5000
spec_ids	1
L_core	9
L_N	0
L_C	0
CS_perL	1
pepL_lower	12
pepL_upper	21
n_diff_aa	20

PWM_norm.1	P1	P2	P3	P4	P5	P6	P7	P8	P9
A	0.1514	1.0776	1.5882	3.215	0.9657	0.6919	0.904	1.1786	2.9915
C	0.0752	0.1232	0.2204	0.2706	0.1839	0.1805	0.2817	0.1131	0.2264
D	0.0461	0.6847	0.2955	0.4014	1.932	0.6918	0.8465	0.5371	0.4185
E	0.034	1.077	0.6706	0.1705	1.5632	0.4948	1.4536	0.9166	0.4532
F	1.2848	0.7443	1.3697	1.4356	0.4319	0.2345	0.8084	0.6046	0.2364
G	0.0928	0.4347	0.5366	0.7132	0.653	0.3626	0.8842	0.9621	2.9595
H	0.0565	2.6404	1.0181	1.7548	1.1104	1.7791	1.4759	1.5437	0.8422
I	8.7075	1.2042	2.0981	0.9198	0.8543	1.6368	1.2067	1.0119	0.3293
K	0.0468	1.4381	0.9788	0.0902	1.6553	2.6313	0.8926	1.5625	0.2691
L	2.8025	0.6612	0.8298	0.276	0.4286	0.747	1.1882	1.0918	0.1742
M	1.498	0.5571	1.2127	0.2544	0.4625	0.5319	1.009	0.5453	0.3262
N	0.0555	1.477	0.7867	0.6356	1.0772	1.2284	2.1869	0.8962	0.8888
P	0.0887	0.0634	1.1034	0.1475	1.2797	0.6022	0.5215	1.2711	0.3627
Q	0.0383	1.4608	1.0122	0.1573	1.0275	0.7568	1.2465	1.0865	2.897
R	0.0451	1.5543	0.6748	0.0706	1.0856	2.4753	0.5735	1.4361	0.2309
S	0.0404	0.9015	0.9167	3.2564	0.8168	0.4472	0.788	0.7431	2.2102
T	0.1519	1.2624	0.5642	1.5567	1.2191	1.3612	0.7534	0.862	0.635
V	3.4569	1.292	1.3979	1.8507	0.9303	1.8764	1.1215	0.984	0.4172
W	0.3205	0.7138	0.914	0.1959	0.621	0.23	0.6796	0.333	0.071
Y	0.1975	1.1661	2.6447	0.12	0.8719	0.2808	1.1985	1.0692	0.1724

pepL	alpha	w_s
12	99.5307	0.083	0.1488	0	0.3949	0.3733
13	98.9574	0.0263	0.0764	0.2382	0.4675	0.1916
14	98.3293	0.0043	0.0259	0.161	0	0.4702	0.2976	0.0409
15	98.0138	0.0017	0.0096	0.0839	0.3761	0.4093	0.0998	0.0197
16	98.2233	8e-04	0.0022	0.03	0.2337	0	0.522	0.1562	0.0472	0.0079
17	98.7349	8e-04	0.0019	0.0146	0.1152	0.4294	0.2806	0.114	0.0362	0.0072
18	99.2174	5e-04	0.0013	0.0066	0.0433	0.2908	0	0.3312	0.218	0.0767	0.0267	0.005
19	99.5134	0.001	0.0012	0.0074	0.029	0.145	0.2323	0.2917	0.1843	0.0762	0.0263	0.0055
20	99.6911	0.001	0.0012	0.0048	0.0176	0.0704	0.1449	0	0.2809	0.2453	0.1596	0.0505	0.0192	0.0045
21	99.7886	0.0013	0.002	0.0054	0.0189	0.0569	0.1038	0.1384	0.2552	0.2215	0.1327	0.043	0.0166	0.0041
