Allele	BoLA_DRB3_022_04
Type	Standard
n_specificities	1
npep_u	1
npep_t	5000
spec_ids	1
L_core	9
L_N	0
L_C	0
CS_perL	1
pepL_lower	12
pepL_upper	21
n_diff_aa	20

PWM_norm.1	P1	P2	P3	P4	P5	P6	P7	P8	P9
A	0.0934	1.4655	1.3004	0.5209	0.601	0.4866	0.6215	0.9184	0.4694
C	0.049	0.1005	0.2282	0.212	0.1688	0.1103	0.1024	0.0851	0.1003
D	0.0361	0.6538	0.4098	0.3581	1.9864	0.8425	0.731	0.5949	7.8592
E	0.0576	1.7354	0.8051	1.5694	1.7601	0.8475	1.6466	0.8202	3.8699
F	8.2964	0.7927	1.481	2.0706	0.3697	0.1867	1.6042	0.3267	0.1278
G	0.0619	0.46	0.4829	0.1432	0.6042	0.1369	0.2969	0.7208	0.5761
H	0.1244	1.5931	1.2746	1.6134	0.7428	0.1754	1.4365	0.875	0.4595
I	2.7704	0.9289	1.8968	3.4231	1.3523	4.2803	1.8172	1.4961	0.504
K	0.0618	1.1939	1.0096	0.1101	1.4258	0.1401	0.4363	1.6932	0.2958
L	1.3527	0.6749	0.8862	2.6948	0.5847	2.6521	0.9189	1.2865	0.5967
M	0.9209	0.4812	1.0243	1.9544	0.9192	0.986	0.6624	0.8894	0.2772
N	0.0713	1.3847	0.7088	0.3695	0.8888	0.872	2.0046	1.0023	0.6604
P	0.0388	0.0719	1.1305	0.1706	0.9694	0.2158	2.0103	1.5663	0.1416
Q	0.0536	1.2558	1.0451	0.7836	1.076	0.6402	0.9727	1.1767	0.6085
R	0.0379	1.2263	0.7011	0.0909	1.4109	0.1428	0.3481	1.1307	0.1922
S	0.0414	0.96	0.7078	0.5142	0.6266	0.2545	0.5289	0.5463	0.2375
T	0.0773	1.4589	0.6456	0.5299	1.1366	0.8723	0.7712	0.9487	0.2814
V	0.9818	1.2283	1.6172	1.4662	1.2876	3.372	1.2729	1.2539	0.6257
W	4.5203	0.3642	1.2015	0.3137	0.2542	0.1087	0.8088	0.1717	0.0566
Y	10.5593	1.2166	2.5478	0.4017	0.8355	0.3329	1.5222	1.0069	0.1069

pepL	alpha	w_s
12	99.5307	0.083	0.1488	0	0.3949	0.3734
13	98.9575	0.0263	0.0764	0.2382	0.4675	0.1916
14	98.3294	0.0043	0.0259	0.161	0	0.4702	0.2977	0.0409
15	98.0139	0.0017	0.0096	0.0839	0.376	0.4093	0.0998	0.0197
16	98.2233	8e-04	0.0022	0.03	0.2337	0	0.5219	0.1563	0.0471	0.0079
17	98.735	8e-04	0.0019	0.0146	0.1152	0.4293	0.2806	0.114	0.0363	0.0072
18	99.2174	5e-04	0.0013	0.0066	0.0433	0.2908	0	0.3312	0.218	0.0767	0.0267	0.005
19	99.5133	0.001	0.0012	0.0074	0.029	0.145	0.2323	0.2918	0.1844	0.0762	0.0263	0.0055
20	99.691	0.001	0.0012	0.0048	0.0176	0.0704	0.1449	0	0.2809	0.2454	0.1596	0.0505	0.0192	0.0045
21	99.7886	0.0013	0.002	0.0054	0.0189	0.0569	0.1038	0.1383	0.2554	0.2215	0.1327	0.043	0.0166	0.0041
