Allele	BoLA_DRB3_147_01
Type	Standard
n_specificities	1
npep_u	1
npep_t	5000
spec_ids	1
L_core	9
L_N	0
L_C	0
CS_perL	1
pepL_lower	12
pepL_upper	21
n_diff_aa	20

PWM_norm.1	P1	P2	P3	P4	P5	P6	P7	P8	P9
A	0.1045	1.2265	1.6596	3.1337	0.9324	0.6272	1.0557	1.1786	2.4848
C	0.056	0.1146	0.2044	0.15	0.1709	0.1364	0.1974	0.1131	0.3669
D	0.0418	0.7134	0.3937	2.7888	0.9556	0.7821	0.7276	0.5371	0.5534
E	0.0625	1.5231	0.6755	0.4353	1.1666	0.5947	1.6635	0.9166	0.4597
F	8.0687	0.8882	1.4073	0.6432	0.6794	0.1778	0.698	0.6046	0.2862
G	0.0614	0.4298	0.7535	0.4786	0.8188	0.1693	0.5709	0.9621	2.1781
H	0.1197	1.6831	1.1359	0.837	1.1568	1.6902	1.0853	1.5437	0.8824
I	3.0843	1.1406	1.4924	0.6689	1.1115	1.8406	1.1889	1.0119	0.4915
K	0.0466	1.289	0.8727	0.1479	1.8419	3.4037	0.6601	1.5625	0.4334
L	1.5202	0.7131	0.6401	0.2079	0.7585	0.9273	1.307	1.0918	0.3694
M	0.9738	0.5848	1.6659	0.2402	0.8936	0.5458	0.6121	0.5453	0.5428
N	0.0599	1.1324	0.8261	1.7151	1.1338	0.9228	2.1118	0.8962	1.6659
P	0.05	0.0679	1.0481	0.0579	1.0616	0.3342	1.1811	1.2711	0.3812
Q	0.0556	1.3528	1.0871	0.3824	1.1926	0.9288	1.1758	1.0865	2.4546
R	0.0349	1.3721	0.7533	0.1144	1.0467	2.3753	0.5129	1.4361	0.3584
S	0.0421	0.8922	1.2271	1.8374	0.6843	0.2771	0.6816	0.7431	2.0955
T	0.0899	1.3182	0.6559	2.2469	1.2147	0.9559	0.737	0.862	0.736
V	1.2511	1.3895	1.1176	1.6827	1.0934	1.9343	1.2788	0.984	0.7195
W	3.8947	0.6247	1.0694	0.1898	0.494	0.1461	0.5399	0.333	0.1518
Y	9.2871	1.2606	2.2955	0.1572	0.9808	0.2274	1.1011	1.0692	0.27

pepL	alpha	w_s
12	99.5307	0.083	0.1488	0	0.3949	0.3733
13	98.9574	0.0263	0.0764	0.2382	0.4675	0.1916
14	98.3293	0.0043	0.0259	0.161	0	0.4702	0.2976	0.0409
15	98.0138	0.0017	0.0096	0.0839	0.3761	0.4093	0.0998	0.0197
16	98.2233	8e-04	0.0022	0.03	0.2337	0	0.522	0.1562	0.0472	0.0079
17	98.7349	8e-04	0.0019	0.0146	0.1152	0.4294	0.2806	0.114	0.0362	0.0072
18	99.2174	5e-04	0.0013	0.0066	0.0433	0.2908	0	0.3312	0.218	0.0767	0.0267	0.005
19	99.5134	0.001	0.0012	0.0074	0.029	0.145	0.2323	0.2917	0.1843	0.0762	0.0263	0.0055
20	99.6911	0.001	0.0012	0.0048	0.0176	0.0704	0.1449	0	0.2809	0.2453	0.1596	0.0505	0.0192	0.0045
21	99.7886	0.0013	0.002	0.0054	0.0189	0.0569	0.1038	0.1384	0.2552	0.2215	0.1327	0.043	0.0166	0.0041
