Allele	BoLA_DRB3_085_01
Type	Standard
n_specificities	1
npep_u	1
npep_t	5000
spec_ids	1
L_core	9
L_N	0
L_C	0
CS_perL	1
pepL_lower	12
pepL_upper	21
n_diff_aa	20

PWM_norm.1	P1	P2	P3	P4	P5	P6	P7	P8	P9
A	0.0896	1.3819	1.5882	3.0249	0.9935	0.8078	1.0281	1.1386	2.0129
C	0.0511	0.0859	0.2204	0.2577	0.164	0.1687	0.2184	0.1111	0.4588
D	0.0347	0.6727	0.2955	0.3146	1.2953	0.6073	0.4905	0.5239	0.2322
E	0.0549	1.7044	0.6706	0.1742	1.2523	0.4197	1.1544	0.7809	0.4193
F	8.5177	0.8393	1.3697	1.2015	0.4765	0.2443	0.8699	0.4269	0.8624
G	0.0609	0.4529	0.5366	0.3897	0.6096	0.3606	0.8573	0.9269	0.8952
H	0.1257	1.6694	1.0181	2.5328	1.2876	1.0805	1.5574	1.2675	0.5564
I	2.7942	0.9773	2.0981	1.3955	1.0584	2.5798	1.2227	1.2269	1.8254
K	0.0562	1.1873	0.9788	0.228	1.9107	1.6552	1.126	1.583	0.6146
L	1.3764	0.683	0.8298	0.4288	0.7115	1.2005	1.6585	1.0731	1.5459
M	0.9048	0.4878	1.2127	0.3842	0.6306	0.612	1.2349	0.6623	1.247
N	0.0706	1.3314	0.7867	0.7618	0.9939	1.1156	1.5666	1.001	0.6131
P	0.0383	0.0706	1.1034	0.1162	0.8561	0.5573	0.5629	1.511	0.2015
Q	0.0511	1.3149	1.0122	0.1782	1.078	0.6921	1.3688	1.0428	1.1013
R	0.0397	1.2296	0.6748	0.1138	1.2711	1.7539	0.7671	1.3415	1.3199
S	0.0409	0.9684	0.9167	2.2048	0.715	0.4323	0.5544	0.6948	0.8389
T	0.0763	1.4653	0.5642	1.8261	1.081	1.2877	0.5797	0.9725	0.7549
V	0.9921	1.1942	1.3979	2.5998	1.3684	2.6117	1.0592	1.0962	1.8926
W	4.4804	0.4664	0.914	0.2932	0.551	0.1996	0.7574	0.2239	0.2272
Y	10.1766	1.2296	2.6447	0.1823	0.8983	0.3063	1.1403	1.0252	0.8121

pepL	alpha	w_s
12	99.5307	0.083	0.1488	0	0.3949	0.3733
13	98.9574	0.0263	0.0764	0.2382	0.4675	0.1916
14	98.3293	0.0043	0.0259	0.161	0	0.4702	0.2976	0.0409
15	98.0138	0.0017	0.0096	0.0839	0.3761	0.4093	0.0998	0.0197
16	98.2233	8e-04	0.0022	0.03	0.2337	0	0.522	0.1562	0.0472	0.0079
17	98.7349	8e-04	0.0019	0.0146	0.1152	0.4294	0.2806	0.114	0.0362	0.0072
18	99.2174	5e-04	0.0013	0.0066	0.0433	0.2908	0	0.3312	0.218	0.0767	0.0267	0.005
19	99.5134	0.001	0.0012	0.0074	0.029	0.145	0.2323	0.2917	0.1843	0.0762	0.0263	0.0055
20	99.6911	0.001	0.0012	0.0048	0.0176	0.0704	0.1449	0	0.2809	0.2453	0.1596	0.0505	0.0192	0.0045
21	99.7886	0.0013	0.002	0.0054	0.0189	0.0569	0.1038	0.1384	0.2552	0.2215	0.1327	0.043	0.0166	0.0041
