Allele	BoLA_DRB3_015_04
Type	Standard
n_specificities	1
npep_u	1
npep_t	5000
spec_ids	1
L_core	9
L_N	0
L_C	0
CS_perL	1
pepL_lower	12
pepL_upper	21
n_diff_aa	20

PWM_norm.1	P1	P2	P3	P4	P5	P6	P7	P8	P9
A	0.1514	0.971	1.6225	5.2804	1.2511	0.6518	1.729	1.1785	0.234
C	0.0752	0.118	0.2656	0.123	0.202	0.131	0.2507	0.1183	0.0547
D	0.0461	0.5546	0.3958	0.3151	0.9129	0.5144	0.7747	0.8715	0.0977
E	0.034	1.1045	0.6995	0.1216	1.0742	0.3516	1.4382	0.769	0.0903
F	1.2848	0.8507	1.3262	0.3412	0.8151	0.2349	0.423	0.6413	5.1413
G	0.0928	0.3361	0.745	0.7692	0.5061	0.2091	0.5842	0.8499	0.0834
H	0.0565	1.4432	1.0478	0.5741	1.0027	0.7936	0.9648	1.0149	0.1558
I	8.7075	1.5947	1.579	0.6724	1.6425	1.5198	1.2775	1.453	5.4582
K	0.0468	1.7443	0.8833	0.4942	1.5555	5.1123	0.5193	1.6238	0.0565
L	2.8025	0.8388	0.6469	0.1479	0.8818	0.8835	0.3602	1.1239	2.6926
M	1.498	0.5271	1.6672	0.1541	1.0381	0.4865	0.8584	0.4089	1.663
N	0.0555	1.0223	0.8661	0.4952	0.9691	0.3683	2.1391	1.1451	0.1696
P	0.0887	0.0548	1.047	0.078	0.7465	0.3964	0.7215	1.1217	0.0701
Q	0.0383	1.2417	1.0463	0.1473	1.4661	0.5109	1.5911	0.907	0.1921
R	0.0451	1.734	0.8394	0.4959	0.7953	2.8871	0.8803	1.3491	0.0441
S	0.0404	0.7046	1.2171	1.5997	0.5363	0.2896	1.0455	0.9645	0.0847
T	0.1519	1.109	0.7531	2.7661	1.25	0.9096	1.2676	0.653	0.2472
V	3.4569	1.94	1.1218	1.7825	1.2984	1.5339	1.5397	1.0876	2.4345
W	0.3205	0.5062	1.02	0.1273	0.405	0.2297	0.6978	0.262	1.0758
Y	0.1975	1.153	1.9765	0.1206	1.3581	0.2327	0.3505	0.786	1.3491

pepL	alpha	w_s
12	99.5307	0.083	0.1488	0	0.3949	0.3733
13	98.9574	0.0263	0.0764	0.2382	0.4675	0.1916
14	98.3293	0.0043	0.0259	0.161	0	0.4702	0.2976	0.0409
15	98.0138	0.0017	0.0096	0.0839	0.3761	0.4093	0.0998	0.0197
16	98.2233	8e-04	0.0022	0.03	0.2337	0	0.522	0.1562	0.0472	0.0079
17	98.7349	8e-04	0.0019	0.0146	0.1152	0.4294	0.2806	0.114	0.0362	0.0072
18	99.2174	5e-04	0.0013	0.0066	0.0433	0.2908	0	0.3312	0.218	0.0767	0.0267	0.005
19	99.5134	0.001	0.0012	0.0074	0.029	0.145	0.2323	0.2917	0.1843	0.0762	0.0263	0.0055
20	99.6911	0.001	0.0012	0.0048	0.0176	0.0704	0.1449	0	0.2809	0.2453	0.1596	0.0505	0.0192	0.0045
21	99.7886	0.0013	0.002	0.0054	0.0189	0.0569	0.1038	0.1384	0.2552	0.2215	0.1327	0.043	0.0166	0.0041
