Allele	BoLA_DRB3_075_01
Type	Standard
n_specificities	1
npep_u	1
npep_t	5000
spec_ids	1
L_core	9
L_N	0
L_C	0
CS_perL	1
pepL_lower	12
pepL_upper	21
n_diff_aa	20

PWM_norm.1	P1	P2	P3	P4	P5	P6	P7	P8	P9
A	0.1391	0.9786	1.5336	1.108	0.8174	0.6137	0.5885	0.9184	0.4694
C	0.0583	0.1182	0.353	0.1306	0.1275	0.1119	0.1229	0.0851	0.1003
D	0.0402	0.5555	0.531	0.228	1.187	1.3605	0.6527	0.5949	7.8592
E	0.0321	1.1065	0.7192	0.5776	1.3693	0.8842	1.4733	0.8202	3.8699
F	0.8712	0.8442	1.3116	2.4683	0.4468	0.2044	1.6549	0.3267	0.1278
G	0.0626	0.3341	0.7871	0.3142	0.5357	0.1477	0.3136	0.7208	0.5761
H	0.041	1.4506	1.2308	1.975	0.7109	0.1089	2.2936	0.875	0.4595
I	8.7661	1.5874	1.4987	2.2276	1.7464	4.1773	1.5508	1.4961	0.504
K	0.0339	1.7251	0.9305	0.6367	1.56	0.1355	0.7386	1.6932	0.2958
L	2.7494	0.856	0.6699	2.1245	0.8041	2.5776	0.739	1.2865	0.5967
M	1.3964	0.5286	1.4358	1.8638	1.1391	1.1228	0.6049	0.8894	0.2772
N	0.0398	1.0179	0.7528	0.4297	0.867	0.7657	2.0415	1.0023	0.6604
P	0.0759	0.0529	0.9652	0.0542	0.8312	0.2234	1.575	1.5663	0.1416
Q	0.0349	1.1967	1.1825	1.0904	1.4637	0.4664	1.2628	1.1767	0.6085
R	0.0305	1.746	0.8807	0.8221	1.1568	0.1042	0.705	1.1307	0.1922
S	0.033	0.7128	1.01	0.3399	0.4728	0.2978	0.4969	0.5463	0.2375
T	0.1218	1.1169	0.9084	0.9627	1.2905	0.8293	0.8357	0.9487	0.2814
V	3.9808	1.9381	1.1539	1.3206	1.4351	3.1332	1.1822	1.2539	0.6257
W	0.1798	0.5113	1.2857	1.2016	0.1584	0.1302	1.0476	0.1717	0.0566
Y	0.1653	1.1473	1.865	1.2475	1.0684	0.319	1.5232	1.0069	0.1069

pepL	alpha	w_s
12	99.5307	0.083	0.1488	0	0.3949	0.3734
13	98.9575	0.0263	0.0764	0.2382	0.4675	0.1916
14	98.3294	0.0043	0.0259	0.161	0	0.4702	0.2977	0.0409
15	98.0139	0.0017	0.0096	0.0839	0.376	0.4093	0.0998	0.0197
16	98.2233	8e-04	0.0022	0.03	0.2337	0	0.5219	0.1563	0.0471	0.0079
17	98.735	8e-04	0.0019	0.0146	0.1152	0.4293	0.2806	0.114	0.0363	0.0072
18	99.2174	5e-04	0.0013	0.0066	0.0433	0.2908	0	0.3312	0.218	0.0767	0.0267	0.005
19	99.5133	0.001	0.0012	0.0074	0.029	0.145	0.2323	0.2918	0.1844	0.0762	0.0263	0.0055
20	99.691	0.001	0.0012	0.0048	0.0176	0.0704	0.1449	0	0.2809	0.2454	0.1596	0.0505	0.0192	0.0045
21	99.7886	0.0013	0.002	0.0054	0.0189	0.0569	0.1038	0.1383	0.2554	0.2215	0.1327	0.043	0.0166	0.0041
