Allele	BoLA_DRB3_010_04
Type	Standard
n_specificities	1
npep_u	1
npep_t	5000
spec_ids	1
L_core	9
L_N	0
L_C	0
CS_perL	1
pepL_lower	12
pepL_upper	21
n_diff_aa	20

PWM_norm.1	P1	P2	P3	P4	P5	P6	P7	P8	P9
A	0.0896	0.971	1.6225	2.0989	1.2073	0.4735	1.2841	0.9729	0.4283
C	0.0511	0.118	0.2656	0.1292	0.1379	0.0646	0.3033	0.1419	0.1255
D	0.0347	0.5546	0.3958	0.2699	1.1166	0.3642	0.7714	0.644	0.1301
E	0.0549	1.1045	0.6995	0.1597	1.1815	0.3337	0.9744	0.7757	0.1264
F	8.5177	0.8507	1.3262	4.1988	0.6299	0.0998	0.8605	0.514	1.9473
G	0.0609	0.3361	0.745	0.3503	0.4791	0.1941	1.2108	0.7762	0.0996
H	0.1257	1.4432	1.0478	1.7761	1.0545	1.9562	1.5929	0.9403	0.1669
I	2.7942	1.5947	1.579	1.3464	1.4777	0.7629	1.558	1.4054	5.7364
K	0.0562	1.7443	0.8833	0.4617	1.7612	6.7107	1.1359	1.6146	0.0715
L	1.3764	0.8388	0.6469	0.3796	0.7571	0.2886	0.8655	1.0371	2.7143
M	0.9048	0.5271	1.6672	0.4645	0.7398	0.2453	0.9826	0.8387	1.0562
N	0.0706	1.0223	0.8661	1.0408	1.0092	0.4622	1.4832	1.1172	0.2742
P	0.0383	0.0548	1.047	0.0503	0.8701	0.2957	0.8268	1.5425	0.0842
Q	0.0511	1.2417	1.0463	0.3962	1.4415	0.4999	1.0022	1.0018	0.2482
R	0.0397	1.734	0.8394	0.5048	0.9023	4.1069	0.8389	1.2487	0.0829
S	0.0409	0.7046	1.2171	0.9317	0.5752	0.2157	0.6681	0.7036	0.121
T	0.0763	1.109	0.7531	1.5888	1.2413	0.7432	0.8184	1.0539	0.3959
V	0.9921	1.94	1.1218	2.1535	1.2256	0.8105	1.0333	1.1407	3.7246
W	4.4804	0.5062	1.02	2.8226	0.3471	0.1025	0.8876	0.2582	0.3495
Y	10.1766	1.153	1.9765	2.286	1.2097	0.1393	1.2113	1.1563	1.4163

pepL	alpha	w_s
12	99.5307	0.083	0.1488	0	0.3949	0.3733
13	98.9574	0.0263	0.0764	0.2382	0.4675	0.1916
14	98.3293	0.0043	0.0259	0.161	0	0.4702	0.2976	0.0409
15	98.0138	0.0017	0.0096	0.0839	0.3761	0.4093	0.0998	0.0197
16	98.2233	8e-04	0.0022	0.03	0.2337	0	0.522	0.1562	0.0472	0.0079
17	98.7349	8e-04	0.0019	0.0146	0.1152	0.4294	0.2806	0.114	0.0362	0.0072
18	99.2174	5e-04	0.0013	0.0066	0.0433	0.2908	0	0.3312	0.218	0.0767	0.0267	0.005
19	99.5134	0.001	0.0012	0.0074	0.029	0.145	0.2323	0.2917	0.1843	0.0762	0.0263	0.0055
20	99.6911	0.001	0.0012	0.0048	0.0176	0.0704	0.1449	0	0.2809	0.2453	0.1596	0.0505	0.0192	0.0045
21	99.7886	0.0013	0.002	0.0054	0.0189	0.0569	0.1038	0.1384	0.2552	0.2215	0.1327	0.043	0.0166	0.0041
