Allele	BoLA_DRB3_028_03
Type	Standard
n_specificities	1
npep_u	1
npep_t	5000
spec_ids	1
L_core	9
L_N	0
L_C	0
CS_perL	1
pepL_lower	12
pepL_upper	21
n_diff_aa	20

PWM_norm.1	P1	P2	P3	P4	P5	P6	P7	P8	P9
A	0.1329	1.3819	1.352	0.7466	0.6931	0.4287	0.907	1.0316	0.4736
C	0.0539	0.0859	0.2941	0.1645	0.1814	0.1416	0.126	0.0921	0.0893
D	0.0395	0.6727	0.4106	0.3458	1.4538	0.9085	0.5499	0.667	5.7716
E	0.0275	1.7044	0.7465	1.4043	1.3985	0.7771	0.9076	1.0585	4.9303
F	0.8949	0.8393	1.4535	2.1922	0.438	0.163	1.2869	0.5554	0.3206
G	0.0598	0.4529	0.5135	0.1607	0.5836	0.1166	0.6576	0.8469	0.6877
H	0.0379	1.6694	1.2532	1.5456	0.9527	0.1463	1.3444	1.2916	0.5715
I	8.7578	0.9773	1.8984	3.0826	1.3171	4.4214	1.8965	1.1125	0.4379
K	0.0307	1.1873	0.9766	0.132	1.7158	0.0909	0.8576	1.4686	0.3797
L	2.9065	0.683	0.8884	2.8222	0.7639	2.6446	1.2663	1.2311	0.5514
M	1.2553	0.4878	1.1773	2.1863	0.9308	1.1092	1.0026	0.6151	0.5261
N	0.0347	1.3314	0.7327	0.2601	0.9047	0.8807	1.7044	0.8748	0.3605
P	0.0794	0.0706	1.1004	0.0866	0.8787	0.2195	1.5515	1.3342	0.1244
Q	0.0298	1.3149	1.0531	0.7466	1.0078	0.5291	1.0748	1.1475	0.9453
R	0.0294	1.2296	0.7195	0.0959	1.489	0.0971	0.7521	1.3806	0.334
S	0.0298	0.9684	0.7257	0.465	0.6532	0.2492	0.5287	0.6195	0.2151
T	0.1199	1.4653	0.6503	0.5946	1.0724	0.7882	0.7924	0.8099	0.2502
V	3.8187	1.1942	1.5672	1.469	1.4437	3.6403	1.0109	1.0382	0.3908
W	0.1738	0.4664	1.1659	0.3862	0.3351	0.1076	0.6065	0.3348	0.1464
Y	0.1263	1.2296	2.482	0.4182	0.8534	0.3002	1.2055	1.171	0.4373

pepL	alpha	w_s
12	99.5307	0.083	0.1488	0	0.3949	0.3733
13	98.9574	0.0263	0.0764	0.2382	0.4675	0.1916
14	98.3293	0.0043	0.0259	0.161	0	0.4702	0.2976	0.0409
15	98.0138	0.0017	0.0096	0.0839	0.3761	0.4093	0.0998	0.0197
16	98.2233	8e-04	0.0022	0.03	0.2337	0	0.522	0.1562	0.0472	0.0079
17	98.7349	8e-04	0.0019	0.0146	0.1152	0.4294	0.2806	0.114	0.0362	0.0072
18	99.2174	5e-04	0.0013	0.0066	0.0433	0.2908	0	0.3312	0.218	0.0767	0.0267	0.005
19	99.5134	0.001	0.0012	0.0074	0.029	0.145	0.2323	0.2917	0.1843	0.0762	0.0263	0.0055
20	99.6911	0.001	0.0012	0.0048	0.0176	0.0704	0.1449	0	0.2809	0.2453	0.1596	0.0505	0.0192	0.0045
21	99.7886	0.0013	0.002	0.0054	0.0189	0.0569	0.1038	0.1384	0.2552	0.2215	0.1327	0.043	0.0166	0.0041
