Allele	BoLA_DRB3_024_09
Type	Standard
n_specificities	1
npep_u	1
npep_t	5000
spec_ids	1
L_core	9
L_N	0
L_C	0
CS_perL	1
pepL_lower	12
pepL_upper	21
n_diff_aa	20

PWM_norm.1	P1	P2	P3	P4	P5	P6	P7	P8	P9
A	0.0896	1.3819	1.5994	2.7029	1.1217	2.9064	0.8839	1.1786	2.9915
C	0.0511	0.0859	0.1646	0.1689	0.2062	0.648	0.2267	0.1131	0.2264
D	0.0347	0.6727	0.2153	0.1668	1.2336	0.7116	0.678	0.5371	0.4185
E	0.0549	1.7044	0.5717	0.1963	1.049	0.6853	1.0255	0.9166	0.4532
F	8.5177	0.8393	1.164	1.3439	0.513	0.4138	1.1844	0.6046	0.2364
G	0.0609	0.4529	0.5957	0.2613	0.6012	2.0832	0.7373	0.9621	2.9595
H	0.1257	1.6694	1.1105	1.6097	1.1671	0.3147	1.7653	1.5437	0.8422
I	2.7942	0.9773	1.7342	1.9176	1.0766	0.9656	1.148	1.0119	0.3293
K	0.0562	1.1873	0.9298	0.2024	1.7967	0.1423	1.244	1.5625	0.2691
L	1.3764	0.683	0.897	1.0597	0.748	0.5153	1.5651	1.0918	0.1742
M	0.9048	0.4878	0.9682	0.6194	0.7697	0.5018	1.2414	0.5453	0.3262
N	0.0706	1.3314	0.7308	0.3056	1.0827	1.4252	1.4201	0.8962	0.8888
P	0.0383	0.0706	1.2131	0.0887	0.8814	1.1125	0.7574	1.2711	0.3627
Q	0.0511	1.3149	1.1684	0.1458	0.9284	0.8507	1.4121	1.0865	2.897
R	0.0397	1.2296	1.0696	0.0883	1.3312	0.1213	1.0154	1.4361	0.2309
S	0.0409	0.9684	0.9158	1.9766	0.7596	1.2393	0.474	0.7431	2.2102
T	0.0763	1.4653	0.5839	1.7556	1.0236	1.0936	0.5423	0.862	0.635
V	0.9921	1.1942	1.4295	2.8189	1.4822	1.4702	0.9402	0.984	0.4172
W	4.4804	0.4664	0.9497	0.2405	0.5121	0.1776	1.1842	0.333	0.071
Y	10.1766	1.2296	2.3325	0.1893	0.9496	0.2578	0.9262	1.0692	0.1724

pepL	alpha	w_s
12	99.5307	0.083	0.1488	0	0.3949	0.3733
13	98.9574	0.0263	0.0764	0.2382	0.4675	0.1916
14	98.3293	0.0043	0.0259	0.161	0	0.4702	0.2976	0.0409
15	98.0138	0.0017	0.0096	0.0839	0.3761	0.4093	0.0998	0.0197
16	98.2233	8e-04	0.0022	0.03	0.2337	0	0.522	0.1562	0.0472	0.0079
17	98.7349	8e-04	0.0019	0.0146	0.1152	0.4294	0.2806	0.114	0.0362	0.0072
18	99.2174	5e-04	0.0013	0.0066	0.0433	0.2908	0	0.3312	0.218	0.0767	0.0267	0.005
19	99.5134	0.001	0.0012	0.0074	0.029	0.145	0.2323	0.2917	0.1843	0.0762	0.0263	0.0055
20	99.6911	0.001	0.0012	0.0048	0.0176	0.0704	0.1449	0	0.2809	0.2453	0.1596	0.0505	0.0192	0.0045
21	99.7886	0.0013	0.002	0.0054	0.0189	0.0569	0.1038	0.1384	0.2552	0.2215	0.1327	0.043	0.0166	0.0041
