Allele	BoLA_DRB3_018_04
Type	Standard
n_specificities	1
npep_u	1
npep_t	5000
spec_ids	1
L_core	9
L_N	0
L_C	0
CS_perL	1
pepL_lower	12
pepL_upper	21
n_diff_aa	20

PWM_norm.1	P1	P2	P3	P4	P5	P6	P7	P8	P9
A	0.1329	0.971	1.6225	2.9641	1.1598	0.5013	1.136	1.1882	1.0622
C	0.0539	0.118	0.2656	0.1755	0.2261	0.1421	0.323	0.1339	0.4969
D	0.0395	0.5546	0.3958	0.1254	0.9858	0.4545	0.8629	0.5688	0.17
E	0.0275	1.1045	0.6995	0.1356	1.0882	0.3192	1.3381	0.8775	0.1887
F	0.8949	0.8507	1.3262	0.7756	0.8217	0.9514	0.6933	0.6199	1.8005
G	0.0598	0.3361	0.745	0.5976	0.5376	0.1854	0.6341	0.9421	0.3865
H	0.0379	1.4432	1.0478	2.5476	1.3389	1.0726	2.1677	1.4512	0.297
I	8.7578	1.5947	1.579	1.0197	1.2538	2.212	1.0465	1.0883	2.4445
K	0.0307	1.7443	0.8833	0.8954	1.6921	2.345	1.1404	1.5225	0.1535
L	2.9065	0.8388	0.6469	0.2051	0.8055	1.8724	0.9803	1.0613	2.3255
M	1.2553	0.5271	1.6672	0.1951	0.8639	1.3133	0.7553	0.576	1.5572
N	0.0347	1.0223	0.8661	1.4038	1.0121	0.6215	1.9637	0.9572	0.6876
P	0.0794	0.0548	1.047	0.0846	0.8983	0.3625	0.4163	1.2838	0.1152
Q	0.0298	1.2417	1.0463	0.3865	1.4745	0.7693	1.8379	1.0415	0.4912
R	0.0294	1.734	0.8394	0.7547	0.8768	2.0756	0.8988	1.4116	0.2304
S	0.0298	0.7046	1.2171	1.4612	0.6178	0.277	0.7103	0.7854	0.5809
T	0.1199	1.109	0.7531	2.3377	1.2961	0.9775	0.7809	0.8768	0.8037
V	3.8187	1.94	1.1218	2.3291	1.0894	1.5313	1.0427	1.0057	3.3024
W	0.1738	0.5062	1.02	0.572	0.4656	0.7874	0.7646	0.3576	0.2151
Y	0.1263	1.153	1.9765	0.3084	1.2417	0.8313	0.7551	1.0389	2.1667

pepL	alpha	w_s
12	99.5307	0.083	0.1488	0	0.3949	0.3733
13	98.9574	0.0263	0.0764	0.2382	0.4675	0.1916
14	98.3293	0.0043	0.0259	0.161	0	0.4702	0.2976	0.0409
15	98.0138	0.0017	0.0096	0.0839	0.3761	0.4093	0.0998	0.0197
16	98.2233	8e-04	0.0022	0.03	0.2337	0	0.522	0.1562	0.0472	0.0079
17	98.7349	8e-04	0.0019	0.0146	0.1152	0.4294	0.2806	0.114	0.0362	0.0072
18	99.2174	5e-04	0.0013	0.0066	0.0433	0.2908	0	0.3312	0.218	0.0767	0.0267	0.005
19	99.5134	0.001	0.0012	0.0074	0.029	0.145	0.2323	0.2917	0.1843	0.0762	0.0263	0.0055
20	99.6911	0.001	0.0012	0.0048	0.0176	0.0704	0.1449	0	0.2809	0.2453	0.1596	0.0505	0.0192	0.0045
21	99.7886	0.0013	0.002	0.0054	0.0189	0.0569	0.1038	0.1384	0.2552	0.2215	0.1327	0.043	0.0166	0.0041
