Allele	BoLA_DRB3_094_02
Type	Standard
n_specificities	1
npep_u	1
npep_t	5000
spec_ids	1
L_core	9
L_N	0
L_C	0
CS_perL	1
pepL_lower	12
pepL_upper	21
n_diff_aa	20

PWM_norm.1	P1	P2	P3	P4	P5	P6	P7	P8	P9
A	0.0896	0.971	1.4703	1.7731	1.103	1.1759	1.5721	1.1786	1.2587
C	0.0511	0.118	0.3786	0.3987	0.2496	0.3729	0.2736	0.1131	0.5616
D	0.0347	0.5546	0.5404	0.956	1.1092	1.2808	0.8827	0.5371	0.2092
E	0.0549	1.1045	0.7083	0.6968	1.0837	0.5	0.9917	0.9166	0.2899
F	8.5177	0.8507	1.3194	1.8612	0.7278	0.3388	1.0846	0.6046	1.2842
G	0.0609	0.3361	0.7474	0.4482	0.5283	0.4186	1.1405	0.9621	0.5732
H	0.1257	1.4432	1.2575	0.8214	1.0167	0.6393	1.6803	1.5437	0.4712
I	2.7942	1.5947	1.4677	2.0233	1.4269	2.7483	1.1373	1.0119	2.0085
K	0.0562	1.7443	0.9242	0.3531	1.5302	0.5704	1.1141	1.5625	0.3528
L	1.3764	0.8388	0.6878	0.6941	0.7467	1.3156	0.9539	1.0918	2.2703
M	0.9048	0.5271	1.4866	1.0727	1.0123	1.1398	0.9071	0.5453	1.4348
N	0.0706	1.0223	0.8255	0.9648	1.0754	1.3969	1.2429	0.8962	0.672
P	0.0383	0.0548	0.9614	0.2097	0.8811	0.5953	0.8437	1.2711	0.1308
Q	0.0511	1.2417	1.1518	0.694	1.4334	0.725	1.0943	1.0865	0.6284
R	0.0397	1.734	0.8595	0.3613	0.9754	0.3879	0.9309	1.4361	0.5768
S	0.0409	0.7046	0.9984	0.9499	0.6817	0.6145	0.7289	0.7431	0.6957
T	0.0763	1.109	0.8878	1.7214	1.2291	1.3347	0.6439	0.862	0.7872
V	0.9921	1.94	1.2237	2.3082	1.2465	2.796	0.7544	0.984	2.7344
W	4.4804	0.5062	1.2445	1.0605	0.398	0.2506	0.8241	0.333	0.1956
Y	10.1766	1.153	1.9916	1.0876	1.2125	0.3761	1.244	1.0692	1.8648

pepL	alpha	w_s
12	99.5307	0.083	0.1488	0	0.3949	0.3733
13	98.9574	0.0263	0.0764	0.2382	0.4675	0.1916
14	98.3293	0.0043	0.0259	0.161	0	0.4702	0.2976	0.0409
15	98.0138	0.0017	0.0096	0.0839	0.3761	0.4093	0.0998	0.0197
16	98.2233	8e-04	0.0022	0.03	0.2337	0	0.522	0.1562	0.0472	0.0079
17	98.7349	8e-04	0.0019	0.0146	0.1152	0.4294	0.2806	0.114	0.0362	0.0072
18	99.2174	5e-04	0.0013	0.0066	0.0433	0.2908	0	0.3312	0.218	0.0767	0.0267	0.005
19	99.5134	0.001	0.0012	0.0074	0.029	0.145	0.2323	0.2917	0.1843	0.0762	0.0263	0.0055
20	99.6911	0.001	0.0012	0.0048	0.0176	0.0704	0.1449	0	0.2809	0.2453	0.1596	0.0505	0.0192	0.0045
21	99.7886	0.0013	0.002	0.0054	0.0189	0.0569	0.1038	0.1384	0.2552	0.2215	0.1327	0.043	0.0166	0.0041
