Allele	BoLA_DRB3_005_01
Type	Standard
n_specificities	1
npep_u	1
npep_t	5000
spec_ids	1
L_core	9
L_N	0
L_C	0
CS_perL	1
pepL_lower	12
pepL_upper	21
n_diff_aa	20

PWM_norm.1	P1	P2	P3	P4	P5	P6	P7	P8	P9
A	0.1514	0.971	1.4815	1.0783	0.828	0.6358	0.9655	1.1786	2.9915
C	0.0752	0.118	0.3191	0.1336	0.2332	0.1495	0.1925	0.1131	0.2264
D	0.0461	0.5546	0.4037	9.1514	1.5526	0.6321	0.9142	0.5371	0.4185
E	0.034	1.1045	0.6979	1.5287	1.3357	0.3556	1.8073	0.9166	0.4532
F	1.2848	0.8507	1.0737	0.6887	0.5769	0.197	0.8286	0.6046	0.2364
G	0.0928	0.3361	0.5972	0.2897	0.6933	0.1866	0.5888	0.9621	2.9595
H	0.0565	1.4432	0.7858	0.2537	0.9306	1.0244	1.2488	1.5437	0.8422
I	8.7075	1.5947	2.2462	0.6083	1.2736	3.263	1.2246	1.0119	0.3293
K	0.0468	1.7443	0.9462	0.0602	1.5242	1.2559	0.5004	1.5625	0.2691
L	2.8025	0.8388	0.9202	0.2426	0.6902	1.6153	0.9808	1.0918	0.1742
M	1.498	0.5271	1.333	0.5277	0.9544	0.6902	0.637	0.5453	0.3262
N	0.0555	1.0223	0.8979	0.9896	1.0234	1.3873	2.6853	0.8962	0.8888
P	0.0887	0.0548	1.1284	0.0399	1.1119	0.3505	0.9753	1.2711	0.3627
Q	0.0383	1.2417	0.8793	0.7323	1.0631	0.8085	1.0101	1.0865	2.897
R	0.0451	1.734	0.8779	0.0538	1.1595	1.0247	0.3958	1.4361	0.2309
S	0.0404	0.7046	0.8629	1.0937	0.7063	0.3589	0.8602	0.7431	2.2102
T	0.1519	1.109	0.7902	0.8222	1.1609	1.3379	0.8366	0.862	0.635
V	3.4569	1.94	1.4579	0.613	1.1187	3.0397	1.2697	0.984	0.4172
W	0.3205	0.5062	0.5861	0.1798	0.4741	0.1325	0.5812	0.333	0.071
Y	0.1975	1.153	1.744	0.116	0.9669	0.2477	1.2033	1.0692	0.1724

pepL	alpha	w_s
12	99.5307	0.083	0.1488	0	0.3949	0.3733
13	98.9574	0.0263	0.0764	0.2382	0.4675	0.1916
14	98.3293	0.0043	0.0259	0.161	0	0.4702	0.2976	0.0409
15	98.0138	0.0017	0.0096	0.0839	0.3761	0.4093	0.0998	0.0197
16	98.2233	8e-04	0.0022	0.03	0.2337	0	0.522	0.1562	0.0472	0.0079
17	98.7349	8e-04	0.0019	0.0146	0.1152	0.4294	0.2806	0.114	0.0362	0.0072
18	99.2174	5e-04	0.0013	0.0066	0.0433	0.2908	0	0.3312	0.218	0.0767	0.0267	0.005
19	99.5134	0.001	0.0012	0.0074	0.029	0.145	0.2323	0.2917	0.1843	0.0762	0.0263	0.0055
20	99.6911	0.001	0.0012	0.0048	0.0176	0.0704	0.1449	0	0.2809	0.2453	0.1596	0.0505	0.0192	0.0045
21	99.7886	0.0013	0.002	0.0054	0.0189	0.0569	0.1038	0.1384	0.2552	0.2215	0.1327	0.043	0.0166	0.0041
