Allele	BoLA_DRB3_157_01
Type	Standard
n_specificities	1
npep_u	1
npep_t	5000
spec_ids	1
L_core	9
L_N	0
L_C	0
CS_perL	1
pepL_lower	12
pepL_upper	21
n_diff_aa	20

PWM_norm.1	P1	P2	P3	P4	P5	P6	P7	P8	P9
A	0.0934	0.9786	1.4148	1.3837	0.9195	1.0975	1.585	1.1812	2.8823
C	0.049	0.1182	0.3168	0.2069	0.3576	0.3251	0.337	0.116	0.236
D	0.0361	0.5555	0.3842	6.1866	1.3159	2.2028	0.9153	0.5499	0.4497
E	0.0576	1.1065	0.6135	1.2415	1.1515	0.6516	1.0373	0.9164	0.4846
F	8.2964	0.8442	1.2901	0.7973	0.6318	0.266	0.9794	0.6052	0.2476
G	0.0619	0.3341	0.4771	0.4988	0.6793	0.3736	1.2939	0.9468	2.954
H	0.1244	1.4506	0.9777	0.4869	1.1731	0.9924	1.2051	1.5282	0.883
I	2.7704	1.5874	2.0506	0.7029	1.0915	1.7725	1.1944	1.0162	0.3248
K	0.0618	1.7251	0.976	0.1233	1.533	0.8508	0.8754	1.5537	0.2833
L	1.3527	0.856	0.9521	0.3395	0.6961	0.9186	1.0282	1.0855	0.1751
M	0.9209	0.5286	1.2608	0.4621	0.9255	0.9997	0.9563	0.5538	0.3138
N	0.0713	1.0179	0.8048	1.3108	0.9928	1.9308	1.2392	0.9038	0.9326
P	0.0388	0.0529	1.0836	0.1452	1.0035	0.6556	0.8283	1.2759	0.3804
Q	0.0536	1.1967	1.1656	0.6675	1.1071	0.9475	0.9033	1.0813	2.8359
R	0.0379	1.746	0.9304	0.1255	1.1986	0.4031	0.8786	1.4304	0.2655
S	0.0414	0.7128	0.739	1.4375	0.7623	0.7331	0.7564	0.746	2.1883
T	0.0773	1.1169	0.819	1.365	1.1133	1.4865	0.7626	0.863	0.6405
V	0.9818	1.9381	1.5145	0.921	1.3384	2.2356	0.8859	0.997	0.4338
W	4.5203	0.5113	0.8567	0.2405	0.7443	0.1844	0.7463	0.3334	0.0731
Y	10.5593	1.1473	1.8853	0.3016	0.9979	0.2794	1.2161	1.0766	0.2052

pepL	alpha	w_s
12	99.5307	0.083	0.1488	0	0.3949	0.3734
13	98.9575	0.0263	0.0764	0.2382	0.4675	0.1916
14	98.3294	0.0043	0.0259	0.161	0	0.4702	0.2977	0.0409
15	98.0139	0.0017	0.0096	0.0839	0.376	0.4093	0.0998	0.0197
16	98.2233	8e-04	0.0022	0.03	0.2337	0	0.5219	0.1563	0.0471	0.0079
17	98.735	8e-04	0.0019	0.0146	0.1152	0.4293	0.2806	0.114	0.0363	0.0072
18	99.2174	5e-04	0.0013	0.0066	0.0433	0.2908	0	0.3312	0.218	0.0767	0.0267	0.005
19	99.5133	0.001	0.0012	0.0074	0.029	0.145	0.2323	0.2918	0.1844	0.0762	0.0263	0.0055
20	99.691	0.001	0.0012	0.0048	0.0176	0.0704	0.1449	0	0.2809	0.2454	0.1596	0.0505	0.0192	0.0045
21	99.7886	0.0013	0.002	0.0054	0.0189	0.0569	0.1038	0.1383	0.2554	0.2215	0.1327	0.043	0.0166	0.0041
