Allele	BoLA_DRB3_149_01
Type	Standard
n_specificities	1
npep_u	1
npep_t	5000
spec_ids	1
L_core	9
L_N	0
L_C	0
CS_perL	1
pepL_lower	12
pepL_upper	21
n_diff_aa	20

PWM_norm.1	P1	P2	P3	P4	P5	P6	P7	P8	P9
A	0.1391	0.9786	1.5224	2.3464	0.8216	1.2679	0.9124	0.9162	0.4333
C	0.0583	0.1182	0.2463	0.1683	0.2202	0.1891	0.1631	0.0927	0.1371
D	0.0402	0.5555	0.2322	0.2942	1.0967	1.5841	0.3991	0.6166	0.1648
E	0.0321	1.1065	0.5466	0.1646	1.3748	1.2828	0.6987	0.7327	0.1457
F	0.8712	0.8442	1.3381	2.187	0.5908	0.3565	1.4221	0.2443	0.6707
G	0.0626	0.3341	0.4073	0.5617	0.7476	0.5172	0.7475	0.7801	0.0589
H	0.041	1.4506	0.7173	4.9611	1.264	0.6268	3.467	0.9705	0.0574
I	8.7661	1.5874	2.4065	0.8695	1.0307	1.9942	1.3997	1.5146	4.7458
K	0.0339	1.7251	0.9092	0.8696	1.8738	1.3107	1.6856	1.6041	0.0693
L	2.7494	0.856	0.9653	0.2712	0.632	1.0999	0.9719	1.2326	3.5017
M	1.3964	0.5286	1.4668	0.2516	0.7298	0.935	0.7104	0.7715	0.7819
N	0.0398	1.0179	0.8709	1.2937	1.0173	1.1959	1.6781	1.0745	0.2485
P	0.0759	0.0529	1.2231	0.0878	1.113	0.3902	0.5375	1.7534	0.0443
Q	0.0349	1.1967	1.0822	0.4218	1.2361	1.0165	1.0479	1.138	0.1531
R	0.0305	1.746	0.8533	0.4434	1.1425	0.9675	1.54	1.2046	0.1092
S	0.033	0.7128	0.9	1.6126	0.683	0.69	0.5025	0.4978	0.0803
T	0.1218	1.1169	0.6741	1.4132	1.2418	1.1539	0.7259	0.9604	0.3238
V	3.9808	1.9381	1.429	1.7146	1.1149	1.3028	0.9024	1.2654	4.5109
W	0.1798	0.5113	0.6712	1.1151	0.5612	0.413	0.8397	0.1237	0.0867
Y	0.1653	1.1473	1.7827	0.7106	0.8841	0.392	1.0611	1.0328	0.9837

pepL	alpha	w_s
12	99.5307	0.083	0.1488	0	0.3949	0.3734
13	98.9575	0.0263	0.0764	0.2382	0.4675	0.1916
14	98.3294	0.0043	0.0259	0.161	0	0.4702	0.2977	0.0409
15	98.0139	0.0017	0.0096	0.0839	0.376	0.4093	0.0998	0.0197
16	98.2233	8e-04	0.0022	0.03	0.2337	0	0.5219	0.1563	0.0471	0.0079
17	98.735	8e-04	0.0019	0.0146	0.1152	0.4293	0.2806	0.114	0.0363	0.0072
18	99.2174	5e-04	0.0013	0.0066	0.0433	0.2908	0	0.3312	0.218	0.0767	0.0267	0.005
19	99.5133	0.001	0.0012	0.0074	0.029	0.145	0.2323	0.2918	0.1844	0.0762	0.0263	0.0055
20	99.691	0.001	0.0012	0.0048	0.0176	0.0704	0.1449	0	0.2809	0.2454	0.1596	0.0505	0.0192	0.0045
21	99.7886	0.0013	0.002	0.0054	0.0189	0.0569	0.1038	0.1383	0.2554	0.2215	0.1327	0.043	0.0166	0.0041
