Allele	BoLA_DRB3_042_01
Type	Standard
n_specificities	1
npep_u	1
npep_t	5000
spec_ids	1
L_core	9
L_N	0
L_C	0
CS_perL	1
pepL_lower	12
pepL_upper	21
n_diff_aa	20

PWM_norm.1	P1	P2	P3	P4	P5	P6	P7	P8	P9
A	0.1598	1.0759	1.6064	1.9396	0.8782	1.333	0.8019	1.1812	1.7788
C	0.0686	0.1294	0.1842	0.3042	0.1467	0.1658	0.186	0.116	0.5177
D	0.0465	0.6773	0.2739	0.3183	2.1283	0.5355	0.9057	0.5499	0.3406
E	0.0361	1.0749	0.6463	0.2692	1.7447	0.4999	1.2527	0.9164	0.5198
F	1.2075	0.7488	1.3955	1.4918	0.3807	0.2204	0.9629	0.6052	1.2255
G	0.0913	0.4279	0.5172	0.3073	0.593	0.9114	1.1918	0.9468	1.4312
H	0.0557	2.6421	1.0273	1.87	1.0926	1.6537	1.7621	1.5282	0.7714
I	8.8482	1.2402	2.1104	1.942	0.7153	1.6452	1.2156	1.0162	0.9353
K	0.0511	1.4625	0.9458	0.1477	1.6119	1.5167	1.0174	1.5537	0.8527
L	2.6807	0.6813	0.8213	0.5357	0.2908	0.6378	1.1057	1.0855	0.8137
M	1.5984	0.5336	1.171	0.5257	0.3127	0.4133	0.9361	0.5538	1.2797
N	0.0572	1.5049	0.7754	0.8082	1.1396	1.5073	2.0177	0.9038	0.8266
P	0.0827	0.0576	1.1215	0.1123	1.7844	0.8891	0.399	1.2759	0.2659
Q	0.0401	1.4076	1.0606	0.2428	0.9118	1.0446	1.245	1.0813	1.3142
R	0.0421	1.5747	0.663	0.0816	1.1074	1.1668	0.7772	1.4304	1.4011
S	0.0434	0.8839	0.9522	2.5743	0.8345	0.7823	0.691	0.746	1.1633
T	0.1511	1.2466	0.6026	1.8852	1.1664	1.7189	0.8069	0.863	0.7681
V	3.5484	1.2846	1.3626	2.7657	0.7802	1.8043	1.0072	0.997	1.2363
W	0.3015	0.6518	0.9519	0.3105	0.4858	0.1208	0.638	0.3334	0.3259
Y	0.2197	1.1898	2.6351	0.1594	0.8004	0.2145	1.3907	1.0766	1.9233

pepL	alpha	w_s
12	99.5307	0.083	0.1488	0	0.3949	0.3734
13	98.9575	0.0263	0.0764	0.2382	0.4675	0.1916
14	98.3294	0.0043	0.0259	0.161	0	0.4702	0.2977	0.0409
15	98.0139	0.0017	0.0096	0.0839	0.376	0.4093	0.0998	0.0197
16	98.2233	8e-04	0.0022	0.03	0.2337	0	0.5219	0.1563	0.0471	0.0079
17	98.735	8e-04	0.0019	0.0146	0.1152	0.4293	0.2806	0.114	0.0363	0.0072
18	99.2174	5e-04	0.0013	0.0066	0.0433	0.2908	0	0.3312	0.218	0.0767	0.0267	0.005
19	99.5133	0.001	0.0012	0.0074	0.029	0.145	0.2323	0.2918	0.1844	0.0762	0.0263	0.0055
20	99.691	0.001	0.0012	0.0048	0.0176	0.0704	0.1449	0	0.2809	0.2454	0.1596	0.0505	0.0192	0.0045
21	99.7886	0.0013	0.002	0.0054	0.0189	0.0569	0.1038	0.1383	0.2554	0.2215	0.1327	0.043	0.0166	0.0041
