Allele	BoLA_DRB3_161_01
Type	Standard
n_specificities	1
npep_u	1
npep_t	5000
spec_ids	1
L_core	9
L_N	0
L_C	0
CS_perL	1
pepL_lower	12
pepL_upper	21
n_diff_aa	20

PWM_norm.1	P1	P2	P3	P4	P5	P6	P7	P8	P9
A	0.1514	1.2434	1.493	1.2742	0.634	0.4356	0.8197	1.0644	0.3884
C	0.0752	0.1256	0.3641	0.2269	0.1542	0.1198	0.1115	0.1741	0.1407
D	0.0461	0.7599	0.4489	2.899	1.483	0.6943	0.6392	0.7402	0.4139
E	0.034	1.476	0.6895	1.4646	1.5204	0.6442	1.1761	0.887	0.3022
F	1.2848	0.8604	1.3119	1.6095	0.4421	0.1452	1.2277	0.74	1.964
G	0.0928	0.4364	0.6554	0.3647	0.8051	0.0948	0.3997	0.8153	0.1504
H	0.0565	1.7059	1.0161	1.3586	0.8523	0.2678	1.4418	1.0982	0.2005
I	8.7075	1.1685	2.0277	1.4079	1.2224	4.8708	1.9612	1.2216	5.3801
K	0.0468	1.2765	0.9312	0.1029	1.6898	0.2155	0.4244	1.5537	0.1195
L	2.8025	0.714	0.8146	0.4471	0.692	2.6219	0.6981	1.0214	2.5016
M	1.498	0.599	1.3603	0.6827	0.8642	0.8038	0.5499	0.6684	1.5245
N	0.0555	1.1747	0.8838	1.8528	0.8802	1.0445	1.8597	1.0545	0.3073
P	0.0887	0.0702	1.0303	0.0916	1.0821	0.1651	2.5389	1.269	0.0612
Q	0.0383	1.3505	0.9238	0.9476	1.0029	0.5808	0.7909	0.9768	0.3355
R	0.0451	1.3395	0.7403	0.1035	1.3899	0.2449	0.4177	1.3668	0.1132
S	0.0404	0.8827	0.9069	1.3573	0.6456	0.22	0.5937	0.8432	0.1103
T	0.1519	1.3029	0.6945	1.3881	1.1472	0.8437	1.1903	0.8858	0.3507
V	3.4569	1.3802	1.3509	1.5068	1.2439	3.4467	1.4486	1.0389	3.3032
W	0.3205	0.7307	0.9788	0.5769	0.3638	0.0917	0.6287	0.4268	0.2342
Y	0.1975	1.2606	2.2831	0.3045	0.8059	0.2627	1.1219	1.078	2.1482

pepL	alpha	w_s
12	99.5307	0.083	0.1488	0	0.3949	0.3733
13	98.9574	0.0263	0.0764	0.2382	0.4675	0.1916
14	98.3293	0.0043	0.0259	0.161	0	0.4702	0.2976	0.0409
15	98.0138	0.0017	0.0096	0.0839	0.3761	0.4093	0.0998	0.0197
16	98.2233	8e-04	0.0022	0.03	0.2337	0	0.522	0.1562	0.0472	0.0079
17	98.7349	8e-04	0.0019	0.0146	0.1152	0.4294	0.2806	0.114	0.0362	0.0072
18	99.2174	5e-04	0.0013	0.0066	0.0433	0.2908	0	0.3312	0.218	0.0767	0.0267	0.005
19	99.5134	0.001	0.0012	0.0074	0.029	0.145	0.2323	0.2917	0.1843	0.0762	0.0263	0.0055
20	99.6911	0.001	0.0012	0.0048	0.0176	0.0704	0.1449	0	0.2809	0.2453	0.1596	0.0505	0.0192	0.0045
21	99.7886	0.0013	0.002	0.0054	0.0189	0.0569	0.1038	0.1384	0.2552	0.2215	0.1327	0.043	0.0166	0.0041
