Allele	BoLA_DRB3_047_01
Type	Standard
n_specificities	1
npep_u	1
npep_t	5000
spec_ids	1
L_core	9
L_N	0
L_C	0
CS_perL	1
pepL_lower	12
pepL_upper	21
n_diff_aa	20

PWM_norm.1	P1	P2	P3	P4	P5	P6	P7	P8	P9
A	0.1598	0.9786	1.3422	0.4974	0.9125	0.3792	1.1452	0.988	0.6685
C	0.0686	0.1182	0.3683	0.1457	0.1859	0.1403	0.0914	0.0887	0.2192
D	0.0465	0.5555	0.3956	0.2654	1.1194	7.6604	0.5453	0.6084	5.0724
E	0.0361	1.1065	0.6612	0.8924	0.9957	0.6664	0.6767	1.0961	3.1713
F	1.2075	0.8442	1.252	0.9976	0.5158	0.0891	0.6776	0.5982	0.5434
G	0.0913	0.3341	0.4953	0.067	0.879	0.216	2.2709	0.7079	0.8593
H	0.0557	1.4506	0.7492	0.088	0.9452	0.7186	1.2128	1.0988	0.5418
I	8.8482	1.5874	2.2618	2.542	0.8066	0.611	1.8651	1.2147	0.8704
K	0.0511	1.7251	1.0314	0.0421	1.7754	0.183	0.7728	1.572	0.2927
L	2.6807	0.856	0.9544	5.2953	0.3781	0.2926	1.6801	1.3329	0.7808
M	1.5984	0.5286	1.2184	3.3823	0.5444	0.3269	1.4316	0.8079	0.7897
N	0.0572	1.0179	0.6998	0.1418	1.2658	4.6478	1.3578	0.8244	0.675
P	0.0827	0.0529	1.012	0.0157	1.667	0.1926	0.744	1.2362	0.168
Q	0.0401	1.1967	0.7209	0.7782	0.9508	0.493	0.9438	1.2449	0.3717
R	0.0421	1.746	0.7354	0.0311	1.3606	0.1448	0.7575	1.1846	0.2989
S	0.0434	0.7128	0.9833	0.2169	1.2618	1.0401	0.4538	0.6369	0.5153
T	0.1511	1.1169	0.7518	0.2479	1.3426	1.6526	0.5623	0.8109	0.6689
V	3.5484	1.9381	1.6228	0.8138	0.7061	0.8627	0.6845	1.1319	1.0669
W	0.3015	0.5113	0.7128	0.1207	0.4882	0.0543	0.3337	0.3553	0.2571
Y	0.2197	1.1473	2.3975	0.3122	0.7391	0.0987	0.7672	1.0973	0.7897

pepL	alpha	w_s
12	99.5307	0.083	0.1488	0	0.3949	0.3734
13	98.9575	0.0263	0.0764	0.2382	0.4675	0.1916
14	98.3294	0.0043	0.0259	0.161	0	0.4702	0.2977	0.0409
15	98.0139	0.0017	0.0096	0.0839	0.376	0.4093	0.0998	0.0197
16	98.2233	8e-04	0.0022	0.03	0.2337	0	0.5219	0.1563	0.0471	0.0079
17	98.735	8e-04	0.0019	0.0146	0.1152	0.4293	0.2806	0.114	0.0363	0.0072
18	99.2174	5e-04	0.0013	0.0066	0.0433	0.2908	0	0.3312	0.218	0.0767	0.0267	0.005
19	99.5133	0.001	0.0012	0.0074	0.029	0.145	0.2323	0.2918	0.1844	0.0762	0.0263	0.0055
20	99.691	0.001	0.0012	0.0048	0.0176	0.0704	0.1449	0	0.2809	0.2454	0.1596	0.0505	0.0192	0.0045
21	99.7886	0.0013	0.002	0.0054	0.0189	0.0569	0.1038	0.1383	0.2554	0.2215	0.1327	0.043	0.0166	0.0041
