Allele	BoLA_DRB3_030_01
Type	Standard
n_specificities	1
npep_u	1
npep_t	5000
spec_ids	1
L_core	9
L_N	0
L_C	0
CS_perL	1
pepL_lower	12
pepL_upper	21
n_diff_aa	20

PWM_norm.1	P1	P2	P3	P4	P5	P6	P7	P8	P9
A	0.1054	1.2766	1.5907	0.7536	0.7736	0.7067	0.6576	1.1822	0.2435
C	0.0579	0.178	0.2804	0.1143	0.1866	0.1089	0.1038	0.1192	0.0619
D	0.0506	0.8108	0.5111	0.1922	0.5797	0.6096	0.3363	0.5527	0.0793
E	0.0684	0.5639	0.795	0.2954	0.7598	0.3433	0.5679	0.8641	0.1486
F	7.6818	0.1603	1.0454	3.2568	0.5445	0.2237	1.2672	0.6219	0.8766
G	0.0673	0.3004	0.7087	0.2521	1.0105	0.2559	0.495	0.9713	0.2112
H	0.1518	2.1567	0.8247	5.2644	1.4824	1.0913	3.5053	1.4536	0.1822
I	3.1576	0.6232	2.3246	1.1171	0.7869	1.4459	1.0404	1.0428	0.3715
K	0.0763	2.0405	0.8812	1.8704	2.5549	4.8724	2.2407	1.5318	9.133
L	1.792	0.5035	0.9193	0.8565	0.5311	0.8595	1.4805	1.0455	0.3954
M	1.0394	0.7669	1.1058	1.341	0.839	0.518	0.613	0.5741	0.688
N	0.0876	2.2622	0.8488	0.7791	1.4526	0.5486	1.5186	0.9364	0.1626
P	0.05	0.0888	1.0026	0.054	1.3502	0.3899	0.5186	1.3408	0.048
Q	0.0682	1.207	0.8584	0.9186	1.2937	0.5852	1.2551	1.0572	0.1888
R	0.0427	3.0615	0.7923	1.1951	1.2127	2.9376	1.6507	1.4183	3.9924
S	0.0469	0.7466	0.7845	0.2688	0.7939	0.3272	0.3238	0.7684	0.1418
T	0.0845	1.0829	0.8781	0.4742	1.2332	0.8744	0.4138	0.875	0.1261
V	1.1048	1.0038	1.4068	0.8463	0.8199	1.3251	0.704	1.0051	0.4141
W	3.8698	0.138	0.5362	4.8404	0.8825	0.2206	1.0319	0.3399	0.6624
Y	8.7313	1.3063	1.7551	2.879	0.832	0.2326	1.8441	1.0876	0.9797

pepL	alpha	w_s
12	99.5307	0.083	0.1488	0	0.3949	0.3734
13	98.9575	0.0263	0.0764	0.2382	0.4675	0.1916
14	98.3294	0.0043	0.0259	0.161	0	0.4702	0.2977	0.0409
15	98.0139	0.0017	0.0096	0.0839	0.376	0.4093	0.0998	0.0197
16	98.2233	8e-04	0.0022	0.03	0.2337	0	0.5219	0.1563	0.0471	0.0079
17	98.735	8e-04	0.0019	0.0146	0.1152	0.4293	0.2806	0.114	0.0363	0.0072
18	99.2174	5e-04	0.0013	0.0066	0.0433	0.2908	0	0.3312	0.218	0.0767	0.0267	0.005
19	99.5133	0.001	0.0012	0.0074	0.029	0.145	0.2323	0.2918	0.1844	0.0762	0.0263	0.0055
20	99.691	0.001	0.0012	0.0048	0.0176	0.0704	0.1449	0	0.2809	0.2454	0.1596	0.0505	0.0192	0.0045
21	99.7886	0.0013	0.002	0.0054	0.0189	0.0569	0.1038	0.1383	0.2554	0.2215	0.1327	0.043	0.0166	0.0041
