Allele	BoLA_DRB3_022_07
Type	Standard
n_specificities	1
npep_u	1
npep_t	5000
spec_ids	1
L_core	9
L_N	0
L_C	0
CS_perL	1
pepL_lower	12
pepL_upper	21
n_diff_aa	20

PWM_norm.1	P1	P2	P3	P4	P5	P6	P7	P8	P9
A	0.0896	1.3819	1.352	0.5007	0.6051	0.4287	0.6649	0.9459	0.5434
C	0.0511	0.0859	0.2941	0.1771	0.2009	0.1416	0.1419	0.0825	0.1961
D	0.0347	0.6727	0.4106	0.3707	1.8857	0.9085	0.9123	0.5644	1.6403
E	0.0549	1.7044	0.7465	1.6211	1.6506	0.7771	1.5665	0.8411	1.1076
F	8.5177	0.8393	1.4535	2.4134	0.4	0.163	1.5451	0.3369	0.3868
G	0.0609	0.4529	0.5135	0.1334	0.6227	0.1166	0.4244	0.7195	0.1909
H	0.1257	1.6694	1.2532	1.2362	0.7713	0.1463	1.501	0.9163	0.2775
I	2.7942	0.9773	1.8984	3.4744	1.3022	4.4214	1.7502	1.4819	3.202
K	0.0562	1.1873	0.9766	0.0777	1.4281	0.0909	0.5189	1.6339	0.2306
L	1.3764	0.683	0.8884	2.8963	0.6441	2.6446	1.0661	1.3532	3.0851
M	0.9048	0.4878	1.1773	2.1448	0.9883	1.1092	0.8222	0.8402	0.7017
N	0.0706	1.3314	0.7327	0.2787	0.934	0.8807	1.9229	0.9502	0.5967
P	0.0383	0.0706	1.1004	0.0747	0.9788	0.2195	1.5004	1.5705	0.0734
Q	0.0511	1.3149	1.0531	0.8468	1.045	0.5291	1.0809	1.1619	0.3539
R	0.0397	1.2296	0.7195	0.0644	1.4053	0.0971	0.4818	1.1153	0.2341
S	0.0409	0.9684	0.7257	0.388	0.6491	0.2492	0.4986	0.5702	0.1578
T	0.0763	1.4653	0.6503	0.4708	1.1331	0.7882	0.7345	0.9261	0.416
V	0.9921	1.1942	1.5672	1.3533	1.2718	3.6403	1.1839	1.2344	3.0406
W	4.4804	0.4664	1.1659	0.3986	0.3105	0.1076	0.791	0.1597	0.0876
Y	10.1766	1.2296	2.482	0.3659	0.8963	0.3002	1.4458	0.9709	0.7021

pepL	alpha	w_s
12	99.5307	0.083	0.1488	0	0.3949	0.3733
13	98.9574	0.0263	0.0764	0.2382	0.4675	0.1916
14	98.3293	0.0043	0.0259	0.161	0	0.4702	0.2976	0.0409
15	98.0138	0.0017	0.0096	0.0839	0.3761	0.4093	0.0998	0.0197
16	98.2233	8e-04	0.0022	0.03	0.2337	0	0.522	0.1562	0.0472	0.0079
17	98.7349	8e-04	0.0019	0.0146	0.1152	0.4294	0.2806	0.114	0.0362	0.0072
18	99.2174	5e-04	0.0013	0.0066	0.0433	0.2908	0	0.3312	0.218	0.0767	0.0267	0.005
19	99.5134	0.001	0.0012	0.0074	0.029	0.145	0.2323	0.2917	0.1843	0.0762	0.0263	0.0055
20	99.6911	0.001	0.0012	0.0048	0.0176	0.0704	0.1449	0	0.2809	0.2453	0.1596	0.0505	0.0192	0.0045
21	99.7886	0.0013	0.002	0.0054	0.0189	0.0569	0.1038	0.1384	0.2552	0.2215	0.1327	0.043	0.0166	0.0041
