Allele	BoLA_DRB3_025_01
Type	Standard
n_specificities	1
npep_u	1
npep_t	5000
spec_ids	1
L_core	9
L_N	0
L_C	0
CS_perL	1
pepL_lower	12
pepL_upper	21
n_diff_aa	20

PWM_norm.1	P1	P2	P3	P4	P5	P6	P7	P8	P9
A	0.1054	1.2766	1.448	1.6829	0.787	0.472	1.0095	1.0191	0.5825
C	0.0579	0.178	0.2674	0.1496	0.2608	0.0424	0.1839	0.1158	0.1803
D	0.0506	0.8108	0.409	0.5241	0.6948	0.3344	0.454	0.648	0.285
E	0.0684	0.5639	0.6693	0.2817	0.8564	0.23	0.6154	0.9078	0.3629
F	7.6818	0.1603	1.0879	1.9898	0.5744	0.1054	1.1085	0.4761	1.8736
G	0.0673	0.3004	0.5305	0.4753	0.9661	0.1241	0.7101	0.8637	0.1481
H	0.1518	2.1567	0.7946	3.7258	1.5469	0.6717	3.1482	1.2205	0.1685
I	3.1576	0.6232	2.3718	0.9845	0.8498	1.131	1.1682	1.1721	4.5942
K	0.0763	2.0405	1.1947	2.2045	2.247	7.2571	1.8208	1.5069	0.0816
L	1.792	0.5035	0.8803	0.6	0.6235	0.7403	1.2154	1.1727	2.7746
M	1.0394	0.7669	1.3568	0.7615	0.9395	0.2807	0.7875	0.6642	1.5472
N	0.0876	2.2622	0.7024	0.8528	1.3885	0.2573	1.4461	0.9651	0.2323
P	0.05	0.0888	1.2009	0.0754	1.3225	0.2394	0.5785	1.4476	0.0867
Q	0.0682	1.207	0.7427	0.532	1.3027	0.3842	1.163	1.1193	0.3435
R	0.0427	3.0615	0.976	1.5479	1.1145	3.507	1.607	1.3457	0.1375
S	0.0469	0.7466	1.0313	0.6183	0.7231	0.1709	0.4454	0.6698	0.1873
T	0.0845	1.0829	0.872	1.042	1.242	0.6242	0.4916	0.8572	0.4819
V	1.1048	1.0038	1.213	1.3374	0.8449	1.0769	0.7874	1.1054	3.2892
W	3.8698	0.138	0.493	1.774	0.9005	0.082	1.1985	0.279	0.3308
Y	8.7313	1.3063	1.4839	1.2192	0.8998	0.108	1.4889	1.106	1.6162

pepL	alpha	w_s
12	99.5307	0.083	0.1488	0	0.3949	0.3734
13	98.9575	0.0263	0.0764	0.2382	0.4675	0.1916
14	98.3294	0.0043	0.0259	0.161	0	0.4702	0.2977	0.0409
15	98.0139	0.0017	0.0096	0.0839	0.376	0.4093	0.0998	0.0197
16	98.2233	8e-04	0.0022	0.03	0.2337	0	0.5219	0.1563	0.0471	0.0079
17	98.735	8e-04	0.0019	0.0146	0.1152	0.4293	0.2806	0.114	0.0363	0.0072
18	99.2174	5e-04	0.0013	0.0066	0.0433	0.2908	0	0.3312	0.218	0.0767	0.0267	0.005
19	99.5133	0.001	0.0012	0.0074	0.029	0.145	0.2323	0.2918	0.1844	0.0762	0.0263	0.0055
20	99.691	0.001	0.0012	0.0048	0.0176	0.0704	0.1449	0	0.2809	0.2454	0.1596	0.0505	0.0192	0.0045
21	99.7886	0.0013	0.002	0.0054	0.0189	0.0569	0.1038	0.1383	0.2554	0.2215	0.1327	0.043	0.0166	0.0041
