Allele	BoLA_DRB3_086_04
Type	Standard
n_specificities	1
npep_u	1
npep_t	5000
spec_ids	1
L_core	9
L_N	0
L_C	0
CS_perL	1
pepL_lower	12
pepL_upper	21
n_diff_aa	20

PWM_norm.1	P1	P2	P3	P4	P5	P6	P7	P8	P9
A	0.0896	0.971	1.4873	1.8936	1.0119	1.2777	1.6758	1.1386	2.2897
C	0.0511	0.118	0.2662	0.3276	0.2035	0.5083	0.2761	0.1111	0.5813
D	0.0347	0.5546	0.2723	2.394	1.1021	2.6254	0.6369	0.5239	0.1957
E	0.0549	1.1045	0.5619	1.1908	0.9102	0.7362	0.5822	0.7809	0.301
F	8.5177	0.8507	0.9813	0.8179	0.552	0.274	1.403	0.4269	0.5732
G	0.0609	0.3361	0.604	0.509	0.6781	0.7143	1.454	0.9269	0.7875
H	0.1257	1.4432	0.8744	0.8229	1.1094	0.6681	1.9194	1.2675	0.3995
I	2.7942	1.5947	1.9343	1.1508	1.121	1.3166	1.0595	1.2269	2.3366
K	0.0562	1.7443	0.9064	0.1791	1.8627	0.242	1.0166	1.583	0.2676
L	1.3764	0.8388	0.9501	0.4749	0.8064	0.6604	1.1698	1.0731	1.8837
M	0.9048	0.5271	1.1781	0.8507	0.842	0.5916	1	0.6623	0.8435
N	0.0706	1.0223	0.8525	1.3871	1.0529	3.0418	0.9227	1.001	0.6935
P	0.0383	0.0548	1.0399	0.1588	0.896	0.5118	0.555	1.511	0.1894
Q	0.0511	1.2417	1.1289	0.8671	0.9913	0.8661	0.7087	1.0428	0.7013
R	0.0397	1.734	1.3077	0.1328	1.3583	0.221	1.3725	1.3415	0.6217
S	0.0409	0.7046	0.8825	1.8036	0.7528	1.2989	0.6356	0.6948	0.6952
T	0.0763	1.109	0.8197	1.6534	1.0908	1.615	0.7339	0.9725	0.8973
V	0.9921	1.94	1.4647	1.4869	1.4509	1.5613	0.7544	1.0962	2.7936
W	4.4804	0.5062	0.7938	0.3025	0.4707	0.187	1.3333	0.2239	0.0998
Y	10.1766	1.153	1.6865	0.2768	0.9861	0.3331	1.323	1.0252	0.4837

pepL	alpha	w_s
12	99.5307	0.083	0.1488	0	0.3949	0.3733
13	98.9574	0.0263	0.0764	0.2382	0.4675	0.1916
14	98.3293	0.0043	0.0259	0.161	0	0.4702	0.2976	0.0409
15	98.0138	0.0017	0.0096	0.0839	0.3761	0.4093	0.0998	0.0197
16	98.2233	8e-04	0.0022	0.03	0.2337	0	0.522	0.1562	0.0472	0.0079
17	98.7349	8e-04	0.0019	0.0146	0.1152	0.4294	0.2806	0.114	0.0362	0.0072
18	99.2174	5e-04	0.0013	0.0066	0.0433	0.2908	0	0.3312	0.218	0.0767	0.0267	0.005
19	99.5134	0.001	0.0012	0.0074	0.029	0.145	0.2323	0.2917	0.1843	0.0762	0.0263	0.0055
20	99.6911	0.001	0.0012	0.0048	0.0176	0.0704	0.1449	0	0.2809	0.2453	0.1596	0.0505	0.0192	0.0045
21	99.7886	0.0013	0.002	0.0054	0.0189	0.0569	0.1038	0.1384	0.2552	0.2215	0.1327	0.043	0.0166	0.0041
