Allele	BoLA_DRB3_077_01
Type	Standard
n_specificities	1
npep_u	1
npep_t	5000
spec_ids	1
L_core	9
L_N	0
L_C	0
CS_perL	1
pepL_lower	12
pepL_upper	21
n_diff_aa	20

PWM_norm.1	P1	P2	P3	P4	P5	P6	P7	P8	P9
A	0.1598	0.9786	1.5907	1.0915	1.0343	2.3934	1.2923	1.0347	1.0276
C	0.0686	0.1182	0.2804	0.6183	0.2076	0.2814	0.2579	0.108	0.2417
D	0.0465	0.5555	0.5111	0.3603	1.168	0.2725	0.5066	0.6454	2.2302
E	0.0361	1.1065	0.795	1.0622	1.1567	0.3178	0.9634	1.0308	2.2961
F	1.2075	0.8442	1.0454	1.1027	0.5359	0.2018	0.8687	0.5338	1.1413
G	0.0913	0.3341	0.7087	0.3003	0.6914	1.6281	1.0707	0.8564	0.8658
H	0.0557	1.4506	0.8247	0.3546	1.4251	0.4158	1.7152	1.291	0.4712
I	8.8482	1.5874	2.3246	2.742	0.8261	1.8688	1.3453	1.0806	1.763
K	0.0511	1.7251	0.8812	0.3138	1.6017	0.2527	1.1544	1.4956	0.2735
L	2.6807	0.856	0.9193	2.1352	0.4863	0.684	1.0638	1.1933	1.2561
M	1.5984	0.5286	1.1058	2.9271	0.5713	0.3832	1.0367	0.6292	1.3841
N	0.0572	1.0179	0.8488	1.5688	1.2595	1.2965	1.6371	0.8818	0.4231
P	0.0827	0.0529	1.0026	0.1179	1.4475	2.2508	0.7036	1.3334	0.1849
Q	0.0401	1.1967	0.8584	1.1855	1.2788	0.4546	1.3662	1.1305	0.5529
R	0.0421	1.746	0.7923	0.1952	1.0988	0.2552	0.9936	1.3811	0.4339
S	0.0434	0.7128	0.7845	0.6324	1.0686	0.7262	0.5811	0.6731	0.4888
T	0.1511	1.1169	0.8781	0.6638	1.1457	1.1929	0.7469	0.8198	0.8003
V	3.5484	1.9381	1.4068	1.5256	0.9565	2.3541	1.035	1.0684	1.5535
W	0.3015	0.5113	0.5362	0.7879	0.4661	0.0474	0.9339	0.3364	0.4499
Y	0.2197	1.1473	1.7551	0.5794	0.7198	0.1219	0.9716	1.1546	1.2794

pepL	alpha	w_s
12	99.5307	0.083	0.1488	0	0.3949	0.3734
13	98.9575	0.0263	0.0764	0.2382	0.4675	0.1916
14	98.3294	0.0043	0.0259	0.161	0	0.4702	0.2977	0.0409
15	98.0139	0.0017	0.0096	0.0839	0.376	0.4093	0.0998	0.0197
16	98.2233	8e-04	0.0022	0.03	0.2337	0	0.5219	0.1563	0.0471	0.0079
17	98.735	8e-04	0.0019	0.0146	0.1152	0.4293	0.2806	0.114	0.0363	0.0072
18	99.2174	5e-04	0.0013	0.0066	0.0433	0.2908	0	0.3312	0.218	0.0767	0.0267	0.005
19	99.5133	0.001	0.0012	0.0074	0.029	0.145	0.2323	0.2918	0.1844	0.0762	0.0263	0.0055
20	99.691	0.001	0.0012	0.0048	0.0176	0.0704	0.1449	0	0.2809	0.2454	0.1596	0.0505	0.0192	0.0045
21	99.7886	0.0013	0.002	0.0054	0.0189	0.0569	0.1038	0.1383	0.2554	0.2215	0.1327	0.043	0.0166	0.0041
