Allele	BoLA_DRB3_060_01
Type	Standard
n_specificities	1
npep_u	1
npep_t	5000
spec_ids	1
L_core	9
L_N	0
L_C	0
CS_perL	1
pepL_lower	12
pepL_upper	21
n_diff_aa	20

PWM_norm.1	P1	P2	P3	P4	P5	P6	P7	P8	P9
A	0.1861	0.971	1.4806	1.4952	1.0426	1.2777	1.2957	1.0392	1.2262
C	0.1294	0.118	0.2742	0.319	0.3728	0.5083	0.3724	0.1645	0.2632
D	0.077	0.5546	0.2794	2.6886	1.3463	2.6254	1.0902	0.7135	2.0245
E	0.0716	1.1045	0.5674	1.2366	0.9767	0.7362	0.9712	1.0608	1.4585
F	4.0305	0.8507	0.998	1.2122	0.6631	0.274	1.2435	0.7935	1.2479
G	0.1441	0.3361	0.5948	0.4401	0.6931	0.7143	1.0279	0.7587	1.2335
H	0.1447	1.4432	0.8733	0.5574	1.0211	0.6681	1.4662	1.1472	1.0522
I	6.2547	1.5947	1.96	1.4315	1.1047	1.3166	1.2522	1.1728	1.6293
K	0.1044	1.7443	0.938	0.1143	1.5047	0.242	0.8431	1.5028	0.2717
L	2.4527	0.8388	0.9653	0.5086	0.7197	0.6604	0.9364	1.0603	0.7323
M	1.6699	0.5271	1.2234	1.0246	0.953	0.5916	0.8524	0.7805	1.143
N	0.123	1.0223	0.8367	1.5799	1.21	3.0418	1.4221	0.9698	0.9473
P	0.1204	0.0548	1.0106	0.1471	1.1083	0.5118	0.9368	1.1732	0.3519
Q	0.0786	1.2417	1.1297	0.9923	1.0003	0.8661	1.0374	1.1018	1.9546
R	0.0837	1.734	1.2968	0.1108	1.1268	0.221	0.9014	1.297	0.2937
S	0.0741	0.7046	0.8956	1.6256	0.7565	1.2989	0.6709	0.7321	0.7868
T	0.1971	1.109	0.7883	1.4449	1.145	1.615	0.8863	0.8726	0.6677
V	2.5657	1.94	1.425	1.5104	1.2161	1.5613	0.9108	1.0479	1.1635
W	1.7647	0.5062	0.7823	0.5156	0.6785	0.187	1.2098	0.5115	0.4814
Y	1.9212	1.153	1.6978	0.4036	1.1506	0.3331	1.1998	1.2902	0.9914

pepL	alpha	w_s
12	99.5307	0.083	0.1488	0	0.3949	0.3733
13	98.9574	0.0263	0.0764	0.2382	0.4675	0.1916
14	98.3293	0.0043	0.0259	0.161	0	0.4702	0.2976	0.0409
15	98.0138	0.0017	0.0096	0.0839	0.3761	0.4093	0.0998	0.0197
16	98.2233	8e-04	0.0022	0.03	0.2337	0	0.522	0.1562	0.0472	0.0079
17	98.7349	8e-04	0.0019	0.0146	0.1152	0.4294	0.2806	0.114	0.0362	0.0072
18	99.2174	5e-04	0.0013	0.0066	0.0433	0.2908	0	0.3312	0.218	0.0767	0.0267	0.005
19	99.5134	0.001	0.0012	0.0074	0.029	0.145	0.2323	0.2917	0.1843	0.0762	0.0263	0.0055
20	99.6911	0.001	0.0012	0.0048	0.0176	0.0704	0.1449	0	0.2809	0.2453	0.1596	0.0505	0.0192	0.0045
21	99.7886	0.0013	0.002	0.0054	0.0189	0.0569	0.1038	0.1384	0.2552	0.2215	0.1327	0.043	0.0166	0.0041
