Allele	BoLA_DRB3_140_01
Type	Standard
n_specificities	1
npep_u	1
npep_t	5000
spec_ids	1
L_core	9
L_N	0
L_C	0
CS_perL	1
pepL_lower	12
pepL_upper	21
n_diff_aa	20

PWM_norm.1	P1	P2	P3	P4	P5	P6	P7	P8	P9
A	0.1514	1.141	1.556	1.541	0.8972	1.0625	1.3026	1.1386	1.0899
C	0.0752	0.1105	0.1697	0.222	0.2096	0.2236	0.2115	0.1111	0.3933
D	0.0461	0.6214	0.1858	4.4859	0.7532	2.2475	0.56	0.5239	0.2002
E	0.034	1.3053	0.4944	1.1392	1.1626	2.7588	0.8928	0.7809	0.176
F	1.2848	0.8386	0.9607	0.7852	0.489	0.1542	1.4259	0.4269	0.4411
G	0.0928	0.3801	0.4902	0.3567	0.9577	0.3415	0.6448	0.9269	0.2049
H	0.0565	1.2682	0.7737	0.7923	1.1473	0.2395	1.6939	1.2675	0.2416
I	8.7075	1.4428	1.9969	1.0492	0.7144	1.9855	1.4724	1.2269	2.9233
K	0.0468	1.5271	0.899	0.1161	1.8453	0.0915	0.9398	1.583	0.2329
L	2.8025	0.8386	1.0285	0.9421	0.5814	1.1202	1.158	1.0731	2.9367
M	1.498	0.5176	1.0723	0.9169	0.5499	0.5618	0.6631	0.6623	0.7247
N	0.0555	0.9972	0.7599	1.2642	1.2358	2.0741	1.4688	1.001	0.8067
P	0.0887	0.0589	1.1397	0.0839	1.4321	0.2884	1.0329	1.511	0.0705
Q	0.0383	1.1941	1.1977	0.8539	1.0635	0.7471	1.0368	1.0428	0.3396
R	0.0451	1.5462	1.4348	0.0843	1.292	0.1033	1.091	1.3415	0.3681
S	0.0404	0.7466	0.8889	1.3963	0.9119	0.6449	0.6419	0.6948	0.3086
T	0.1519	1.2313	0.7372	1.1356	1.2391	1.0693	0.896	0.9725	0.6494
V	3.4569	1.8546	1.5326	1.1411	1.1211	1.8535	1.0671	1.0962	4.2428
W	0.3205	0.4914	0.5849	0.1848	0.6204	0.0907	0.8409	0.2239	0.0632
Y	0.1975	1.1833	1.6263	0.2458	0.7206	0.2494	0.9187	1.0252	0.9691

pepL	alpha	w_s
12	99.5307	0.083	0.1488	0	0.3949	0.3733
13	98.9574	0.0263	0.0764	0.2382	0.4675	0.1916
14	98.3293	0.0043	0.0259	0.161	0	0.4702	0.2976	0.0409
15	98.0138	0.0017	0.0096	0.0839	0.3761	0.4093	0.0998	0.0197
16	98.2233	8e-04	0.0022	0.03	0.2337	0	0.522	0.1562	0.0472	0.0079
17	98.7349	8e-04	0.0019	0.0146	0.1152	0.4294	0.2806	0.114	0.0362	0.0072
18	99.2174	5e-04	0.0013	0.0066	0.0433	0.2908	0	0.3312	0.218	0.0767	0.0267	0.005
19	99.5134	0.001	0.0012	0.0074	0.029	0.145	0.2323	0.2917	0.1843	0.0762	0.0263	0.0055
20	99.6911	0.001	0.0012	0.0048	0.0176	0.0704	0.1449	0	0.2809	0.2453	0.1596	0.0505	0.0192	0.0045
21	99.7886	0.0013	0.002	0.0054	0.0189	0.0569	0.1038	0.1384	0.2552	0.2215	0.1327	0.043	0.0166	0.0041
