Allele	BoLA_DRB3_104_01
Type	Standard
n_specificities	1
npep_u	1
npep_t	5000
spec_ids	1
L_core	9
L_N	0
L_C	0
CS_perL	1
pepL_lower	12
pepL_upper	21
n_diff_aa	20

PWM_norm.1	P1	P2	P3	P4	P5	P6	P7	P8	P9
A	0.1067	1.1607	1.6705	2.5231	1.0007	0.8053	1.0996	1.0939	1.2562
C	0.0519	0.1118	0.1899	0.2667	0.1303	0.2048	0.3861	0.1081	0.4392
D	0.0398	0.6338	0.2649	1.6405	1.0173	1.74	0.7752	0.5678	0.1017
E	0.0664	1.3684	0.5765	0.6801	0.977	0.609	1.1766	0.7548	0.1199
F	7.7048	0.8526	1.1071	0.4078	0.5872	0.8626	0.9867	0.3915	0.7951
G	0.0614	0.3848	0.7378	0.5131	0.5674	0.2865	0.8332	0.9039	0.3037
H	0.1158	1.2561	0.9548	0.5376	1.2232	1.0961	1.3961	1.1699	0.1983
I	2.9156	1.3421	1.5659	1.1177	1.244	1.7246	1.0934	1.2447	2.9523
K	0.0495	1.482	0.8704	0.1642	2.01	1.7873	0.9419	1.6311	0.1013
L	1.5115	0.8135	0.7354	0.3958	0.8929	1.2559	1.3727	1.0727	2.638
M	0.995	0.5171	1.3557	0.4135	0.7152	1.1907	0.9834	0.6405	0.8473
N	0.0597	0.99	0.738	1.2168	1.0189	1.381	1.7213	1.0421	0.6297
P	0.0478	0.0632	1.0352	0.1582	0.6522	0.3167	0.7209	1.5552	0.1069
Q	0.0612	1.1825	1.1893	0.3744	1.2338	1.011	1.0384	1.0564	0.423
R	0.0353	1.5489	1.2041	0.129	1.3219	0.8808	0.8074	1.3639	0.1786
S	0.0437	0.7706	1.2052	1.836	0.636	0.5621	0.7482	0.6613	0.5263
T	0.0877	1.2343	0.7538	2.9597	1.1659	1.168	0.7841	0.9828	0.8004
V	1.2306	1.8888	1.217	2.0488	1.4387	1.6466	1.0289	1.1159	4.1048
W	3.9897	0.4506	1.0487	0.1196	0.2875	0.6514	0.9253	0.1923	0.0789
Y	10.0619	1.1478	1.8379	0.1561	1.0185	0.7941	1.0581	1.0418	1.1131

pepL	alpha	w_s
12	99.5307	0.083	0.1488	0	0.3949	0.3734
13	98.9575	0.0263	0.0764	0.2382	0.4675	0.1916
14	98.3294	0.0043	0.0259	0.161	0	0.4702	0.2977	0.0409
15	98.0139	0.0017	0.0096	0.0839	0.376	0.4093	0.0998	0.0197
16	98.2233	8e-04	0.0022	0.03	0.2337	0	0.5219	0.1563	0.0471	0.0079
17	98.735	8e-04	0.0019	0.0146	0.1152	0.4293	0.2806	0.114	0.0363	0.0072
18	99.2174	5e-04	0.0013	0.0066	0.0433	0.2908	0	0.3312	0.218	0.0767	0.0267	0.005
19	99.5133	0.001	0.0012	0.0074	0.029	0.145	0.2323	0.2918	0.1844	0.0762	0.0263	0.0055
20	99.691	0.001	0.0012	0.0048	0.0176	0.0704	0.1449	0	0.2809	0.2454	0.1596	0.0505	0.0192	0.0045
21	99.7886	0.0013	0.002	0.0054	0.0189	0.0569	0.1038	0.1383	0.2554	0.2215	0.1327	0.043	0.0166	0.0041
