Allele	BoLA_DRB3_032_01
Type	Standard
n_specificities	1
npep_u	1
npep_t	5000
spec_ids	1
L_core	9
L_N	0
L_C	0
CS_perL	1
pepL_lower	12
pepL_upper	21
n_diff_aa	20

PWM_norm.1	P1	P2	P3	P4	P5	P6	P7	P8	P9
A	0.0934	0.9786	1.6705	3.0831	1.3093	3.1397	0.737	1.1812	2.8823
C	0.049	0.1182	0.1899	0.1508	0.2124	0.6251	0.2578	0.116	0.236
D	0.0361	0.5555	0.2649	0.1044	1.0086	1.1078	0.9627	0.5499	0.4497
E	0.0576	1.1065	0.5765	0.1004	0.982	0.6451	0.834	0.9164	0.4846
F	8.2964	0.8442	1.1071	1.227	0.7037	0.3412	1.5768	0.6052	0.2476
G	0.0619	0.3341	0.7378	0.5315	0.5232	1.8343	0.5837	0.9468	2.954
H	0.1244	1.4506	0.9548	1.0458	0.8764	0.2208	2.5074	1.5282	0.883
I	2.7704	1.5874	1.5659	1.6155	1.6247	0.9937	1.0041	1.0162	0.3248
K	0.0618	1.7251	0.8704	0.9398	1.4943	0.1614	1.4496	1.5537	0.2833
L	1.3527	0.856	0.7354	0.8857	0.8384	0.5606	1.0595	1.0855	0.1751
M	0.9209	0.5286	1.3557	0.6541	1.0894	0.471	0.8433	0.5538	0.3138
N	0.0713	1.0179	0.738	0.4832	1.0506	1.4469	1.6133	0.9038	0.9326
P	0.0388	0.0529	1.0352	0.0755	0.8928	0.9229	0.6803	1.2759	0.3804
Q	0.0536	1.1967	1.1893	0.261	1.214	0.6316	1.5062	1.0813	2.8359
R	0.0379	1.746	1.2041	0.8767	0.8682	0.1111	1.4803	1.4304	0.2655
S	0.0414	0.7128	1.2052	0.8193	0.5716	1.3304	0.4722	0.746	2.1883
T	0.0773	1.1169	0.7538	2.4338	1.2416	1.1886	0.6263	0.863	0.6405
V	0.9818	1.9381	1.217	2.1374	1.4097	1.3613	0.694	0.997	0.4338
W	4.5203	0.5113	1.0487	0.7446	0.2904	0.1696	1.4852	0.3334	0.0731
Y	10.5593	1.1473	1.8379	0.633	1.3314	0.2331	1.4301	1.0766	0.2052

pepL	alpha	w_s
12	99.5307	0.083	0.1488	0	0.3949	0.3734
13	98.9575	0.0263	0.0764	0.2382	0.4675	0.1916
14	98.3294	0.0043	0.0259	0.161	0	0.4702	0.2977	0.0409
15	98.0139	0.0017	0.0096	0.0839	0.376	0.4093	0.0998	0.0197
16	98.2233	8e-04	0.0022	0.03	0.2337	0	0.5219	0.1563	0.0471	0.0079
17	98.735	8e-04	0.0019	0.0146	0.1152	0.4293	0.2806	0.114	0.0363	0.0072
18	99.2174	5e-04	0.0013	0.0066	0.0433	0.2908	0	0.3312	0.218	0.0767	0.0267	0.005
19	99.5133	0.001	0.0012	0.0074	0.029	0.145	0.2323	0.2918	0.1844	0.0762	0.0263	0.0055
20	99.691	0.001	0.0012	0.0048	0.0176	0.0704	0.1449	0	0.2809	0.2454	0.1596	0.0505	0.0192	0.0045
21	99.7886	0.0013	0.002	0.0054	0.0189	0.0569	0.1038	0.1383	0.2554	0.2215	0.1327	0.043	0.0166	0.0041
