Allele	BoLA_DRB3_113_01
Type	Standard
n_specificities	1
npep_u	1
npep_t	5000
spec_ids	1
L_core	9
L_N	0
L_C	0
CS_perL	1
pepL_lower	12
pepL_upper	21
n_diff_aa	20

PWM_norm.1	P1	P2	P3	P4	P5	P6	P7	P8	P9
A	0.0934	1.4655	1.5318	2.267	0.8465	1.262	1.0038	0.9918	0.6779
C	0.049	0.1005	0.1392	0.2355	0.1297	0.2542	0.1718	0.1185	0.2325
D	0.0361	0.6538	0.2241	0.2789	1.3023	2.0074	0.4756	0.6036	0.2794
E	0.0576	1.7354	0.5674	0.2839	1.3418	2.7382	0.7805	0.7535	0.2128
F	8.2964	0.7927	1.1638	1.6144	0.4448	0.2217	1.3883	0.3513	0.586
G	0.0619	0.46	0.5773	0.3175	0.6466	0.5076	0.8653	0.8317	0.138
H	0.1244	1.5931	1.0571	1.9484	1.0401	0.1608	1.9155	1.0495	0.1475
I	2.7704	0.9289	1.689	1.92	0.9771	1.6941	1.1995	1.3478	4.0539
K	0.0618	1.1939	1.0076	0.2405	2.0001	0.0876	1.5935	1.6586	0.1801
L	1.3527	0.6749	0.883	0.7688	0.61	1.06	1.2202	1.1126	3.3502
M	0.9209	0.4812	0.9181	0.8104	0.5531	0.6602	0.9124	0.7706	0.8274
N	0.0713	1.3847	0.7311	0.5438	1.1602	1.8807	1.4978	1.0956	0.4177
P	0.0388	0.0719	1.3136	0.1357	0.9524	0.3599	0.8217	1.5939	0.07
Q	0.0536	1.2558	1.2127	0.2438	0.9467	0.7433	1.2575	1.0671	0.2612
R	0.0379	1.2263	1.075	0.1174	1.4043	0.1014	1.4481	1.2746	0.2826
S	0.0414	0.96	0.9193	2.0545	0.8253	0.8557	0.5258	0.6281	0.1542
T	0.0773	1.4589	0.6104	1.8436	1.1669	1.0577	0.6416	1.0039	0.4593
V	0.9818	1.2283	1.4136	2.5583	1.3345	1.6692	0.7487	1.1778	4.022
W	4.5203	0.3642	0.8516	0.4187	0.3307	0.1309	0.7659	0.1897	0.0873
Y	10.5593	1.2166	2.3047	0.2415	0.7749	0.2608	1.025	1.0308	0.862

pepL	alpha	w_s
12	99.5307	0.083	0.1488	0	0.3949	0.3734
13	98.9575	0.0263	0.0764	0.2382	0.4675	0.1916
14	98.3294	0.0043	0.0259	0.161	0	0.4702	0.2977	0.0409
15	98.0139	0.0017	0.0096	0.0839	0.376	0.4093	0.0998	0.0197
16	98.2233	8e-04	0.0022	0.03	0.2337	0	0.5219	0.1563	0.0471	0.0079
17	98.735	8e-04	0.0019	0.0146	0.1152	0.4293	0.2806	0.114	0.0363	0.0072
18	99.2174	5e-04	0.0013	0.0066	0.0433	0.2908	0	0.3312	0.218	0.0767	0.0267	0.005
19	99.5133	0.001	0.0012	0.0074	0.029	0.145	0.2323	0.2918	0.1844	0.0762	0.0263	0.0055
20	99.691	0.001	0.0012	0.0048	0.0176	0.0704	0.1449	0	0.2809	0.2454	0.1596	0.0505	0.0192	0.0045
21	99.7886	0.0013	0.002	0.0054	0.0189	0.0569	0.1038	0.1383	0.2554	0.2215	0.1327	0.043	0.0166	0.0041
