Allele	BoLA_DRB3_097_02
Type	Standard
n_specificities	1
npep_u	1
npep_t	5000
spec_ids	1
L_core	9
L_N	0
L_C	0
CS_perL	1
pepL_lower	12
pepL_upper	21
n_diff_aa	20

PWM_norm.1	P1	P2	P3	P4	P5	P6	P7	P8	P9
A	0.0934	1.4655	1.5318	1.7071	0.8979	1.4814	0.756	1.0939	2.7887
C	0.049	0.1005	0.1392	0.3622	0.1425	0.162	0.1973	0.1081	0.4551
D	0.0361	0.6538	0.2241	0.4637	1.3001	1.1848	0.5742	0.5678	0.6297
E	0.0576	1.7354	0.5674	0.3346	1.3064	3.4003	1.0759	0.7548	0.4502
F	8.2964	0.7927	1.1638	2.485	0.4022	0.2378	1.6825	0.3915	0.2118
G	0.0619	0.46	0.5773	0.3551	0.7455	0.7332	0.5536	0.9039	1.6003
H	0.1244	1.5931	1.0571	1.9869	1.1127	0.1774	2.1972	1.1699	0.539
I	2.7704	0.9289	1.689	2.0943	0.5813	1.4643	1.2822	1.2447	1.0716
K	0.0618	1.1939	1.0076	0.2186	1.6834	0.0737	1.2926	1.6311	0.6812
L	1.3527	0.6749	0.883	0.8316	0.3164	0.7712	1.1589	1.0727	0.8523
M	0.9209	0.4812	0.9181	1.133	0.336	0.4878	0.8104	0.6405	0.4799
N	0.0713	1.3847	0.7311	0.5182	1.37	1.9517	1.7294	1.0421	1.4655
P	0.0388	0.0719	1.3136	0.1903	1.9053	0.3891	0.8295	1.5552	0.3098
Q	0.0536	1.2558	1.2127	0.2956	0.8954	1.0319	1.5071	1.0564	1.5346
R	0.0379	1.2263	1.075	0.13	1.283	0.0737	1.1362	1.3639	0.7054
S	0.0414	0.96	0.9193	1.7012	1.0584	1.0456	0.4827	0.6613	1.2388
T	0.0773	1.4589	0.6104	1.6885	1.2767	1.1126	0.6186	0.9828	0.785
V	0.9818	1.2283	1.4136	2.4178	0.9269	1.1884	0.8481	1.1159	1.4921
W	4.5203	0.3642	0.8516	0.6781	0.4846	0.1115	1.0193	0.1923	0.0762
Y	10.5593	1.2166	2.3047	0.518	0.7634	0.2439	1.3223	1.0418	0.1807

pepL	alpha	w_s
12	99.5307	0.083	0.1488	0	0.3949	0.3734
13	98.9575	0.0263	0.0764	0.2382	0.4675	0.1916
14	98.3294	0.0043	0.0259	0.161	0	0.4702	0.2977	0.0409
15	98.0139	0.0017	0.0096	0.0839	0.376	0.4093	0.0998	0.0197
16	98.2233	8e-04	0.0022	0.03	0.2337	0	0.5219	0.1563	0.0471	0.0079
17	98.735	8e-04	0.0019	0.0146	0.1152	0.4293	0.2806	0.114	0.0363	0.0072
18	99.2174	5e-04	0.0013	0.0066	0.0433	0.2908	0	0.3312	0.218	0.0767	0.0267	0.005
19	99.5133	0.001	0.0012	0.0074	0.029	0.145	0.2323	0.2918	0.1844	0.0762	0.0263	0.0055
20	99.691	0.001	0.0012	0.0048	0.0176	0.0704	0.1449	0	0.2809	0.2454	0.1596	0.0505	0.0192	0.0045
21	99.7886	0.0013	0.002	0.0054	0.0189	0.0569	0.1038	0.1383	0.2554	0.2215	0.1327	0.043	0.0166	0.0041
