Allele	BoLA_DRB3_031_04
Type	Standard
n_specificities	1
npep_u	1
npep_t	5000
spec_ids	1
L_core	9
L_N	0
L_C	0
CS_perL	1
pepL_lower	12
pepL_upper	21
n_diff_aa	20

PWM_norm.1	P1	P2	P3	P4	P5	P6	P7	P8	P9
A	0.1514	1.3819	1.352	1.7677	0.7111	0.7384	1.1165	0.9293	0.4735
C	0.0752	0.0859	0.2941	0.2428	0.2448	0.1974	0.2123	0.0844	0.1584
D	0.0461	0.6727	0.4106	1.9075	1.2582	2.0666	0.9224	0.6106	0.3139
E	0.034	1.7044	0.7465	0.759	1.4391	1.4098	1.1512	0.7422	0.3454
F	1.2848	0.8393	1.4535	1.2639	0.542	0.1819	1.477	0.263	0.6527
G	0.0928	0.4529	0.5135	0.5395	0.8051	0.1814	0.7058	0.7903	0.1088
H	0.0565	1.6694	1.2532	2.1822	1.0374	0.3097	1.6303	0.9906	0.1158
I	8.7075	0.9773	1.8984	1.4439	1.1151	3.1076	1.3874	1.5087	4.9352
K	0.0468	1.1873	0.9766	0.1335	1.6174	0.1609	0.5635	1.5882	0.131
L	2.8025	0.683	0.8884	0.3412	0.6922	1.6705	0.8744	1.2173	3.5864
M	1.498	0.4878	1.1773	0.4539	0.8358	0.9601	0.6574	0.7519	0.7611
N	0.0555	1.3314	0.7327	1.2986	0.868	1.5828	1.5965	1.0671	0.196
P	0.0887	0.0706	1.1004	0.3258	0.8622	0.2697	1.6851	1.7701	0.051
Q	0.0383	1.3149	1.0531	0.5303	1.1162	0.7322	0.8913	1.0953	0.2654
R	0.0451	1.2296	0.7195	0.1053	1.2744	0.1285	0.5742	1.2269	0.1979
S	0.0404	0.9684	0.7257	1.8212	0.7647	0.4185	0.658	0.5083	0.0744
T	0.1519	1.4653	0.6503	1.7298	1.1927	1.0796	0.9028	0.9786	0.2985
V	3.4569	1.1942	1.5672	1.909	1.4065	2.7871	1.0336	1.229	3.593
W	0.3205	0.4664	1.1659	0.462	0.5185	0.1152	1.019	0.1389	0.1124
Y	0.1975	1.2296	2.482	0.3292	0.8731	0.297	1.4731	1.043	0.9547

pepL	alpha	w_s
12	99.5307	0.083	0.1488	0	0.3949	0.3733
13	98.9574	0.0263	0.0764	0.2382	0.4675	0.1916
14	98.3293	0.0043	0.0259	0.161	0	0.4702	0.2976	0.0409
15	98.0138	0.0017	0.0096	0.0839	0.3761	0.4093	0.0998	0.0197
16	98.2233	8e-04	0.0022	0.03	0.2337	0	0.522	0.1562	0.0472	0.0079
17	98.7349	8e-04	0.0019	0.0146	0.1152	0.4294	0.2806	0.114	0.0362	0.0072
18	99.2174	5e-04	0.0013	0.0066	0.0433	0.2908	0	0.3312	0.218	0.0767	0.0267	0.005
19	99.5134	0.001	0.0012	0.0074	0.029	0.145	0.2323	0.2917	0.1843	0.0762	0.0263	0.0055
20	99.6911	0.001	0.0012	0.0048	0.0176	0.0704	0.1449	0	0.2809	0.2453	0.1596	0.0505	0.0192	0.0045
21	99.7886	0.0013	0.002	0.0054	0.0189	0.0569	0.1038	0.1384	0.2552	0.2215	0.1327	0.043	0.0166	0.0041
