Allele	BoLA_DRB3_082_01
Type	Standard
n_specificities	1
npep_u	1
npep_t	5000
spec_ids	1
L_core	9
L_N	0
L_C	0
CS_perL	1
pepL_lower	12
pepL_upper	21
n_diff_aa	20

PWM_norm.1	P1	P2	P3	P4	P5	P6	P7	P8	P9
A	0.0896	0.971	1.4756	2.9612	1.0796	0.6737	1.7212	1.0644	0.3291
C	0.0511	0.118	0.2427	0.1896	0.2264	0.2576	0.2305	0.1741	0.0936
D	0.0347	0.5546	0.3197	2.1732	1.0542	3.8014	1.0772	0.7402	0.1486
E	0.0549	1.1045	0.6184	0.8454	1.0641	0.7069	1.6825	0.887	0.1438
F	8.5177	0.8507	1.3933	0.6339	0.7061	0.1994	0.6057	0.74	3.9165
G	0.0609	0.3361	0.5742	0.4133	0.627	0.2671	1.0138	0.8153	0.1174
H	0.1257	1.4432	0.886	0.2777	0.8798	1.5676	0.6068	1.0982	0.2092
I	2.7942	1.5947	1.6749	1.0157	1.4437	1.1769	1.1137	1.2216	5.2317
K	0.0562	1.7443	0.9863	0.084	1.7221	1.1567	0.4064	1.5537	0.0917
L	1.3764	0.8388	0.7571	0.3381	0.8583	0.5982	1.3305	1.0214	2.4152
M	0.9048	0.5271	1.6321	0.4812	0.9825	0.6554	0.9284	0.6684	1.6532
N	0.0706	1.0223	0.697	0.969	1.02	2.9059	1.5285	1.0545	0.2382
P	0.0383	0.0548	1.0901	0.0414	0.8821	0.3116	0.6921	1.269	0.0893
Q	0.0511	1.2417	0.8867	0.6266	1.1269	0.921	0.9484	0.9768	0.2523
R	0.0397	1.734	0.7824	0.0697	1.0357	0.782	0.4765	1.3668	0.0815
S	0.0409	0.7046	1.3088	1.9162	0.6408	0.7649	0.8733	0.8432	0.1241
T	0.0763	1.109	0.6628	2.2941	1.2029	1.6184	0.8189	0.8858	0.3589
V	0.9921	1.94	1.3789	1.8717	1.2946	1.4008	1.0489	1.0389	2.8521
W	4.4804	0.5062	0.942	0.1237	0.4043	0.1637	0.3627	0.4268	0.9354
Y	10.1766	1.153	2.355	0.1475	1.1013	0.2222	0.7447	1.078	2.1141

pepL	alpha	w_s
12	99.5307	0.083	0.1488	0	0.3949	0.3733
13	98.9574	0.0263	0.0764	0.2382	0.4675	0.1916
14	98.3293	0.0043	0.0259	0.161	0	0.4702	0.2976	0.0409
15	98.0138	0.0017	0.0096	0.0839	0.3761	0.4093	0.0998	0.0197
16	98.2233	8e-04	0.0022	0.03	0.2337	0	0.522	0.1562	0.0472	0.0079
17	98.7349	8e-04	0.0019	0.0146	0.1152	0.4294	0.2806	0.114	0.0362	0.0072
18	99.2174	5e-04	0.0013	0.0066	0.0433	0.2908	0	0.3312	0.218	0.0767	0.0267	0.005
19	99.5134	0.001	0.0012	0.0074	0.029	0.145	0.2323	0.2917	0.1843	0.0762	0.0263	0.0055
20	99.6911	0.001	0.0012	0.0048	0.0176	0.0704	0.1449	0	0.2809	0.2453	0.1596	0.0505	0.0192	0.0045
21	99.7886	0.0013	0.002	0.0054	0.0189	0.0569	0.1038	0.1384	0.2552	0.2215	0.1327	0.043	0.0166	0.0041
