Allele	BoLA_DRB3_011_01
Type	Standard
n_specificities	1
npep_u	1
npep_t	5717
spec_ids	1
L_core	9
L_N	0
L_C	0
CS_perL	1
pepL_lower	12
pepL_upper	21
n_diff_aa	20

PWM_norm.1	P1	P2	P3	P4	P5	P6	P7	P8	P9
A	0.1913	0.9746	1.2469	0.2197	0.5197	0.3883	0.6292	0.7044	0.172
C	0.0643	0.0425	0.2019	0.0452	0.121	0.1187	0.0512	0.035	0.0999
D	0.1045	0.9021	0.4342	0.2427	2.0916	1.0475	0.7352	1.3572	8.7746
E	0.0123	1.3709	0.9571	2.0059	1.8173	0.8919	1.3027	1.272	5.2109
F	2.1858	0.7092	1.6856	2.4283	0.2657	0.0608	1.4208	0.5063	0.0846
G	0.0782	0.1855	0.3147	0.1472	0.6028	0.0603	0.4333	0.651	0.6487
H	0.0405	2.0607	1.369	1.411	0.6474	0.0436	1.1033	0.5869	0.2462
I	7.6146	1.5047	1.884	3.75	1.4053	4.4446	2.4092	0.9601	0.1942
K	0.024	1.7753	0.9177	0.0403	1.3163	0.0439	0.558	1.0956	0.2161
L	3.3993	0.3792	0.931	2.7973	0.5811	2.6918	1.0618	1.0458	0.3553
M	1.6076	0.2236	0.9414	2.1625	1.0912	0.8555	0.9097	0.8679	0.5084
N	0.0578	2.4224	0.6524	0.303	0.8492	0.9555	1.9376	1.8892	0.337
P	0.0705	0.0418	1.2555	0.0993	0.9792	0.1454	1.8426	1.7971	0.132
Q	0.0217	1.3739	1.0428	0.847	1.0933	0.5219	0.9901	0.978	0.4335
R	0.0857	1.6175	0.6383	0.0457	1.4728	0.0437	0.4927	1.0363	0.0596
S	0.0376	0.8101	0.5903	0.4396	0.6045	0.2276	0.4312	0.7198	0.1081
T	0.1266	1.3923	0.4094	0.4833	1.0724	0.8038	0.953	1.0353	0.1383
V	2.5294	1.1212	1.8077	1.3136	1.3699	3.7269	1.1691	1.1804	0.0864
W	0.9634	0.0321	1.2183	0.2029	0.1995	0.1296	0.3704	0.0864	0.0556
Y	0.29	1.1399	2.7591	0.0879	0.907	0.3659	1.2589	0.5675	0.0323

pepL	alpha	w_s
12	99.5307	0.083	0.1488	0	0.3949	0.3734
13	98.9575	0.0263	0.0764	0.2382	0.4675	0.1916
14	98.3294	0.0043	0.0259	0.161	0	0.4702	0.2977	0.0409
15	98.0139	0.0017	0.0096	0.0839	0.376	0.4093	0.0998	0.0197
16	98.2233	8e-04	0.0022	0.03	0.2337	0	0.5219	0.1563	0.0471	0.0079
17	98.735	8e-04	0.0019	0.0146	0.1152	0.4293	0.2806	0.114	0.0363	0.0072
18	99.2174	5e-04	0.0013	0.0066	0.0433	0.2908	0	0.3312	0.218	0.0767	0.0267	0.005
19	99.5133	0.001	0.0012	0.0074	0.029	0.145	0.2323	0.2918	0.1844	0.0762	0.0263	0.0055
20	99.691	0.001	0.0012	0.0048	0.0176	0.0704	0.1449	0	0.2809	0.2454	0.1596	0.0505	0.0192	0.0045
21	99.7886	0.0013	0.002	0.0054	0.0189	0.0569	0.1038	0.1383	0.2554	0.2215	0.1327	0.043	0.0166	0.0041
