Allele	BoLA_DRB3_071_01
Type	Standard
n_specificities	1
npep_u	1
npep_t	5000
spec_ids	1
L_core	9
L_N	0
L_C	0
CS_perL	1
pepL_lower	12
pepL_upper	21
n_diff_aa	20

PWM_norm.1	P1	P2	P3	P4	P5	P6	P7	P8	P9
A	0.0934	0.9786	1.5756	3.0306	0.9622	0.7607	1.9939	1.0528	0.5751
C	0.049	0.1182	0.3051	0.2002	0.0911	0.1899	0.1718	0.1806	0.1917
D	0.0361	0.5555	0.4165	2.158	0.8116	1.3171	0.3679	0.7133	0.2975
E	0.0576	1.1065	0.652	0.6272	1.0606	0.4604	0.6984	1.0055	0.2578
F	8.2964	0.8442	1.273	0.5688	0.5826	0.2142	0.7527	0.8296	2.3295
G	0.0619	0.3341	0.7757	0.5056	0.5352	0.2346	1.8389	0.7895	0.1812
H	0.1244	1.4506	1.0945	0.4981	0.9528	1.6371	1.2024	1.2299	0.2707
I	2.7704	1.5874	1.5012	0.9355	1.7917	1.5179	1.1261	1.138	4.4007
K	0.0618	1.7251	0.8983	0.161	2.0935	2.8864	0.9841	1.4949	0.0815
L	1.3527	0.856	0.679	0.3103	0.9988	0.8631	1.2468	1.0025	2.3109
M	0.9209	0.5286	1.5295	0.3896	0.8559	0.7293	0.9976	0.7751	1.6722
N	0.0713	1.0179	0.8325	1.1396	0.8172	1.3818	1.2041	0.9637	0.3325
P	0.0388	0.0529	1.0314	0.0903	0.5334	0.4186	0.7891	1.1854	0.1041
Q	0.0536	1.1967	1.1002	0.4361	1.215	0.8032	0.7451	1.0853	0.4165
R	0.0379	1.746	0.952	0.1381	1.1526	1.6398	0.9489	1.3222	0.1165
S	0.0414	0.7128	1.1613	1.7988	0.4656	0.4949	0.76	0.7518	0.2482
T	0.0773	1.1169	0.7302	2.6237	1.0879	1.33	0.6846	0.9012	0.5921
V	0.9818	1.9381	1.1618	1.7499	1.765	1.9645	0.7461	1.0431	3.2309
W	4.5203	0.5113	1.18	0.1409	0.2382	0.1759	0.5976	0.5489	0.4504
Y	10.5593	1.1473	2.0032	0.182	0.9937	0.2373	1.0096	1.3087	2.4356

pepL	alpha	w_s
12	99.5307	0.083	0.1488	0	0.3949	0.3734
13	98.9575	0.0263	0.0764	0.2382	0.4675	0.1916
14	98.3294	0.0043	0.0259	0.161	0	0.4702	0.2977	0.0409
15	98.0139	0.0017	0.0096	0.0839	0.376	0.4093	0.0998	0.0197
16	98.2233	8e-04	0.0022	0.03	0.2337	0	0.5219	0.1563	0.0471	0.0079
17	98.735	8e-04	0.0019	0.0146	0.1152	0.4293	0.2806	0.114	0.0363	0.0072
18	99.2174	5e-04	0.0013	0.0066	0.0433	0.2908	0	0.3312	0.218	0.0767	0.0267	0.005
19	99.5133	0.001	0.0012	0.0074	0.029	0.145	0.2323	0.2918	0.1844	0.0762	0.0263	0.0055
20	99.691	0.001	0.0012	0.0048	0.0176	0.0704	0.1449	0	0.2809	0.2454	0.1596	0.0505	0.0192	0.0045
21	99.7886	0.0013	0.002	0.0054	0.0189	0.0569	0.1038	0.1383	0.2554	0.2215	0.1327	0.043	0.0166	0.0041
