Allele	BoLA_DRB3_024_19
Type	Standard
n_specificities	1
npep_u	1
npep_t	5000
spec_ids	1
L_core	9
L_N	0
L_C	0
CS_perL	1
pepL_lower	12
pepL_upper	21
n_diff_aa	20

PWM_norm.1	P1	P2	P3	P4	P5	P6	P7	P8	P9
A	0.0934	0.9786	1.5651	2.2676	1.0876	3.1636	1.2009	0.9162	1.0642
C	0.049	0.1182	0.1773	0.2683	0.2074	0.6463	0.177	0.0927	0.2243
D	0.0361	0.5555	0.1902	0.1447	1.3184	0.6567	0.6155	0.6166	0.5362
E	0.0576	1.1065	0.4662	0.2562	1.0411	0.7352	0.6848	0.7327	0.7926
F	8.2964	0.8442	1.0543	0.802	0.4601	0.2533	1.2087	0.2443	1.1956
G	0.0619	0.3341	0.4994	0.1895	0.653	2.07	1.2997	0.7801	0.3858
H	0.1244	1.4506	0.738	0.4349	1.0902	0.2484	1.8608	0.9705	0.3017
I	2.7704	1.5874	1.993	2.6156	1.0535	0.8485	1.2498	1.5146	3.7134
K	0.0618	1.7251	0.8942	0.1735	1.7722	0.106	1.4455	1.6041	0.2507
L	1.3527	0.856	0.9962	2.163	0.6836	0.4411	1.3499	1.2326	2.1953
M	0.9209	0.5286	1.0889	1.1663	0.7618	0.3883	1.13	0.7715	1.2005
N	0.0713	1.0179	0.8018	0.4687	1.1166	1.5386	1.0157	1.0745	0.3764
P	0.0388	0.0529	1.1932	0.0691	0.9919	1.171	0.9359	1.7534	0.1743
Q	0.0536	1.1967	1.2239	0.2147	0.8832	0.7341	0.9254	1.138	0.7572
R	0.0379	1.746	1.347	0.0901	1.3174	0.0925	1.3924	1.2046	0.5185
S	0.0414	0.7128	0.9148	1.3671	0.8012	1.3109	0.4507	0.4978	0.2735
T	0.0773	1.1169	0.7377	1.3785	1.1115	1.2033	0.5087	0.9604	0.537
V	0.9818	1.9381	1.4699	2.7326	1.4066	1.4252	0.6771	1.2654	2.8384
W	4.5203	0.5113	0.6378	0.1633	0.546	0.0979	1.0293	0.1237	0.2988
Y	10.5593	1.1473	1.6649	0.1791	0.9046	0.1678	0.9712	1.0328	1.0782

pepL	alpha	w_s
12	99.5307	0.083	0.1488	0	0.3949	0.3734
13	98.9575	0.0263	0.0764	0.2382	0.4675	0.1916
14	98.3294	0.0043	0.0259	0.161	0	0.4702	0.2977	0.0409
15	98.0139	0.0017	0.0096	0.0839	0.376	0.4093	0.0998	0.0197
16	98.2233	8e-04	0.0022	0.03	0.2337	0	0.5219	0.1563	0.0471	0.0079
17	98.735	8e-04	0.0019	0.0146	0.1152	0.4293	0.2806	0.114	0.0363	0.0072
18	99.2174	5e-04	0.0013	0.0066	0.0433	0.2908	0	0.3312	0.218	0.0767	0.0267	0.005
19	99.5133	0.001	0.0012	0.0074	0.029	0.145	0.2323	0.2918	0.1844	0.0762	0.0263	0.0055
20	99.691	0.001	0.0012	0.0048	0.0176	0.0704	0.1449	0	0.2809	0.2454	0.1596	0.0505	0.0192	0.0045
21	99.7886	0.0013	0.002	0.0054	0.0189	0.0569	0.1038	0.1383	0.2554	0.2215	0.1327	0.043	0.0166	0.0041
