Allele	BoLA_DRB3_100_02
Type	Standard
n_specificities	1
npep_u	1
npep_t	5000
spec_ids	1
L_core	9
L_N	0
L_C	0
CS_perL	1
pepL_lower	12
pepL_upper	21
n_diff_aa	20

PWM_norm.1	P1	P2	P3	P4	P5	P6	P7	P8	P9
A	0.0896	0.971	1.4756	3.311	0.9443	0.6737	1.8107	1.1786	1.0957
C	0.0511	0.118	0.2427	0.1667	0.1187	0.2576	0.1236	0.1131	0.5635
D	0.0347	0.5546	0.3197	2.0807	0.7703	3.8014	0.4119	0.5371	0.1935
E	0.0549	1.1045	0.6184	0.8541	0.9652	0.7069	0.6011	0.9166	0.2099
F	8.5177	0.8507	1.3933	0.4676	0.5715	0.1994	0.8839	0.6046	1.543
G	0.0609	0.3361	0.5742	0.4109	0.6671	0.2671	2.2082	0.9621	0.438
H	0.1257	1.4432	0.886	0.3478	0.9414	1.5676	1.3915	1.5437	0.3602
I	2.7942	1.5947	1.6749	0.8938	1.3717	1.1769	1.2986	1.0119	1.9572
K	0.0562	1.7443	0.9863	0.1196	2.2663	1.1567	0.827	1.5625	0.194
L	1.3764	0.8388	0.7571	0.3425	0.8636	0.5982	1.6343	1.0918	2.2274
M	0.9048	0.5271	1.6321	0.4435	0.8747	0.6554	1.1686	0.5453	1.4793
N	0.0706	1.0223	0.697	0.8468	0.9187	2.9059	0.9	0.8962	0.8272
P	0.0383	0.0548	1.0901	0.0408	0.7694	0.3116	0.5531	1.2711	0.1121
Q	0.0511	1.2417	0.8867	0.5497	1.0856	0.921	0.6134	1.0865	0.5299
R	0.0397	1.734	0.7824	0.0808	1.3311	0.782	1.0291	1.4361	0.2936
S	0.0409	0.7046	1.3088	1.8309	0.6807	0.7649	0.5698	0.7431	0.6567
T	0.0763	1.109	0.6628	2.3932	1.1555	1.6184	0.5763	0.862	0.8387
V	0.9921	1.94	1.3789	1.8492	1.4269	1.4008	0.6445	0.984	3.1594
W	4.4804	0.5062	0.942	0.088	0.2847	0.1637	0.6018	0.333	0.1929
Y	10.1766	1.153	2.355	0.1121	0.9301	0.2222	1.0229	1.0692	2.8655

pepL	alpha	w_s
12	99.5307	0.083	0.1488	0	0.3949	0.3733
13	98.9574	0.0263	0.0764	0.2382	0.4675	0.1916
14	98.3293	0.0043	0.0259	0.161	0	0.4702	0.2976	0.0409
15	98.0138	0.0017	0.0096	0.0839	0.3761	0.4093	0.0998	0.0197
16	98.2233	8e-04	0.0022	0.03	0.2337	0	0.522	0.1562	0.0472	0.0079
17	98.7349	8e-04	0.0019	0.0146	0.1152	0.4294	0.2806	0.114	0.0362	0.0072
18	99.2174	5e-04	0.0013	0.0066	0.0433	0.2908	0	0.3312	0.218	0.0767	0.0267	0.005
19	99.5134	0.001	0.0012	0.0074	0.029	0.145	0.2323	0.2917	0.1843	0.0762	0.0263	0.0055
20	99.6911	0.001	0.0012	0.0048	0.0176	0.0704	0.1449	0	0.2809	0.2453	0.1596	0.0505	0.0192	0.0045
21	99.7886	0.0013	0.002	0.0054	0.0189	0.0569	0.1038	0.1384	0.2552	0.2215	0.1327	0.043	0.0166	0.0041
