Allele	BoLA_DRB3_064_02
Type	Standard
n_specificities	1
npep_u	1
npep_t	5000
spec_ids	1
L_core	9
L_N	0
L_C	0
CS_perL	1
pepL_lower	12
pepL_upper	21
n_diff_aa	20

PWM_norm.1	P1	P2	P3	P4	P5	P6	P7	P8	P9
A	0.1391	1.4655	1.3004	1.5449	0.9812	0.9765	1.4263	1.1812	2.6426
C	0.0583	0.1005	0.2282	0.3742	0.3589	0.2824	0.2513	0.116	0.3457
D	0.0402	0.6538	0.4098	2.4824	1.1341	1.9122	0.7542	0.5499	0.5867
E	0.0321	1.7354	0.8051	0.8784	0.9604	0.7526	0.8334	0.9164	0.4834
F	0.8712	0.7927	1.481	1.3709	0.5986	0.2253	0.9642	0.6052	0.2201
G	0.0626	0.46	0.4829	0.6253	0.7321	0.291	1.2205	0.9468	2.5361
H	0.041	1.5931	1.2746	1.8359	1.3332	0.8168	1.3742	1.5282	0.8084
I	8.7661	0.9289	1.8968	1.1399	0.8745	2.3795	1.2759	1.0162	0.3896
K	0.0339	1.1939	1.0096	0.2771	1.5056	0.7001	1.0261	1.5537	0.5014
L	2.7494	0.6749	0.8862	0.4609	0.5997	1.2142	0.9515	1.0855	0.2502
M	1.3964	0.4812	1.0243	0.6337	0.7795	1.0759	0.8739	0.5538	0.4046
N	0.0398	1.3847	0.7088	1.648	1.0244	1.7691	1.4012	0.9038	1.3346
P	0.0759	0.0719	1.1305	0.4047	1.2752	0.4203	1.3345	1.2759	0.4068
Q	0.0349	1.2558	1.0451	0.6188	1.1213	0.9966	0.9412	1.0813	2.4135
R	0.0305	1.2263	0.7011	0.2286	1.1822	0.4423	0.9142	1.4304	0.3531
S	0.033	0.96	0.7078	1.3388	0.9117	0.6321	0.6887	0.746	2.1435
T	0.1218	1.4589	0.6456	1.52	1.2057	1.3254	0.7208	0.863	0.7345
V	3.9808	1.2283	1.6172	1.5507	1.2741	2.4449	0.8614	0.997	0.6193
W	0.1798	0.3642	1.2015	0.6665	1.0945	0.1594	0.7593	0.3334	0.1072
Y	0.1653	1.2166	2.5478	0.606	0.978	0.2833	1.2555	1.0766	0.1787

pepL	alpha	w_s
12	99.5307	0.083	0.1488	0	0.3949	0.3734
13	98.9575	0.0263	0.0764	0.2382	0.4675	0.1916
14	98.3294	0.0043	0.0259	0.161	0	0.4702	0.2977	0.0409
15	98.0139	0.0017	0.0096	0.0839	0.376	0.4093	0.0998	0.0197
16	98.2233	8e-04	0.0022	0.03	0.2337	0	0.5219	0.1563	0.0471	0.0079
17	98.735	8e-04	0.0019	0.0146	0.1152	0.4293	0.2806	0.114	0.0363	0.0072
18	99.2174	5e-04	0.0013	0.0066	0.0433	0.2908	0	0.3312	0.218	0.0767	0.0267	0.005
19	99.5133	0.001	0.0012	0.0074	0.029	0.145	0.2323	0.2918	0.1844	0.0762	0.0263	0.0055
20	99.691	0.001	0.0012	0.0048	0.0176	0.0704	0.1449	0	0.2809	0.2454	0.1596	0.0505	0.0192	0.0045
21	99.7886	0.0013	0.002	0.0054	0.0189	0.0569	0.1038	0.1383	0.2554	0.2215	0.1327	0.043	0.0166	0.0041
