Allele	BoLA_DRB3_062_01
Type	Standard
n_specificities	1
npep_u	1
npep_t	5000
spec_ids	1
L_core	9
L_N	0
L_C	0
CS_perL	1
pepL_lower	12
pepL_upper	21
n_diff_aa	20

PWM_norm.1	P1	P2	P3	P4	P5	P6	P7	P8	P9
A	0.1514	0.971	1.4815	1.5762	0.8753	0.8883	1.6743	1.1786	0.6418
C	0.0752	0.118	0.3191	0.3631	0.184	0.2583	0.2822	0.1131	0.2766
D	0.0461	0.5546	0.4037	3.7287	1.4178	1.6305	1.5438	0.5371	0.2632
E	0.034	1.1045	0.6979	0.9486	1.4795	0.9535	1.7182	0.9166	0.4734
F	1.2848	0.8507	1.0737	0.6878	0.7276	0.2322	0.6892	0.6046	1.245
G	0.0928	0.3361	0.5972	0.4147	0.8406	0.2705	0.881	0.9621	0.4038
H	0.0565	1.4432	0.7858	0.4617	1.1287	1.2119	0.6753	1.5437	0.4352
I	8.7075	1.5947	2.2462	1.1694	0.9554	2.0787	1.038	1.0119	0.7486
K	0.0468	1.7443	0.9462	0.1167	1.5501	1.3481	0.3225	1.5625	1.7797
L	2.8025	0.8388	0.9202	0.3583	0.6364	0.9953	1.0536	1.0918	0.9478
M	1.498	0.5271	1.333	0.6082	0.6844	0.6842	0.5413	0.5453	1.6293
N	0.0555	1.0223	0.8979	3.1931	1.0451	1.3671	1.3693	0.8962	0.5386
P	0.0887	0.0548	1.1284	0.0784	0.814	0.5158	0.8214	1.2711	0.0786
Q	0.0383	1.2417	0.8793	0.8891	1.1587	0.9624	0.9488	1.0865	0.5597
R	0.0451	1.734	0.8779	0.1052	1.093	1.0176	0.3694	1.4361	5.0698
S	0.0404	0.7046	0.8629	1.5592	0.8411	0.4733	0.8479	0.7431	0.4064
T	0.1519	1.109	0.7902	1.2319	1.2655	1.2918	0.9525	0.862	0.3853
V	3.4569	1.94	1.4579	1.4823	1.0255	2.3554	1.2814	0.984	1.0216
W	0.3205	0.5062	0.5861	0.3225	0.5449	0.1798	0.4324	0.333	0.3142
Y	0.1975	1.153	1.744	0.1978	1.0566	0.2962	1.0655	1.0692	3.7825

pepL	alpha	w_s
12	99.5307	0.083	0.1488	0	0.3949	0.3733
13	98.9574	0.0263	0.0764	0.2382	0.4675	0.1916
14	98.3293	0.0043	0.0259	0.161	0	0.4702	0.2976	0.0409
15	98.0138	0.0017	0.0096	0.0839	0.3761	0.4093	0.0998	0.0197
16	98.2233	8e-04	0.0022	0.03	0.2337	0	0.522	0.1562	0.0472	0.0079
17	98.7349	8e-04	0.0019	0.0146	0.1152	0.4294	0.2806	0.114	0.0362	0.0072
18	99.2174	5e-04	0.0013	0.0066	0.0433	0.2908	0	0.3312	0.218	0.0767	0.0267	0.005
19	99.5134	0.001	0.0012	0.0074	0.029	0.145	0.2323	0.2917	0.1843	0.0762	0.0263	0.0055
20	99.6911	0.001	0.0012	0.0048	0.0176	0.0704	0.1449	0	0.2809	0.2453	0.1596	0.0505	0.0192	0.0045
21	99.7886	0.0013	0.002	0.0054	0.0189	0.0569	0.1038	0.1384	0.2552	0.2215	0.1327	0.043	0.0166	0.0041
