Allele	BoLA_DRB3_024_26
Type	Standard
n_specificities	1
npep_u	1
npep_t	5000
spec_ids	1
L_core	9
L_N	0
L_C	0
CS_perL	1
pepL_lower	12
pepL_upper	21
n_diff_aa	20

PWM_norm.1	P1	P2	P3	P4	P5	P6	P7	P8	P9
A	0.0896	1.3819	1.5994	2.1294	0.8031	1.0652	0.8164	1.1786	2.1505
C	0.0511	0.0859	0.1646	0.2336	0.2074	0.3522	0.2545	0.1131	0.5123
D	0.0347	0.6727	0.2153	0.2569	1.4125	1.9379	0.9512	0.5371	1.0933
E	0.0549	1.7044	0.5717	0.2319	1.5691	2.8101	1.3724	0.9166	0.5989
F	8.5177	0.8393	1.164	1.9558	0.4565	0.236	1.6152	0.6046	0.2992
G	0.0609	0.4529	0.5957	0.3369	0.7399	0.5588	0.4786	0.9621	1.6156
H	0.1257	1.6694	1.1105	1.7953	0.9699	0.3828	1.9249	1.5437	0.7644
I	2.7942	0.9773	1.7342	1.8842	0.9081	1.5139	1.1839	1.0119	0.7483
K	0.0562	1.1873	0.9298	0.121	1.7019	0.152	0.9282	1.5625	0.4491
L	1.3764	0.683	0.897	0.5924	0.5258	0.912	0.9502	1.0918	0.6481
M	0.9048	0.4878	0.9682	0.5322	0.5668	0.7304	0.7771	0.5453	0.5833
N	0.0706	1.3314	0.7308	0.5429	1.2565	1.9774	1.7605	0.8962	2.5429
P	0.0383	0.0706	1.2131	0.1269	1.1008	0.438	1.0795	1.2711	0.3264
Q	0.0511	1.3149	1.1684	0.1941	1.0039	0.9396	1.4419	1.0865	1.5632
R	0.0397	1.2296	1.0696	0.075	1.313	0.1819	0.8502	1.4361	0.3797
S	0.0409	0.9684	0.9158	2.4377	0.7787	0.7613	0.5899	0.7431	1.5239
T	0.0763	1.4653	0.5839	1.7609	1.2191	1.1059	0.7493	0.862	0.8845
V	0.9921	1.1942	1.4295	2.8003	1.1295	1.6158	0.9253	0.984	1.2774
W	4.4804	0.4664	0.9497	0.3886	0.5325	0.185	1.2109	0.333	0.1256
Y	10.1766	1.2296	2.3325	0.253	0.913	0.3633	1.1331	1.0692	0.3832

pepL	alpha	w_s
12	99.5307	0.083	0.1488	0	0.3949	0.3733
13	98.9574	0.0263	0.0764	0.2382	0.4675	0.1916
14	98.3293	0.0043	0.0259	0.161	0	0.4702	0.2976	0.0409
15	98.0138	0.0017	0.0096	0.0839	0.3761	0.4093	0.0998	0.0197
16	98.2233	8e-04	0.0022	0.03	0.2337	0	0.522	0.1562	0.0472	0.0079
17	98.7349	8e-04	0.0019	0.0146	0.1152	0.4294	0.2806	0.114	0.0362	0.0072
18	99.2174	5e-04	0.0013	0.0066	0.0433	0.2908	0	0.3312	0.218	0.0767	0.0267	0.005
19	99.5134	0.001	0.0012	0.0074	0.029	0.145	0.2323	0.2917	0.1843	0.0762	0.0263	0.0055
20	99.6911	0.001	0.0012	0.0048	0.0176	0.0704	0.1449	0	0.2809	0.2453	0.1596	0.0505	0.0192	0.0045
21	99.7886	0.0013	0.002	0.0054	0.0189	0.0569	0.1038	0.1384	0.2552	0.2215	0.1327	0.043	0.0166	0.0041
