Allele	BoLA_DRB3_034_01
Type	Standard
n_specificities	1
npep_u	1
npep_t	5000
spec_ids	1
L_core	9
L_N	0
L_C	0
CS_perL	1
pepL_lower	12
pepL_upper	21
n_diff_aa	20

PWM_norm.1	P1	P2	P3	P4	P5	P6	P7	P8	P9
A	0.1598	0.9786	1.4683	1.1293	0.9304	2.5989	0.9586	1.146	0.1911
C	0.0686	0.1182	0.3474	0.2577	0.2937	0.2749	0.1315	0.1128	0.0489
D	0.0465	0.5555	0.4121	1.9061	1.0494	0.513	0.8571	0.8366	0.1258
E	0.0361	1.1065	0.6688	0.7839	1.0349	0.8162	1.3987	0.7515	0.1138
F	1.2075	0.8442	1.1583	0.3547	0.6803	0.4056	0.3866	0.6313	4.9246
G	0.0913	0.3341	0.6012	0.7662	0.9066	1.2411	0.8035	0.8458	0.0587
H	0.0557	1.4506	0.8028	0.4577	1.3764	0.3803	0.6577	0.9835	0.1449
I	8.8482	1.5874	2.2495	0.6114	0.88	1.4893	1.2557	1.4644	5.4021
K	0.0511	1.7251	0.9267	0.2101	1.573	0.0999	0.401	1.6704	0.0751
L	2.6807	0.856	0.9042	0.4972	0.6022	0.7256	0.6877	1.143	2.7719
M	1.5984	0.5286	1.3498	0.5831	0.8672	0.5703	0.4067	0.4281	1.8428
N	0.0572	1.0179	0.915	8.7352	1.2193	1.9808	2.9088	1.1516	0.2143
P	0.0827	0.0529	1.1054	0.1232	1.4207	1.3218	1.8689	1.1388	0.0592
Q	0.0401	1.1967	0.9109	1.1762	1.1273	1.3504	1.311	0.8791	0.1638
R	0.0421	1.746	0.8265	0.1932	1.1305	0.1	0.3318	1.3565	0.0574
S	0.0434	0.7128	0.8742	1.1615	0.9185	0.7966	0.7295	0.9886	0.0755
T	0.1511	1.1169	0.8169	0.9636	1.2222	1.1279	1.3201	0.619	0.2603
V	3.5484	1.9381	1.4084	0.7256	0.8829	1.8376	1.5508	1.1103	2.286
W	0.3015	0.5113	0.748	0.2846	0.6652	0.0888	0.4022	0.2839	1.6273
Y	0.2197	1.1473	1.7927	0.2256	0.8134	0.213	0.5826	0.7503	1.3957

pepL	alpha	w_s
12	99.5307	0.083	0.1488	0	0.3949	0.3734
13	98.9575	0.0263	0.0764	0.2382	0.4675	0.1916
14	98.3294	0.0043	0.0259	0.161	0	0.4702	0.2977	0.0409
15	98.0139	0.0017	0.0096	0.0839	0.376	0.4093	0.0998	0.0197
16	98.2233	8e-04	0.0022	0.03	0.2337	0	0.5219	0.1563	0.0471	0.0079
17	98.735	8e-04	0.0019	0.0146	0.1152	0.4293	0.2806	0.114	0.0363	0.0072
18	99.2174	5e-04	0.0013	0.0066	0.0433	0.2908	0	0.3312	0.218	0.0767	0.0267	0.005
19	99.5133	0.001	0.0012	0.0074	0.029	0.145	0.2323	0.2918	0.1844	0.0762	0.0263	0.0055
20	99.691	0.001	0.0012	0.0048	0.0176	0.0704	0.1449	0	0.2809	0.2454	0.1596	0.0505	0.0192	0.0045
21	99.7886	0.0013	0.002	0.0054	0.0189	0.0569	0.1038	0.1383	0.2554	0.2215	0.1327	0.043	0.0166	0.0041
