Allele	BoLA_DRB3_143_01
Type	Standard
n_specificities	1
npep_u	1
npep_t	5000
spec_ids	1
L_core	9
L_N	0
L_C	0
CS_perL	1
pepL_lower	12
pepL_upper	21
n_diff_aa	20

PWM_norm.1	P1	P2	P3	P4	P5	P6	P7	P8	P9
A	0.0934	1.3254	1.5866	2.9667	1.11	3.0036	1.0457	1.0939	1.2562
C	0.049	0.1358	0.1733	0.2071	0.1029	0.6166	0.3915	0.1081	0.4392
D	0.0361	0.7995	0.304	1.2242	0.9448	1.139	0.8712	0.5678	0.1017
E	0.0576	1.507	0.5813	0.4703	1.0004	0.7166	0.9469	0.7548	0.1199
F	8.2964	0.8579	1.2751	0.7112	0.5033	0.2916	1.3637	0.3915	0.7951
G	0.0619	0.4398	0.8175	0.5282	0.5659	1.6658	0.8271	0.9039	0.3037
H	0.1244	1.6554	1.1694	0.8121	0.8844	0.2372	1.7459	1.1699	0.1983
I	2.7704	1.1286	1.3907	1.1562	1.5766	0.8553	1.0899	1.2447	2.9523
K	0.0618	1.2037	0.8971	0.2408	1.877	0.0994	1.0302	1.6311	0.1013
L	1.3527	0.7029	0.6573	0.6382	0.8513	0.4288	1.2079	1.0727	2.638
M	0.9209	0.6278	1.325	0.5784	0.8591	0.382	1.0871	0.6405	0.8473
N	0.0713	1.1151	0.6975	0.9912	0.9115	2.0982	1.456	1.0421	0.6297
P	0.0388	0.0683	0.9998	0.1008	0.7325	0.8815	0.9184	1.5552	0.1069
Q	0.0536	1.3136	1.1643	0.3652	1.0215	0.7424	1.061	1.0564	0.423
R	0.0379	1.3003	1.0088	0.2133	1.3314	0.0748	1.0326	1.3639	0.1786
S	0.0414	0.8934	1.2588	1.5053	0.6146	1.4743	0.6251	0.6613	0.5263
T	0.0773	1.2837	0.6882	2.7813	1.1657	1.3182	0.6784	0.9828	0.8004
V	0.9818	1.4741	1.2227	1.9689	1.6786	1.3306	0.8581	1.1159	4.1048
W	4.5203	0.6489	1.3212	0.2168	0.2087	0.1067	1.3527	0.1923	0.0789
Y	10.5593	1.2328	2.3351	0.2315	0.927	0.1988	1.3234	1.0418	1.1131

pepL	alpha	w_s
12	99.5307	0.083	0.1488	0	0.3949	0.3734
13	98.9575	0.0263	0.0764	0.2382	0.4675	0.1916
14	98.3294	0.0043	0.0259	0.161	0	0.4702	0.2977	0.0409
15	98.0139	0.0017	0.0096	0.0839	0.376	0.4093	0.0998	0.0197
16	98.2233	8e-04	0.0022	0.03	0.2337	0	0.5219	0.1563	0.0471	0.0079
17	98.735	8e-04	0.0019	0.0146	0.1152	0.4293	0.2806	0.114	0.0363	0.0072
18	99.2174	5e-04	0.0013	0.0066	0.0433	0.2908	0	0.3312	0.218	0.0767	0.0267	0.005
19	99.5133	0.001	0.0012	0.0074	0.029	0.145	0.2323	0.2918	0.1844	0.0762	0.0263	0.0055
20	99.691	0.001	0.0012	0.0048	0.0176	0.0704	0.1449	0	0.2809	0.2454	0.1596	0.0505	0.0192	0.0045
21	99.7886	0.0013	0.002	0.0054	0.0189	0.0569	0.1038	0.1383	0.2554	0.2215	0.1327	0.043	0.0166	0.0041
