Allele	BoLA_DRB3_025_02
Type	Standard
n_specificities	1
npep_u	1
npep_t	5000
spec_ids	1
L_core	9
L_N	0
L_C	0
CS_perL	1
pepL_lower	12
pepL_upper	21
n_diff_aa	20

PWM_norm.1	P1	P2	P3	P4	P5	P6	P7	P8	P9
A	0.1002	1.2784	1.5602	1.3193	0.7756	0.6928	0.9852	1.1882	0.5894
C	0.0597	0.1648	0.3027	0.1683	0.2034	0.3391	0.1546	0.1339	0.3281
D	0.0471	0.814	0.4931	0.4061	0.6358	2.4203	0.4306	0.5688	0.1068
E	0.0606	0.55	0.8117	0.4451	0.6987	0.577	0.4807	0.8775	0.1712
F	7.8216	0.1522	1.0192	2.7125	0.5031	0.3416	1.253	0.6199	2.7209
G	0.066	0.2947	0.6765	0.409	0.9734	0.3558	0.8705	0.9421	0.2589
H	0.15	2.2224	0.8006	3.1921	1.3736	1.2607	3.5709	1.4512	0.2519
I	3.1846	0.5985	2.3123	1.1722	0.7926	1.6368	1.2234	1.0883	2.2237
K	0.0697	2.0762	0.8895	1.8613	2.5772	1.9632	1.6663	1.5225	1.2029
L	1.8579	0.4643	0.9232	1.0101	0.4816	0.8266	1.2795	1.0613	2.3133
M	1.0267	0.7821	1.1039	1.9394	0.8359	0.8535	0.7954	0.576	1.8817
N	0.095	2.3327	0.8403	0.5143	1.4521	1.6002	1.3732	0.9572	0.4026
P	0.0472	0.0861	1.0128	0.0589	1.4842	0.4099	0.4564	1.2838	0.0892
Q	0.0653	1.2558	0.8582	1.0028	1.1754	0.7743	1.1714	1.0415	0.2968
R	0.0465	3.0769	0.8133	1.0814	1.3098	1.3173	1.6857	1.4116	0.8959
S	0.046	0.7308	0.806	0.4696	0.8504	0.6786	0.4262	0.7854	0.2897
T	0.0897	1.063	0.8623	0.6578	1.2107	1.4641	0.5437	0.8768	0.5257
V	1.1448	1.0003	1.4503	0.8779	0.8191	1.4252	0.7458	1.0057	2.6563
W	3.7081	0.1321	0.5576	3.2473	0.7638	0.4689	1.108	0.3576	0.8595
Y	8.2875	1.2914	1.7284	1.8575	0.8706	0.4078	1.2816	1.0389	2.7393

pepL	alpha	w_s
12	99.5307	0.083	0.1488	0	0.3949	0.3733
13	98.9574	0.0263	0.0764	0.2382	0.4675	0.1916
14	98.3293	0.0043	0.0259	0.161	0	0.4702	0.2976	0.0409
15	98.0138	0.0017	0.0096	0.0839	0.3761	0.4093	0.0998	0.0197
16	98.2233	8e-04	0.0022	0.03	0.2337	0	0.522	0.1562	0.0472	0.0079
17	98.7349	8e-04	0.0019	0.0146	0.1152	0.4294	0.2806	0.114	0.0362	0.0072
18	99.2174	5e-04	0.0013	0.0066	0.0433	0.2908	0	0.3312	0.218	0.0767	0.0267	0.005
19	99.5134	0.001	0.0012	0.0074	0.029	0.145	0.2323	0.2917	0.1843	0.0762	0.0263	0.0055
20	99.6911	0.001	0.0012	0.0048	0.0176	0.0704	0.1449	0	0.2809	0.2453	0.1596	0.0505	0.0192	0.0045
21	99.7886	0.0013	0.002	0.0054	0.0189	0.0569	0.1038	0.1384	0.2552	0.2215	0.1327	0.043	0.0166	0.0041
