Allele	BoLA_DRB3_009_04
Type	Standard
n_specificities	1
npep_u	1
npep_t	5000
spec_ids	1
L_core	9
L_N	0
L_C	0
CS_perL	1
pepL_lower	12
pepL_upper	21
n_diff_aa	20

PWM_norm.1	P1	P2	P3	P4	P5	P6	P7	P8	P9
A	0.0896	1.3819	1.5882	2.5838	1.0725	2.3809	1.0312	1.1786	0.6418
C	0.0511	0.0859	0.2204	0.2556	0.1708	0.3688	0.2001	0.1131	0.2766
D	0.0347	0.6727	0.2955	0.1902	1.0914	0.3384	0.6181	0.5371	0.2632
E	0.0549	1.7044	0.6706	0.2214	1.2946	0.5916	0.9541	0.9166	0.4734
F	8.5177	0.8393	1.3697	0.756	0.5476	0.5692	0.8094	0.6046	1.245
G	0.0609	0.4529	0.5366	0.3753	0.6225	1.3089	1.4762	0.9621	0.4038
H	0.1257	1.6694	1.0181	1.9761	1.5478	0.4575	1.8847	1.5437	0.4352
I	2.7942	0.9773	2.0981	1.7008	0.9715	1.8386	1.0988	1.0119	0.7486
K	0.0562	1.1873	0.9788	0.3753	1.9266	0.1615	1.6188	1.5625	1.7797
L	1.3764	0.683	0.8298	0.7721	0.7442	1.0367	0.8623	1.0918	0.9478
M	0.9048	0.4878	1.2127	0.401	0.6269	0.7201	0.7293	0.5453	1.6293
N	0.0706	1.3314	0.7867	1.1573	0.9578	1.2252	1.6355	0.8962	0.5386
P	0.0383	0.0706	1.1034	0.1307	0.8356	1.3545	1.0045	1.2711	0.0786
Q	0.0511	1.3149	1.0122	0.2549	1.1677	1.1528	1.3042	1.0865	0.5597
R	0.0397	1.2296	0.6748	0.1826	1.2418	0.1859	1.0838	1.4361	5.0698
S	0.0409	0.9684	0.9167	2.1188	0.7342	0.6966	0.5266	0.7431	0.4064
T	0.0763	1.4653	0.5642	1.7573	1.0796	1.0428	0.6807	0.862	0.3853
V	0.9921	1.1942	1.3979	2.548	1.2682	2.0158	0.7871	0.984	1.0216
W	4.4804	0.4664	0.914	0.288	0.461	0.2116	0.7261	0.333	0.3142
Y	10.1766	1.2296	2.6447	0.1781	0.7585	0.3464	1.0087	1.0692	3.7825

pepL	alpha	w_s
12	99.5307	0.083	0.1488	0	0.3949	0.3733
13	98.9574	0.0263	0.0764	0.2382	0.4675	0.1916
14	98.3293	0.0043	0.0259	0.161	0	0.4702	0.2976	0.0409
15	98.0138	0.0017	0.0096	0.0839	0.3761	0.4093	0.0998	0.0197
16	98.2233	8e-04	0.0022	0.03	0.2337	0	0.522	0.1562	0.0472	0.0079
17	98.7349	8e-04	0.0019	0.0146	0.1152	0.4294	0.2806	0.114	0.0362	0.0072
18	99.2174	5e-04	0.0013	0.0066	0.0433	0.2908	0	0.3312	0.218	0.0767	0.0267	0.005
19	99.5134	0.001	0.0012	0.0074	0.029	0.145	0.2323	0.2917	0.1843	0.0762	0.0263	0.0055
20	99.6911	0.001	0.0012	0.0048	0.0176	0.0704	0.1449	0	0.2809	0.2453	0.1596	0.0505	0.0192	0.0045
21	99.7886	0.0013	0.002	0.0054	0.0189	0.0569	0.1038	0.1384	0.2552	0.2215	0.1327	0.043	0.0166	0.0041
