Allele	BoLA_DRB3_093_01
Type	Standard
n_specificities	1
npep_u	1
npep_t	5000
spec_ids	1
L_core	9
L_N	0
L_C	0
CS_perL	1
pepL_lower	12
pepL_upper	21
n_diff_aa	20

PWM_norm.1	P1	P2	P3	P4	P5	P6	P7	P8	P9
A	0.0934	0.9786	1.3422	0.5481	1.0019	0.7844	1.3601	0.9805	0.8413
C	0.049	0.1182	0.3683	0.1568	0.2685	0.1931	0.221	0.1459	0.2153
D	0.0361	0.5555	0.3956	0.3529	1.2772	2.1218	1.0201	0.6786	0.2981
E	0.0576	1.1065	0.6612	0.4256	1.1275	0.6524	0.9377	0.7512	0.3085
F	8.2964	0.8442	1.252	6.1447	0.5625	0.2203	0.8824	0.4879	2.1957
G	0.0619	0.3341	0.4953	0.1944	0.7188	0.3675	1.3671	0.8153	0.3263
H	0.1244	1.4506	0.7492	1.4877	1.0978	2.1086	1.4465	0.9494	0.433
I	2.7704	1.5874	2.2618	1.3835	1.0088	0.9382	1.7257	1.3566	4.5129
K	0.0618	1.7251	1.0314	0.397	1.6514	3.1596	0.9132	1.585	0.2753
L	1.3527	0.856	0.9544	0.9031	0.5541	0.3657	1.0054	1.0225	2.0622
M	0.9209	0.5286	1.2184	1.6785	0.7425	0.5593	1.3129	0.8048	1.0563
N	0.0713	1.0179	0.6998	0.5346	1.1991	1.8658	1.2583	1.1559	0.4282
P	0.0388	0.0529	1.012	0.0624	1.2763	0.3975	0.7546	1.5918	0.2196
Q	0.0536	1.1967	0.7209	0.7269	1.1072	0.7418	0.9776	1.0076	0.4925
R	0.0379	1.746	0.7354	0.3739	1.1549	1.9181	0.8398	1.2815	0.4488
S	0.0414	0.7128	0.9833	0.291	0.9047	0.6726	0.6582	0.6796	0.2263
T	0.0773	1.1169	0.7518	0.4036	1.2524	1.3002	0.726	1.06	0.5433
V	0.9818	1.9381	1.6228	0.9033	0.949	1.0056	0.8922	1.1414	2.8698
W	4.5203	0.5113	0.7128	6.0471	0.5403	0.2307	0.6137	0.2409	0.8999
Y	10.5593	1.1473	2.3975	6.8571	1.02	0.2931	1.0604	1.1115	1.591

pepL	alpha	w_s
12	99.5307	0.083	0.1488	0	0.3949	0.3734
13	98.9575	0.0263	0.0764	0.2382	0.4675	0.1916
14	98.3294	0.0043	0.0259	0.161	0	0.4702	0.2977	0.0409
15	98.0139	0.0017	0.0096	0.0839	0.376	0.4093	0.0998	0.0197
16	98.2233	8e-04	0.0022	0.03	0.2337	0	0.5219	0.1563	0.0471	0.0079
17	98.735	8e-04	0.0019	0.0146	0.1152	0.4293	0.2806	0.114	0.0363	0.0072
18	99.2174	5e-04	0.0013	0.0066	0.0433	0.2908	0	0.3312	0.218	0.0767	0.0267	0.005
19	99.5133	0.001	0.0012	0.0074	0.029	0.145	0.2323	0.2918	0.1844	0.0762	0.0263	0.0055
20	99.691	0.001	0.0012	0.0048	0.0176	0.0704	0.1449	0	0.2809	0.2454	0.1596	0.0505	0.0192	0.0045
21	99.7886	0.0013	0.002	0.0054	0.0189	0.0569	0.1038	0.1383	0.2554	0.2215	0.1327	0.043	0.0166	0.0041
