Allele	BoLA_DRB3_026_01
Type	Standard
n_specificities	1
npep_u	1
npep_t	5000
spec_ids	1
L_core	9
L_N	0
L_C	0
CS_perL	1
pepL_lower	12
pepL_upper	21
n_diff_aa	20

PWM_norm.1	P1	P2	P3	P4	P5	P6	P7	P8	P9
A	0.0896	0.971	1.3285	0.5567	0.9226	0.463	0.9986	1.0644	0.3359
C	0.0511	0.118	0.3636	0.1801	0.3146	0.1533	0.1629	0.1741	0.1059
D	0.0347	0.5546	0.409	0.4369	1.1378	7.7287	1.7896	0.7402	0.317
E	0.0549	1.1045	0.6618	0.5934	1.0639	0.834	1.8299	0.887	0.4177
F	8.5177	0.8507	1.3003	6.5217	0.5252	0.1044	0.6741	0.74	4.2729
G	0.0609	0.3361	0.5028	0.1956	0.7684	0.2748	1.1102	0.8153	0.2358
H	0.1257	1.4432	0.7357	0.9804	1.0228	0.8461	1.0004	1.0982	0.4476
I	2.7942	1.5947	2.2349	1.4188	1.0231	0.6469	1.3898	1.2216	3.2278
K	0.0562	1.7443	1.0605	0.2617	1.6677	0.2858	0.5002	1.5537	1.0899
L	1.3764	0.8388	0.9575	1.088	0.5455	0.2504	0.9677	1.0214	1.8154
M	0.9048	0.5271	1.2558	1.9452	0.7912	0.3668	1.4188	0.6684	2.0886
N	0.0706	1.0223	0.6489	0.4347	1.0958	4.226	1.8279	1.0545	0.2405
P	0.0383	0.0548	1.0138	0.0753	1.5079	0.1738	0.6423	1.269	0.1405
Q	0.0511	1.2417	0.7042	0.6831	1.0569	0.5364	1.1854	0.9768	0.3883
R	0.0397	1.734	0.7479	0.2493	1.2594	0.2437	0.5024	1.3668	0.7141
S	0.0409	0.7046	0.987	0.3451	0.9058	0.8645	0.7403	0.8432	0.1249
T	0.0763	1.109	0.7407	0.418	1.2563	1.6292	0.8434	0.8858	0.3133
V	0.9921	1.94	1.6433	0.9065	0.9688	0.704	0.7696	1.0389	1.7421
W	4.4804	0.5062	0.6689	4.7137	0.6019	0.0804	0.419	0.4268	3.3475
Y	10.1766	1.153	2.3315	6.3703	0.92	0.123	0.7688	1.078	2.801

pepL	alpha	w_s
12	99.5307	0.083	0.1488	0	0.3949	0.3733
13	98.9574	0.0263	0.0764	0.2382	0.4675	0.1916
14	98.3293	0.0043	0.0259	0.161	0	0.4702	0.2976	0.0409
15	98.0138	0.0017	0.0096	0.0839	0.3761	0.4093	0.0998	0.0197
16	98.2233	8e-04	0.0022	0.03	0.2337	0	0.522	0.1562	0.0472	0.0079
17	98.7349	8e-04	0.0019	0.0146	0.1152	0.4294	0.2806	0.114	0.0362	0.0072
18	99.2174	5e-04	0.0013	0.0066	0.0433	0.2908	0	0.3312	0.218	0.0767	0.0267	0.005
19	99.5134	0.001	0.0012	0.0074	0.029	0.145	0.2323	0.2917	0.1843	0.0762	0.0263	0.0055
20	99.6911	0.001	0.0012	0.0048	0.0176	0.0704	0.1449	0	0.2809	0.2453	0.1596	0.0505	0.0192	0.0045
21	99.7886	0.0013	0.002	0.0054	0.0189	0.0569	0.1038	0.1384	0.2552	0.2215	0.1327	0.043	0.0166	0.0041
