Allele	BoLA_DRB3_119_01
Type	Standard
n_specificities	1
npep_u	1
npep_t	5000
spec_ids	1
L_core	9
L_N	0
L_C	0
CS_perL	1
pepL_lower	12
pepL_upper	21
n_diff_aa	20

PWM_norm.1	P1	P2	P3	P4	P5	P6	P7	P8	P9
A	0.0896	0.971	1.5087	0.5654	0.8812	1.0939	1.0917	1.1786	2.0254
C	0.0511	0.118	0.2912	0.1916	0.218	0.4072	0.2628	0.1131	0.6878
D	0.0347	0.5546	0.3144	0.1904	1.9048	1.2601	1.0373	0.5371	0.2975
E	0.0549	1.1045	0.6243	1.0652	1.157	0.6563	1.0046	0.9166	0.429
F	8.5177	0.8507	0.9848	3.0236	0.4768	0.359	1.2453	0.6046	0.9225
G	0.0609	0.3361	0.659	0.1104	0.645	0.5863	0.8264	0.9621	1.2295
H	0.1257	1.4432	0.9172	0.3191	0.8222	0.4935	1.2873	1.5437	0.6021
I	2.7942	1.5947	1.9613	3.9372	1.1223	2.1917	1.4626	1.0119	1.4773
K	0.0562	1.7443	0.9043	0.0783	1.5025	0.2222	1.005	1.5625	0.4559
L	1.3764	0.8388	0.9473	2.9062	0.5529	1.2554	1.1295	1.0918	1.3758
M	0.9048	0.5271	1.0933	3.4102	0.848	0.8803	1.0483	0.5453	1.1896
N	0.0706	1.0223	0.8202	0.2573	1.4108	1.9173	1.3927	0.8962	0.798
P	0.0383	0.0548	0.9039	0.0392	1.1182	0.6369	0.964	1.2711	0.2391
Q	0.0511	1.2417	1.1323	0.7409	0.9984	0.8352	1.1692	1.0865	0.924
R	0.0397	1.734	1.2915	0.0591	1.2199	0.2545	0.9591	1.4361	0.8845
S	0.0409	0.7046	0.8634	0.3219	0.8433	0.9273	0.5743	0.7431	0.9974
T	0.0763	1.109	0.8764	0.3968	1.2417	1.4764	0.8114	0.862	0.9347
V	0.9921	1.94	1.4038	1.5076	1.0574	2.5917	0.8937	0.984	1.9539
W	4.4804	0.5062	0.8324	0.5864	0.314	0.267	0.9304	0.333	0.2079
Y	10.1766	1.153	1.6843	0.5584	0.9953	0.4373	1.1604	1.0692	1.0022

pepL	alpha	w_s
12	99.5307	0.083	0.1488	0	0.3949	0.3733
13	98.9574	0.0263	0.0764	0.2382	0.4675	0.1916
14	98.3293	0.0043	0.0259	0.161	0	0.4702	0.2976	0.0409
15	98.0138	0.0017	0.0096	0.0839	0.3761	0.4093	0.0998	0.0197
16	98.2233	8e-04	0.0022	0.03	0.2337	0	0.522	0.1562	0.0472	0.0079
17	98.7349	8e-04	0.0019	0.0146	0.1152	0.4294	0.2806	0.114	0.0362	0.0072
18	99.2174	5e-04	0.0013	0.0066	0.0433	0.2908	0	0.3312	0.218	0.0767	0.0267	0.005
19	99.5134	0.001	0.0012	0.0074	0.029	0.145	0.2323	0.2917	0.1843	0.0762	0.0263	0.0055
20	99.6911	0.001	0.0012	0.0048	0.0176	0.0704	0.1449	0	0.2809	0.2453	0.1596	0.0505	0.0192	0.0045
21	99.7886	0.0013	0.002	0.0054	0.0189	0.0569	0.1038	0.1384	0.2552	0.2215	0.1327	0.043	0.0166	0.0041
