Allele	BoLA_DRB3_022_11
Type	Standard
n_specificities	1
npep_u	1
npep_t	5000
spec_ids	1
L_core	9
L_N	0
L_C	0
CS_perL	1
pepL_lower	12
pepL_upper	21
n_diff_aa	20

PWM_norm.1	P1	P2	P3	P4	P5	P6	P7	P8	P9
A	0.0896	1.3819	1.5882	1.9592	0.6223	0.4356	0.8197	1.0065	1.1628
C	0.0511	0.0859	0.2204	0.1448	0.1208	0.1198	0.1115	0.1143	0.2801
D	0.0347	0.6727	0.2955	1.8867	1.5179	0.6943	0.6392	0.5702	2.9159
E	0.0549	1.7044	0.6706	0.7036	1.639	0.6442	1.1761	0.74	2.14
F	8.5177	0.8393	1.3697	1.1595	0.401	0.1452	1.2277	0.3696	0.3417
G	0.0609	0.4529	0.5366	0.4922	0.7285	0.0948	0.3997	0.837	0.9549
H	0.1257	1.6694	1.0181	2.3442	0.8694	0.2678	1.4418	1.0728	0.6989
I	2.7942	0.9773	2.0981	1.1395	1.317	4.8708	1.9612	1.3968	1.4496
K	0.0562	1.1873	0.9788	0.0792	1.7319	0.2155	0.4244	1.6049	0.5432
L	1.3764	0.683	0.8298	0.2361	0.766	2.6219	0.6981	1.1307	1.2275
M	0.9048	0.4878	1.2127	0.2829	0.8207	0.8038	0.5499	0.7884	0.6032
N	0.0706	1.3314	0.7867	1.7821	0.7518	1.0445	1.8597	1.0648	0.9599
P	0.0383	0.0706	1.1034	0.1327	0.9342	0.1651	2.5389	1.6554	0.2649
Q	0.0511	1.3149	1.0122	0.4843	0.9645	0.5808	0.7909	1.0588	1.2503
R	0.0397	1.2296	0.6748	0.0689	1.4331	0.2449	0.4177	1.2424	0.4928
S	0.0409	0.9684	0.9167	2.3612	0.5764	0.22	0.5937	0.6209	0.4349
T	0.0763	1.4653	0.5642	1.6523	1.0676	0.8437	1.1903	0.9981	0.5263
V	0.9921	1.1942	1.3979	1.7698	1.4149	3.4467	1.4486	1.1595	1.3854
W	4.4804	0.4664	0.914	0.2885	0.2977	0.0917	0.6287	0.197	0.1195
Y	10.1766	1.2296	2.6447	0.1488	0.7474	0.2627	1.1219	1.0403	0.3245

pepL	alpha	w_s
12	99.5307	0.083	0.1488	0	0.3949	0.3733
13	98.9574	0.0263	0.0764	0.2382	0.4675	0.1916
14	98.3293	0.0043	0.0259	0.161	0	0.4702	0.2976	0.0409
15	98.0138	0.0017	0.0096	0.0839	0.3761	0.4093	0.0998	0.0197
16	98.2233	8e-04	0.0022	0.03	0.2337	0	0.522	0.1562	0.0472	0.0079
17	98.7349	8e-04	0.0019	0.0146	0.1152	0.4294	0.2806	0.114	0.0362	0.0072
18	99.2174	5e-04	0.0013	0.0066	0.0433	0.2908	0	0.3312	0.218	0.0767	0.0267	0.005
19	99.5134	0.001	0.0012	0.0074	0.029	0.145	0.2323	0.2917	0.1843	0.0762	0.0263	0.0055
20	99.6911	0.001	0.0012	0.0048	0.0176	0.0704	0.1449	0	0.2809	0.2453	0.1596	0.0505	0.0192	0.0045
21	99.7886	0.0013	0.002	0.0054	0.0189	0.0569	0.1038	0.1384	0.2552	0.2215	0.1327	0.043	0.0166	0.0041
