Allele	BoLA_DRB3_024_25
Type	Standard
n_specificities	1
npep_u	1
npep_t	5000
spec_ids	1
L_core	9
L_N	0
L_C	0
CS_perL	1
pepL_lower	12
pepL_upper	21
n_diff_aa	20

PWM_norm.1	P1	P2	P3	P4	P5	P6	P7	P8	P9
A	0.0934	1.4655	1.5318	2.5284	0.8678	2.3725	0.7658	1.1812	0.8967
C	0.049	0.1005	0.1392	0.2149	0.1594	0.2911	0.2012	0.116	0.4915
D	0.0361	0.6538	0.2241	0.1791	1.0373	1.1992	0.5714	0.5499	0.2309
E	0.0576	1.7354	0.5674	0.1813	1.3659	3.007	0.9389	0.9164	0.1755
F	8.2964	0.7927	1.1638	1.3809	0.4259	0.2104	1.523	0.6052	0.9086
G	0.0619	0.46	0.5773	0.2402	0.7006	1.407	0.572	0.9468	0.2535
H	0.1244	1.5931	1.0571	1.3508	1.0344	0.1663	2.2315	1.5282	0.2217
I	2.7704	0.9289	1.689	2.0318	0.9998	0.7025	1.2031	1.0162	1.8806
K	0.0618	1.1939	1.0076	0.2002	2.0302	0.0727	1.4449	1.5537	0.2974
L	1.3527	0.6749	0.883	1.0905	0.6013	0.4177	1.3386	1.0855	2.6363
M	0.9209	0.4812	0.9181	0.7531	0.6473	0.3354	0.9509	0.5538	1.1333
N	0.0713	1.3847	0.7311	0.4721	1.1107	2.0297	1.6184	0.9038	1.1443
P	0.0388	0.0719	1.3136	0.1025	0.9817	0.4642	0.9084	1.2759	0.0916
Q	0.0536	1.2558	1.2127	0.1619	0.9279	1.0179	1.4661	1.0813	0.3167
R	0.0379	1.2263	1.075	0.0863	1.4606	0.0819	1.1709	1.4304	0.4036
S	0.0414	0.96	0.9193	1.9664	0.8392	1.2218	0.4387	0.746	0.4534
T	0.0773	1.4589	0.6104	1.8064	1.1982	0.9695	0.5472	0.863	0.7928
V	0.9818	1.2283	1.4136	2.7838	1.305	0.852	0.7953	0.997	3.7864
W	4.5203	0.3642	0.8516	0.2745	0.3873	0.0859	1.0506	0.3334	0.1516
Y	10.5593	1.2166	2.3047	0.1808	0.7048	0.1644	1.1744	1.0766	2.6809

pepL	alpha	w_s
12	99.5307	0.083	0.1488	0	0.3949	0.3734
13	98.9575	0.0263	0.0764	0.2382	0.4675	0.1916
14	98.3294	0.0043	0.0259	0.161	0	0.4702	0.2977	0.0409
15	98.0139	0.0017	0.0096	0.0839	0.376	0.4093	0.0998	0.0197
16	98.2233	8e-04	0.0022	0.03	0.2337	0	0.5219	0.1563	0.0471	0.0079
17	98.735	8e-04	0.0019	0.0146	0.1152	0.4293	0.2806	0.114	0.0363	0.0072
18	99.2174	5e-04	0.0013	0.0066	0.0433	0.2908	0	0.3312	0.218	0.0767	0.0267	0.005
19	99.5133	0.001	0.0012	0.0074	0.029	0.145	0.2323	0.2918	0.1844	0.0762	0.0263	0.0055
20	99.691	0.001	0.0012	0.0048	0.0176	0.0704	0.1449	0	0.2809	0.2454	0.1596	0.0505	0.0192	0.0045
21	99.7886	0.0013	0.002	0.0054	0.0189	0.0569	0.1038	0.1383	0.2554	0.2215	0.1327	0.043	0.0166	0.0041
