Allele	BoLA_DRB3_146_01
Type	Standard
n_specificities	1
npep_u	1
npep_t	5000
spec_ids	1
L_core	9
L_N	0
L_C	0
CS_perL	1
pepL_lower	12
pepL_upper	21
n_diff_aa	20

PWM_norm.1	P1	P2	P3	P4	P5	P6	P7	P8	P9
A	0.0934	1.2763	1.4246	1.1737	1.0317	2.1691	0.9709	1.1812	2.0979
C	0.049	0.1405	0.2257	0.4902	0.3051	0.418	0.1937	0.116	1.5483
D	0.0361	0.7383	0.2759	0.5101	1.3259	1.5772	0.6451	0.5499	0.1641
E	0.0576	1.5	0.5376	0.5728	1.0399	1.4454	0.8501	0.9164	0.1739
F	8.2964	0.8432	1.2056	2.5313	0.5154	0.2438	1.429	0.6052	0.4527
G	0.0619	0.4409	0.6163	0.2843	0.7092	1.2588	0.8484	0.9468	1.2814
H	0.1244	1.5903	1.0168	0.8359	1.309	0.5017	2.1044	1.5282	0.2621
I	2.7704	1.1394	1.8284	2.8309	0.7483	0.9144	1.2126	1.0162	1.7592
K	0.0618	1.2703	0.9893	0.2791	1.6345	0.2695	1.5068	1.5537	0.243
L	1.3527	0.7134	0.8762	1.7993	0.4387	0.4799	1.0379	1.0855	1.9566
M	0.9209	0.6048	1.164	2.3016	0.6011	0.5175	0.8677	0.5538	1.0945
N	0.0713	1.1087	0.7933	0.5138	1.308	2.1164	1.4649	0.9038	0.6709
P	0.0388	0.0739	1.0561	0.1695	1.4271	0.7413	0.8765	1.2759	0.1716
Q	0.0536	1.3137	1.1667	0.4823	1.0788	0.8368	1.2054	1.0813	0.3929
R	0.0379	1.352	1.1209	0.1933	1.184	0.276	1.3854	1.4304	0.2966
S	0.0414	0.8751	0.9106	0.7357	1.0179	1.1911	0.5254	0.746	0.8517
T	0.0773	1.279	0.7255	0.9975	1.2704	1.2991	0.6095	0.863	1.0571
V	0.9818	1.5337	1.4564	2.0931	0.9464	1.4018	0.7839	0.997	2.929
W	4.5203	0.651	1.0272	1.0149	0.7568	0.1505	1.0996	0.3334	0.1458
Y	10.5593	1.2012	2.1469	1.0667	0.9425	0.2677	1.2575	1.0766	0.3665

pepL	alpha	w_s
12	99.5307	0.083	0.1488	0	0.3949	0.3734
13	98.9575	0.0263	0.0764	0.2382	0.4675	0.1916
14	98.3294	0.0043	0.0259	0.161	0	0.4702	0.2977	0.0409
15	98.0139	0.0017	0.0096	0.0839	0.376	0.4093	0.0998	0.0197
16	98.2233	8e-04	0.0022	0.03	0.2337	0	0.5219	0.1563	0.0471	0.0079
17	98.735	8e-04	0.0019	0.0146	0.1152	0.4293	0.2806	0.114	0.0363	0.0072
18	99.2174	5e-04	0.0013	0.0066	0.0433	0.2908	0	0.3312	0.218	0.0767	0.0267	0.005
19	99.5133	0.001	0.0012	0.0074	0.029	0.145	0.2323	0.2918	0.1844	0.0762	0.0263	0.0055
20	99.691	0.001	0.0012	0.0048	0.0176	0.0704	0.1449	0	0.2809	0.2454	0.1596	0.0505	0.0192	0.0045
21	99.7886	0.0013	0.002	0.0054	0.0189	0.0569	0.1038	0.1383	0.2554	0.2215	0.1327	0.043	0.0166	0.0041
