Allele	BoLA_DRB3_005_04
Type	Standard
n_specificities	1
npep_u	1
npep_t	5000
spec_ids	1
L_core	9
L_N	0
L_C	0
CS_perL	1
pepL_lower	12
pepL_upper	21
n_diff_aa	20

PWM_norm.1	P1	P2	P3	P4	P5	P6	P7	P8	P9
A	0.1899	0.9786	1.4683	1.318	0.9584	0.9306	1.0363	1.1812	2.8823
C	0.1089	0.1182	0.3474	0.1491	0.267	0.2121	0.241	0.116	0.236
D	0.0737	0.5555	0.4121	8.3914	1.4188	1.2087	0.8812	0.5499	0.4497
E	0.0782	1.1065	0.6688	1.1739	1.227	0.4782	1.8425	0.9164	0.4846
F	3.8692	0.8442	1.1583	0.4712	0.622	0.2321	0.8619	0.6052	0.2476
G	0.1332	0.3341	0.6012	0.3901	0.6803	0.3181	0.6689	0.9468	2.954
H	0.1381	1.4506	0.8028	0.2749	1.095	1.2264	1.2085	1.5282	0.883
I	6.3705	1.5874	2.2495	0.4909	1.0962	1.9948	1.0847	1.0162	0.3248
K	0.0993	1.7251	0.9267	0.0808	1.5142	1.9378	0.5622	1.5537	0.2833
L	2.41	0.856	0.9042	0.2108	0.6408	1.0068	0.8904	1.0855	0.1751
M	1.6523	0.5286	1.3498	0.3858	0.8393	0.6482	0.6946	0.5538	0.3138
N	0.1121	1.0179	0.915	1.3691	1.0419	1.5221	2.674	0.9038	0.9326
P	0.1159	0.0529	1.1054	0.0635	1.0729	0.4951	0.8129	1.2759	0.3804
Q	0.0776	1.1967	0.9109	0.6347	1.1437	0.8021	1.0416	1.0813	2.8359
R	0.0956	1.746	0.8265	0.0755	1.1439	1.2278	0.4581	1.4304	0.2655
S	0.076	0.7128	0.8742	1.4193	0.7985	0.5569	0.8923	0.746	2.1883
T	0.1878	1.1169	0.8169	1.1492	1.1894	1.5153	0.8278	0.863	0.6405
V	2.6049	1.9381	1.4084	0.6031	1.1648	2.2343	1.2094	0.997	0.4338
W	1.7504	0.5113	0.748	0.149	0.5273	0.1646	0.667	0.3334	0.0731
Y	2.0953	1.1473	1.7927	0.1246	1.0156	0.2333	1.3514	1.0766	0.2052

pepL	alpha	w_s
12	99.5307	0.083	0.1488	0	0.3949	0.3734
13	98.9575	0.0263	0.0764	0.2382	0.4675	0.1916
14	98.3294	0.0043	0.0259	0.161	0	0.4702	0.2977	0.0409
15	98.0139	0.0017	0.0096	0.0839	0.376	0.4093	0.0998	0.0197
16	98.2233	8e-04	0.0022	0.03	0.2337	0	0.5219	0.1563	0.0471	0.0079
17	98.735	8e-04	0.0019	0.0146	0.1152	0.4293	0.2806	0.114	0.0363	0.0072
18	99.2174	5e-04	0.0013	0.0066	0.0433	0.2908	0	0.3312	0.218	0.0767	0.0267	0.005
19	99.5133	0.001	0.0012	0.0074	0.029	0.145	0.2323	0.2918	0.1844	0.0762	0.0263	0.0055
20	99.691	0.001	0.0012	0.0048	0.0176	0.0704	0.1449	0	0.2809	0.2454	0.1596	0.0505	0.0192	0.0045
21	99.7886	0.0013	0.002	0.0054	0.0189	0.0569	0.1038	0.1383	0.2554	0.2215	0.1327	0.043	0.0166	0.0041
