Allele	BoLA_DRB3_138_01
Type	Standard
n_specificities	1
npep_u	1
npep_t	5000
spec_ids	1
L_core	9
L_N	0
L_C	0
CS_perL	1
pepL_lower	12
pepL_upper	21
n_diff_aa	20

PWM_norm.1	P1	P2	P3	P4	P5	P6	P7	P8	P9
A	0.0896	0.971	1.6225	3.605	1.1921	0.5976	1.2307	1.0392	1.2262
C	0.0511	0.118	0.2656	0.0958	0.184	0.1352	0.2475	0.1645	0.2632
D	0.0347	0.5546	0.3958	0.123	0.8969	0.5118	0.5516	0.7135	2.0245
E	0.0549	1.1045	0.6995	0.0928	1.0712	0.3465	0.5544	1.0608	1.4585
F	8.5177	0.8507	1.3262	1.5889	0.8231	0.2472	1.2592	0.7935	1.2479
G	0.0609	0.3361	0.745	0.466	0.4837	0.227	1.1115	0.7587	1.2335
H	0.1257	1.4432	1.0478	2.8616	0.8978	1.1168	3.3866	1.1472	1.0522
I	2.7942	1.5947	1.579	0.9933	1.8777	1.4425	1.2091	1.1728	1.6293
K	0.0562	1.7443	0.8833	0.8346	1.6403	5.0793	1.6314	1.5028	0.2717
L	1.3764	0.8388	0.6469	0.2376	0.9402	0.8067	1.0005	1.0603	0.7323
M	0.9048	0.5271	1.6672	0.2257	1.0697	0.5432	0.8003	0.7805	1.143
N	0.0706	1.0223	0.8661	0.8942	0.9571	0.4851	1.3686	0.9698	0.9473
P	0.0383	0.0548	1.047	0.0476	0.7152	0.3575	0.4432	1.1732	0.3519
Q	0.0511	1.2417	1.0463	0.3254	1.4795	0.589	0.8936	1.1018	1.9546
R	0.0397	1.734	0.8394	0.5686	0.7332	3.0814	1.3241	1.297	0.2937
S	0.0409	0.7046	1.2171	1.2486	0.4549	0.2839	0.5837	0.7321	0.7868
T	0.0763	1.109	0.7531	2.0816	1.2691	0.8968	0.6243	0.8726	0.6677
V	0.9921	1.94	1.1218	2.148	1.2775	1.3582	0.7949	1.0479	1.1635
W	4.4804	0.5062	1.02	0.91	0.3583	0.2683	1.2902	0.5115	0.4814
Y	10.1766	1.153	1.9765	0.5242	1.3852	0.2551	1.3029	1.2902	0.9914

pepL	alpha	w_s
12	99.5307	0.083	0.1488	0	0.3949	0.3733
13	98.9574	0.0263	0.0764	0.2382	0.4675	0.1916
14	98.3293	0.0043	0.0259	0.161	0	0.4702	0.2976	0.0409
15	98.0138	0.0017	0.0096	0.0839	0.3761	0.4093	0.0998	0.0197
16	98.2233	8e-04	0.0022	0.03	0.2337	0	0.522	0.1562	0.0472	0.0079
17	98.7349	8e-04	0.0019	0.0146	0.1152	0.4294	0.2806	0.114	0.0362	0.0072
18	99.2174	5e-04	0.0013	0.0066	0.0433	0.2908	0	0.3312	0.218	0.0767	0.0267	0.005
19	99.5134	0.001	0.0012	0.0074	0.029	0.145	0.2323	0.2917	0.1843	0.0762	0.0263	0.0055
20	99.6911	0.001	0.0012	0.0048	0.0176	0.0704	0.1449	0	0.2809	0.2453	0.1596	0.0505	0.0192	0.0045
21	99.7886	0.0013	0.002	0.0054	0.0189	0.0569	0.1038	0.1384	0.2552	0.2215	0.1327	0.043	0.0166	0.0041
