Allele	BoLA_DRB3_059_01
Type	Standard
n_specificities	1
npep_u	1
npep_t	5000
spec_ids	1
L_core	9
L_N	0
L_C	0
CS_perL	1
pepL_lower	12
pepL_upper	21
n_diff_aa	20

PWM_norm.1	P1	P2	P3	P4	P5	P6	P7	P8	P9
A	0.1605	1.2784	1.6225	4.12	1.0102	0.5504	1.1744	1.1786	2.9915
C	0.094	0.1648	0.2656	0.0844	0.1464	0.1093	0.2243	0.1131	0.2264
D	0.0898	0.814	0.3958	4.2683	0.8704	0.4339	0.5748	0.5371	0.4185
E	0.0559	0.55	0.6995	0.4058	1.0386	0.323	1.572	0.9166	0.4532
F	2.1963	0.1522	1.3262	0.2551	0.6687	0.1684	0.7894	0.6046	0.2364
G	0.1062	0.2947	0.745	0.5323	0.6054	0.155	0.7652	0.9621	2.9595
H	0.1099	2.2224	1.0478	0.1549	1.0888	1.655	1.0696	1.5437	0.8422
I	6.7348	0.5985	1.579	0.355	1.4965	1.64	1.0891	1.0119	0.3293
K	0.087	2.0762	0.8833	0.0758	1.9462	4.8406	0.7145	1.5625	0.2691
L	3.4303	0.4643	0.6469	0.1249	0.9651	0.7882	1.4574	1.0918	0.1742
M	1.5616	0.7821	1.6672	0.1936	0.9647	0.4759	0.8108	0.5453	0.3262
N	0.1292	2.3327	0.8661	0.5169	0.9462	0.6991	2.0602	0.8962	0.8888
P	0.1119	0.0861	1.047	0.0312	0.76	0.321	0.7274	1.2711	0.3627
Q	0.0752	1.2558	1.0463	0.2176	1.2186	0.6957	1.1	1.0865	2.897
R	0.068	3.0769	0.8394	0.0704	1.063	2.9545	0.5344	1.4361	0.2309
S	0.0634	0.7308	1.2171	1.9266	0.5385	0.226	0.8007	0.7431	2.2102
T	0.1735	1.063	0.7531	2.4489	1.0933	0.8402	0.7008	0.862	0.635
V	2.6874	1.0003	1.1218	1.0156	1.464	1.6869	1.139	0.984	0.4172
W	0.6852	0.1321	1.02	0.0474	0.3972	0.1227	0.6089	0.333	0.071
Y	0.6738	1.2914	1.9765	0.0546	1.0311	0.1772	1.2626	1.0692	0.1724

pepL	alpha	w_s
12	99.5307	0.083	0.1488	0	0.3949	0.3733
13	98.9574	0.0263	0.0764	0.2382	0.4675	0.1916
14	98.3293	0.0043	0.0259	0.161	0	0.4702	0.2976	0.0409
15	98.0138	0.0017	0.0096	0.0839	0.3761	0.4093	0.0998	0.0197
16	98.2233	8e-04	0.0022	0.03	0.2337	0	0.522	0.1562	0.0472	0.0079
17	98.7349	8e-04	0.0019	0.0146	0.1152	0.4294	0.2806	0.114	0.0362	0.0072
18	99.2174	5e-04	0.0013	0.0066	0.0433	0.2908	0	0.3312	0.218	0.0767	0.0267	0.005
19	99.5134	0.001	0.0012	0.0074	0.029	0.145	0.2323	0.2917	0.1843	0.0762	0.0263	0.0055
20	99.6911	0.001	0.0012	0.0048	0.0176	0.0704	0.1449	0	0.2809	0.2453	0.1596	0.0505	0.0192	0.0045
21	99.7886	0.0013	0.002	0.0054	0.0189	0.0569	0.1038	0.1384	0.2552	0.2215	0.1327	0.043	0.0166	0.0041
