Allele	BoLA_DRB3_004_03
Type	Standard
n_specificities	1
npep_u	1
npep_t	5000
spec_ids	1
L_core	9
L_N	0
L_C	0
CS_perL	1
pepL_lower	12
pepL_upper	21
n_diff_aa	20

PWM_norm.1	P1	P2	P3	P4	P5	P6	P7	P8	P9
A	0.1391	0.9786	1.5907	0.8935	0.9477	0.472	0.8433	1.1812	2.8823
C	0.0583	0.1182	0.2804	0.163	0.3169	0.0424	0.2776	0.116	0.236
D	0.0402	0.5555	0.5111	0.2057	1.108	0.3344	0.6435	0.5499	0.4497
E	0.0321	1.1065	0.795	0.2918	1.0739	0.23	0.9551	0.9164	0.4846
F	0.8712	0.8442	1.0454	3.0362	0.6712	0.1054	1.1183	0.6052	0.2476
G	0.0626	0.3341	0.7087	0.2417	0.7703	0.1241	0.6266	0.9468	2.954
H	0.041	1.4506	0.8247	4.6053	1.2013	0.6717	2.29	1.5282	0.883
I	8.7661	1.5874	2.3246	1.4477	1.0401	1.131	1.1302	1.0162	0.3248
K	0.0339	1.7251	0.8812	1.6213	1.7222	7.2571	1.4874	1.5537	0.2833
L	2.7494	0.856	0.9193	0.9092	0.5907	0.7403	1.2304	1.0855	0.1751
M	1.3964	0.5286	1.1058	1.0264	0.9064	0.2807	0.8497	0.5538	0.3138
N	0.0398	1.0179	0.8488	1.2087	1.238	0.2573	1.7733	0.9038	0.9326
P	0.0759	0.0529	1.0026	0.072	1.2258	0.2394	0.574	1.2759	0.3804
Q	0.0349	1.1967	0.8584	0.8697	1.2422	0.3842	1.3516	1.0813	2.8359
R	0.0305	1.746	0.7923	0.9795	1.016	3.507	1.1528	1.4304	0.2655
S	0.033	0.7128	0.7845	0.4046	0.8266	0.1709	0.5297	0.746	2.1883
T	0.1218	1.1169	0.8781	0.6135	1.287	0.6242	0.6427	0.863	0.6405
V	3.9808	1.9381	1.4068	1.1928	0.8959	1.0769	0.9232	0.997	0.4338
W	0.1798	0.5113	0.5362	3.3639	0.7372	0.082	1.2116	0.3334	0.0731
Y	0.1653	1.1473	1.7551	2.5807	1.0517	0.108	1.587	1.0766	0.2052

pepL	alpha	w_s
12	99.5307	0.083	0.1488	0	0.3949	0.3734
13	98.9575	0.0263	0.0764	0.2382	0.4675	0.1916
14	98.3294	0.0043	0.0259	0.161	0	0.4702	0.2977	0.0409
15	98.0139	0.0017	0.0096	0.0839	0.376	0.4093	0.0998	0.0197
16	98.2233	8e-04	0.0022	0.03	0.2337	0	0.5219	0.1563	0.0471	0.0079
17	98.735	8e-04	0.0019	0.0146	0.1152	0.4293	0.2806	0.114	0.0363	0.0072
18	99.2174	5e-04	0.0013	0.0066	0.0433	0.2908	0	0.3312	0.218	0.0767	0.0267	0.005
19	99.5133	0.001	0.0012	0.0074	0.029	0.145	0.2323	0.2918	0.1844	0.0762	0.0263	0.0055
20	99.691	0.001	0.0012	0.0048	0.0176	0.0704	0.1449	0	0.2809	0.2454	0.1596	0.0505	0.0192	0.0045
21	99.7886	0.0013	0.002	0.0054	0.0189	0.0569	0.1038	0.1383	0.2554	0.2215	0.1327	0.043	0.0166	0.0041
