Allele	BoLA_DRB3_085_02
Type	Standard
n_specificities	1
npep_u	1
npep_t	5000
spec_ids	1
L_core	9
L_N	0
L_C	0
CS_perL	1
pepL_lower	12
pepL_upper	21
n_diff_aa	20

PWM_norm.1	P1	P2	P3	P4	P5	P6	P7	P8	P9
A	0.0896	1.3819	1.5882	3.0249	0.8885	0.7911	0.877	1.1786	1.1861
C	0.0511	0.0859	0.2204	0.2577	0.1322	0.1868	0.1921	0.1131	0.3889
D	0.0347	0.6727	0.2955	0.3146	1.283	0.8708	0.6116	0.5371	0.3607
E	0.0549	1.7044	0.6706	0.1742	1.3579	0.8456	1.2558	0.9166	0.5422
F	8.5177	0.8393	1.3697	1.2015	0.5063	0.2313	0.897	0.6046	1.0361
G	0.0609	0.4529	0.5366	0.3897	0.6494	0.3364	0.7614	0.9621	0.7897
H	0.1257	1.6694	1.0181	2.5328	1.2898	0.9562	1.6671	1.5437	0.6422
I	2.7942	0.9773	2.0981	1.3955	1.0445	2.623	1.1697	1.0119	1.1714
K	0.0562	1.1873	0.9788	0.228	1.9972	0.9456	1.2045	1.5625	1.3004
L	1.3764	0.683	0.8298	0.4288	0.6788	1.3588	1.5781	1.0918	1.3829
M	0.9048	0.4878	1.2127	0.3842	0.6271	0.7188	0.979	0.5453	1.8909
N	0.0706	1.3314	0.7867	0.7618	0.98	1.153	1.6241	0.8962	0.7554
P	0.0383	0.0706	1.1034	0.1162	0.7802	0.5304	0.702	1.2711	0.1533
Q	0.0511	1.3149	1.0122	0.1782	1.0843	0.8643	1.3953	1.0865	1.0805
R	0.0397	1.2296	0.6748	0.1138	1.3312	1.1948	0.798	1.4361	2.3823
S	0.0409	0.9684	0.9167	2.2048	0.7337	0.4441	0.5008	0.7431	0.7829
T	0.0763	1.4653	0.5642	1.8261	1.1284	1.2694	0.5911	0.862	0.5835
V	0.9921	1.1942	1.3979	2.5998	1.2821	2.7081	1.0174	0.984	1.3116
W	4.4804	0.4664	0.914	0.2932	0.4669	0.2029	0.7884	0.333	0.6018
Y	10.1766	1.2296	2.6447	0.1823	0.891	0.366	1.2839	1.0692	1.4373

pepL	alpha	w_s
12	99.5307	0.083	0.1488	0	0.3949	0.3733
13	98.9574	0.0263	0.0764	0.2382	0.4675	0.1916
14	98.3293	0.0043	0.0259	0.161	0	0.4702	0.2976	0.0409
15	98.0138	0.0017	0.0096	0.0839	0.3761	0.4093	0.0998	0.0197
16	98.2233	8e-04	0.0022	0.03	0.2337	0	0.522	0.1562	0.0472	0.0079
17	98.7349	8e-04	0.0019	0.0146	0.1152	0.4294	0.2806	0.114	0.0362	0.0072
18	99.2174	5e-04	0.0013	0.0066	0.0433	0.2908	0	0.3312	0.218	0.0767	0.0267	0.005
19	99.5134	0.001	0.0012	0.0074	0.029	0.145	0.2323	0.2917	0.1843	0.0762	0.0263	0.0055
20	99.6911	0.001	0.0012	0.0048	0.0176	0.0704	0.1449	0	0.2809	0.2453	0.1596	0.0505	0.0192	0.0045
21	99.7886	0.0013	0.002	0.0054	0.0189	0.0569	0.1038	0.1384	0.2552	0.2215	0.1327	0.043	0.0166	0.0041
