Allele	BoLA_DRB3_126_01
Type	Standard
n_specificities	1
npep_u	1
npep_t	5000
spec_ids	1
L_core	9
L_N	0
L_C	0
CS_perL	1
pepL_lower	12
pepL_upper	21
n_diff_aa	20

PWM_norm.1	P1	P2	P3	P4	P5	P6	P7	P8	P9
A	0.0934	1.1607	1.3954	1.7331	1.0025	0.7818	1.3151	1.1812	1.092
C	0.049	0.1118	0.2623	0.4475	0.223	0.2877	0.1672	0.116	0.542
D	0.0361	0.6338	0.2059	0.5001	1.7727	4.1235	0.8892	0.5499	0.1885
E	0.0576	1.3684	0.493	0.734	1.4356	0.7554	1.0316	0.9164	0.2375
F	8.2964	0.8526	1.3723	1.3954	0.4374	0.1579	0.915	0.6052	1.4774
G	0.0619	0.3848	0.324	0.3236	0.6447	0.3912	1.5028	0.9468	0.4496
H	0.1244	1.2561	0.6516	0.9844	1.0052	0.8676	1.2485	1.5282	0.3514
I	2.7704	1.3421	2.2919	2.099	0.8859	1.0561	1.4896	1.0162	1.9125
K	0.0618	1.482	1.0703	0.2195	1.606	0.3489	0.978	1.5537	0.212
L	1.3527	0.8135	1.0092	1.1188	0.4835	0.5383	1.4195	1.0855	2.2623
M	0.9209	0.5171	1.3665	1.1576	0.4779	0.5576	1.3944	0.5538	1.4762
N	0.0713	0.99	0.6737	1.1898	1.1255	3.3533	1.0917	0.9038	0.6783
P	0.0388	0.0632	1.2682	0.1055	1.3135	0.4885	0.5859	1.2759	0.1227
Q	0.0536	1.1825	0.8704	0.5867	0.9325	0.6706	0.8901	1.0813	0.55
R	0.0379	1.5489	0.8502	0.1246	1.1717	0.2844	0.8991	1.4304	0.375
S	0.0414	0.7706	1.0078	1.759	0.8465	1.1032	0.5502	0.746	0.6773
T	0.0773	1.2343	0.605	1.3914	1.1686	1.9568	0.6591	0.863	0.8719
V	0.9818	1.8888	1.5993	2.2416	1.0588	1.5939	0.8493	0.997	3.0834
W	4.5203	0.4506	0.5722	0.4438	0.6256	0.115	0.4792	0.3334	0.2168
Y	10.5593	1.1478	2.2936	0.3526	0.8943	0.1868	0.9616	1.0766	2.7968

pepL	alpha	w_s
12	99.5307	0.083	0.1488	0	0.3949	0.3734
13	98.9575	0.0263	0.0764	0.2382	0.4675	0.1916
14	98.3294	0.0043	0.0259	0.161	0	0.4702	0.2977	0.0409
15	98.0139	0.0017	0.0096	0.0839	0.376	0.4093	0.0998	0.0197
16	98.2233	8e-04	0.0022	0.03	0.2337	0	0.5219	0.1563	0.0471	0.0079
17	98.735	8e-04	0.0019	0.0146	0.1152	0.4293	0.2806	0.114	0.0363	0.0072
18	99.2174	5e-04	0.0013	0.0066	0.0433	0.2908	0	0.3312	0.218	0.0767	0.0267	0.005
19	99.5133	0.001	0.0012	0.0074	0.029	0.145	0.2323	0.2918	0.1844	0.0762	0.0263	0.0055
20	99.691	0.001	0.0012	0.0048	0.0176	0.0704	0.1449	0	0.2809	0.2454	0.1596	0.0505	0.0192	0.0045
21	99.7886	0.0013	0.002	0.0054	0.0189	0.0569	0.1038	0.1383	0.2554	0.2215	0.1327	0.043	0.0166	0.0041
