Allele	BoLA_DRB3_021_03
Type	Standard
n_specificities	2
npep_u	0.96	0.04
npep_t	5000	5000
spec_ids	1	2
L_core	9
L_N	0
L_C	0
CS_perL	1
pepL_lower	12
pepL_upper	21
n_diff_aa	20

PWM_norm.1	P1	P2	P3	P4	P5	P6	P7	P8	P9
A	0.0934	0.9786	1.4148	1.9354	0.874	0.5557	1.9616	1.1822	2.3244
C	0.049	0.1182	0.3168	0.4267	0.2486	0.0768	0.133	0.1192	0.2038
D	0.0361	0.5555	0.3842	0.4367	1.2267	0.4107	0.3836	0.5527	0.4511
E	0.0576	1.1065	0.6135	0.5319	1.1563	0.3254	0.7602	0.8641	0.5515
F	8.2964	0.8442	1.2901	0.8845	0.618	0.1164	0.6075	0.6219	0.4966
G	0.0619	0.3341	0.4771	0.2197	0.6482	0.1799	1.5771	0.9713	2.3564
H	0.1244	1.4506	0.9777	0.7349	1.2634	1.8674	1.0807	1.4536	0.8959
I	2.7704	1.5874	2.0506	2.3474	1.1201	0.8994	1.1561	1.0428	0.425
K	0.0618	1.7251	0.976	0.3793	1.9481	6.3153	1.3301	1.5318	1.6832
L	1.3527	0.856	0.9521	1.5415	0.7332	0.5516	1.0589	1.0455	0.2422
M	0.9209	0.5286	1.2608	0.9333	0.8359	0.5291	0.9097	0.5741	0.5251
N	0.0713	1.0179	0.8048	1.1088	1.1008	0.4228	1.1336	0.9364	0.8952
P	0.0388	0.0529	1.0836	0.1512	0.8701	0.4735	1.2847	1.3408	0.3705
Q	0.0536	1.1967	1.1656	0.3324	1.1158	0.5851	1.0519	1.0572	2.1754
R	0.0379	1.746	0.9304	0.1729	1.2221	3.0744	0.9298	1.4183	0.9461
S	0.0414	0.7128	0.739	1.3807	0.7073	0.212	0.6649	0.7684	1.6745
T	0.0773	1.1169	0.819	1.1577	1.1051	0.6471	0.4978	0.875	0.5483
V	0.9818	1.9381	1.5145	2.8132	1.2244	1.3024	0.7447	1.0051	0.5218
W	4.5203	0.5113	0.8567	0.1284	0.6399	0.0858	0.497	0.3399	0.2509
Y	10.5593	1.1473	1.8853	0.4398	0.9525	0.1535	0.9868	1.0876	0.354

PWM_norm.2	P1	P2	P3	P4	P5	P6	P7	P8	P9
A	0.0984	0.9964	1.392	1.7476	0.9775	1.2926	2.7849	1.2107	2.4979
C	0.0569	0.1071	0.303	0.4116	0.2012	0.1607	0.1305	0.1329	0.2305
D	0.0413	0.5211	0.3156	0.2615	1.2034	0.8653	0.2676	0.5737	0.4411
E	0.0653	1.0976	0.6213	0.527	1.3018	0.572	0.624	0.8751	0.5785
F	8.0022	0.7549	1.2778	1.1554	0.5038	0.2051	0.9233	0.6234	0.3819
G	0.0697	0.3464	0.497	0.3034	0.6084	0.2947	1.9461	0.9473	2.3448
H	0.1444	1.4618	0.997	1.0406	1.2433	0.8412	1.1026	1.4714	0.9309
I	2.8398	1.5697	1.9189	1.6156	1.0945	2.279	1.0975	1.0193	0.5204
K	0.0624	1.7089	0.9487	1.2153	1.7805	1.257	0.8	1.4896	1.329
L	1.4316	0.8619	0.9504	1.2115	0.7393	1.3442	1.1005	1.0705	0.2675
M	0.9366	0.5487	1.1653	0.804	0.7257	0.8637	0.9455	0.6001	0.5567
N	0.0767	1.0274	0.8429	1.1979	0.9537	0.6991	0.7638	0.946	0.7627
P	0.0412	0.0542	1.2572	0.1954	0.9408	0.8799	1.0947	1.3231	0.4012
Q	0.0576	1.2117	1.1567	0.4428	1.0796	1.3902	0.7571	1.0511	2.2093
R	0.0434	1.767	0.9768	0.4852	1.311	0.6591	0.7307	1.413	0.7676
S	0.046	0.719	0.7741	1.4262	0.6971	0.3524	0.5706	0.7836	1.743
T	0.0809	1.1041	0.8259	1.1432	1.0574	1.5582	0.6793	0.8372	0.6374
V	1.0146	1.9942	1.453	2.4706	1.3305	2.443	0.9099	1.0056	0.5763
W	4.8497	0.4582	0.8097	0.2758	0.4957	0.1169	0.3699	0.3535	0.2678
Y	10.1586	1.1165	1.8564	0.626	0.9767	0.2102	0.6513	1.0624	0.3599

pepL	alpha	w_s
12	99.5307	0.083	0.1488	0	0.3949	0.3734	0.083	0.1488	0	0.3949	0.3734
13	98.9575	0.0263	0.0764	0.2382	0.4675	0.1916	0.0263	0.0764	0.2382	0.4675	0.1916
14	98.3294	0.0043	0.0259	0.161	0	0.4702	0.2977	0.0409	0.0043	0.0259	0.161	0	0.4702	0.2977	0.0409
15	98.0139	0.0017	0.0096	0.0839	0.376	0.4093	0.0998	0.0197	0.0017	0.0096	0.0839	0.376	0.4093	0.0998	0.0197
16	98.2233	8e-04	0.0022	0.03	0.2337	0	0.5219	0.1563	0.0471	0.0079	8e-04	0.0022	0.03	0.2337	0	0.5219	0.1563	0.0471	0.0079
17	98.735	8e-04	0.0019	0.0146	0.1152	0.4293	0.2806	0.114	0.0363	0.0072	8e-04	0.0019	0.0146	0.1152	0.4293	0.2806	0.114	0.0363	0.0072
18	99.2174	5e-04	0.0013	0.0066	0.0433	0.2908	0	0.3312	0.218	0.0767	0.0267	0.005	5e-04	0.0013	0.0066	0.0433	0.2908	0	0.3312	0.218	0.0767	0.0267	0.005
19	99.5133	0.001	0.0012	0.0074	0.029	0.145	0.2323	0.2918	0.1844	0.0762	0.0263	0.0055	0.001	0.0012	0.0074	0.029	0.145	0.2323	0.2918	0.1844	0.0762	0.0263	0.0055
20	99.691	0.001	0.0012	0.0048	0.0176	0.0704	0.1449	0	0.2809	0.2454	0.1596	0.0505	0.0192	0.0045	0.001	0.0012	0.0048	0.0176	0.0704	0.1449	0	0.2809	0.2454	0.1596	0.0505	0.0192	0.0045
21	99.7886	0.0013	0.002	0.0054	0.0189	0.0569	0.1038	0.1383	0.2554	0.2215	0.1327	0.043	0.0166	0.0041	0.0013	0.002	0.0054	0.0189	0.0569	0.1038	0.1383	0.2554	0.2215	0.1327	0.043	0.0166	0.0041
