Allele	BoLA_DRB3_007_04
Type	Standard
n_specificities	1
npep_u	1
npep_t	5000
spec_ids	1
L_core	9
L_N	0
L_C	0
CS_perL	1
pepL_lower	12
pepL_upper	21
n_diff_aa	20

PWM_norm.1	P1	P2	P3	P4	P5	P6	P7	P8	P9
A	0.1598	1.4655	1.5318	1.9205	1.1275	3.1636	0.8725	1.0607	0.3306
C	0.0686	0.1005	0.1392	0.2839	0.2453	0.6463	0.2718	0.1717	0.0878
D	0.0465	0.6538	0.2241	0.1932	1.7024	0.6567	1.0986	0.6905	0.1433
E	0.0361	1.7354	0.5674	0.2228	1.2154	0.7352	1.1107	0.8429	0.1489
F	1.2075	0.7927	1.1638	1.7461	0.4253	0.2533	1.2554	0.7526	4.534
G	0.0913	0.46	0.5773	0.2657	0.6772	2.07	0.772	0.8678	0.1035
H	0.0557	1.5931	1.0571	1.2229	1.0466	0.2484	1.6772	1.1532	0.2092
I	8.8482	0.9289	1.689	2.4354	0.9425	0.8485	1.1892	1.1532	4.9874
K	0.0511	1.1939	1.0076	0.14	1.6509	0.106	1.093	1.5476	0.1063
L	2.6807	0.6749	0.883	1.047	0.4903	0.4411	1.3011	0.9804	2.3346
M	1.5984	0.4812	0.9181	0.8023	0.5628	0.3883	1.1531	0.6992	1.799
N	0.0572	1.3847	0.7311	0.5833	1.1816	1.5386	1.6069	1.0553	0.2319
P	0.0827	0.0719	1.3136	0.1205	1.2539	1.171	0.7694	1.3287	0.0924
Q	0.0401	1.2558	1.2127	0.1978	0.8319	0.7341	1.2186	0.9756	0.2436
R	0.0421	1.2263	1.075	0.0764	1.2002	0.0925	0.9552	1.3685	0.0985
S	0.0434	0.96	0.9193	2.0054	0.8519	1.3109	0.5548	0.8447	0.1299
T	0.1511	1.4589	0.6104	1.7561	1.1723	1.2033	0.6368	0.9278	0.3957
V	3.5484	1.2283	1.4136	2.8719	1.1607	1.4252	0.8456	1.0299	2.6214
W	0.3015	0.3642	0.8516	0.4312	0.5973	0.0979	1.0632	0.4452	1.1089
Y	0.2197	1.2166	2.3047	0.2061	0.8298	0.1678	1.1601	1.13	2.1958

pepL	alpha	w_s
12	99.5307	0.083	0.1488	0	0.3949	0.3734
13	98.9575	0.0263	0.0764	0.2382	0.4675	0.1916
14	98.3294	0.0043	0.0259	0.161	0	0.4702	0.2977	0.0409
15	98.0139	0.0017	0.0096	0.0839	0.376	0.4093	0.0998	0.0197
16	98.2233	8e-04	0.0022	0.03	0.2337	0	0.5219	0.1563	0.0471	0.0079
17	98.735	8e-04	0.0019	0.0146	0.1152	0.4293	0.2806	0.114	0.0363	0.0072
18	99.2174	5e-04	0.0013	0.0066	0.0433	0.2908	0	0.3312	0.218	0.0767	0.0267	0.005
19	99.5133	0.001	0.0012	0.0074	0.029	0.145	0.2323	0.2918	0.1844	0.0762	0.0263	0.0055
20	99.691	0.001	0.0012	0.0048	0.0176	0.0704	0.1449	0	0.2809	0.2454	0.1596	0.0505	0.0192	0.0045
21	99.7886	0.0013	0.002	0.0054	0.0189	0.0569	0.1038	0.1383	0.2554	0.2215	0.1327	0.043	0.0166	0.0041
