Allele	BoLA_DRB3_038_01
Type	Standard
n_specificities	1
npep_u	1
npep_t	5000
spec_ids	1
L_core	9
L_N	0
L_C	0
CS_perL	1
pepL_lower	12
pepL_upper	21
n_diff_aa	20

PWM_norm.1	P1	P2	P3	P4	P5	P6	P7	P8	P9
A	0.0934	0.9786	1.4683	1.7544	0.9444	0.6129	1.3545	1.1812	2.8823
C	0.049	0.1182	0.3474	0.1479	0.2126	0.102	0.194	0.116	0.236
D	0.0361	0.5555	0.4121	8.0146	1.3503	0.5374	0.5671	0.5499	0.4497
E	0.0576	1.1065	0.6688	0.7737	1.2728	0.3235	1.1008	0.9164	0.4846
F	8.2964	0.8442	1.1583	0.5672	0.6232	0.1725	0.8234	0.6052	0.2476
G	0.0619	0.3341	0.6012	0.4284	0.6931	0.1693	1.3201	0.9468	2.954
H	0.1244	1.4506	0.8028	0.2942	1.1018	1.589	1.2842	1.5282	0.883
I	2.7704	1.5874	2.2495	0.4499	1.2183	1.5996	1.363	1.0162	0.3248
K	0.0618	1.7251	0.9267	0.0776	1.6858	4.498	0.8518	1.5537	0.2833
L	1.3527	0.856	0.9042	0.1766	0.6612	0.8571	0.9945	1.0855	0.1751
M	0.9209	0.5286	1.3498	0.2889	0.8136	0.514	0.7704	0.5538	0.3138
N	0.0713	1.0179	0.915	1.2671	0.985	0.7587	1.8491	0.9038	0.9326
P	0.0388	0.0529	1.1054	0.0509	0.9666	0.3364	0.8068	1.2759	0.3804
Q	0.0536	1.1967	0.9109	0.4691	1.1624	0.6616	0.9098	1.0813	2.8359
R	0.0379	1.746	0.8265	0.0698	1.149	2.9351	0.7012	1.4304	0.2655
S	0.0414	0.7128	0.8742	1.6318	0.7069	0.2675	0.8155	0.746	2.1883
T	0.0773	1.1169	0.8169	1.2937	1.2205	0.8711	0.877	0.863	0.6405
V	0.9818	1.9381	1.4084	0.686	1.1555	1.6845	1.0743	0.997	0.4338
W	4.5203	0.5113	0.748	0.1263	0.4726	0.1182	0.6493	0.3334	0.0731
Y	10.5593	1.1473	1.7927	0.1322	0.9883	0.176	1.3031	1.0766	0.2052

pepL	alpha	w_s
12	99.5307	0.083	0.1488	0	0.3949	0.3734
13	98.9575	0.0263	0.0764	0.2382	0.4675	0.1916
14	98.3294	0.0043	0.0259	0.161	0	0.4702	0.2977	0.0409
15	98.0139	0.0017	0.0096	0.0839	0.376	0.4093	0.0998	0.0197
16	98.2233	8e-04	0.0022	0.03	0.2337	0	0.5219	0.1563	0.0471	0.0079
17	98.735	8e-04	0.0019	0.0146	0.1152	0.4293	0.2806	0.114	0.0363	0.0072
18	99.2174	5e-04	0.0013	0.0066	0.0433	0.2908	0	0.3312	0.218	0.0767	0.0267	0.005
19	99.5133	0.001	0.0012	0.0074	0.029	0.145	0.2323	0.2918	0.1844	0.0762	0.0263	0.0055
20	99.691	0.001	0.0012	0.0048	0.0176	0.0704	0.1449	0	0.2809	0.2454	0.1596	0.0505	0.0192	0.0045
21	99.7886	0.0013	0.002	0.0054	0.0189	0.0569	0.1038	0.1383	0.2554	0.2215	0.1327	0.043	0.0166	0.0041
