Allele	BoLA_DRB3_036_01
Type	Standard
n_specificities	1
npep_u	1
npep_t	5000
spec_ids	1
L_core	9
L_N	0
L_C	0
CS_perL	1
pepL_lower	12
pepL_upper	21
n_diff_aa	20

PWM_norm.1	P1	P2	P3	P4	P5	P6	P7	P8	P9
A	0.1391	0.9786	1.717	3.2773	1.2218	0.7067	1.2315	1.1822	0.2435
C	0.0583	0.1182	0.2089	0.1435	0.1654	0.1089	0.4394	0.1192	0.0619
D	0.0402	0.5555	0.369	0.1596	0.9366	0.6096	0.7957	0.5527	0.0793
E	0.0321	1.1065	0.6892	0.0971	1.0628	0.3433	1.0453	0.8641	0.1486
F	0.8712	0.8442	1.3272	1.4785	0.7882	0.2237	0.909	0.6219	0.8766
G	0.0626	0.3341	0.7665	0.5762	0.4777	0.2559	0.7249	0.9713	0.2112
H	0.041	1.4506	1.0286	2.0974	0.8972	1.0913	1.8295	1.4536	0.1822
I	8.7661	1.5874	1.5927	1.0079	1.9145	1.4459	1.2291	1.0428	0.3715
K	0.0339	1.7251	0.8277	0.878	1.6249	4.8724	1.1246	1.5318	9.133
L	2.7494	0.856	0.6246	0.3559	0.9287	0.8595	0.8726	1.0455	0.3954
M	1.3964	0.5286	1.616	0.2546	1.07	0.518	1.0556	0.5741	0.688
N	0.0398	1.0179	0.81	0.8975	0.9362	0.5486	1.688	0.9364	0.1626
P	0.0759	0.0529	1.0582	0.0584	0.6774	0.3899	0.617	1.3408	0.048
Q	0.0349	1.1967	1.1111	0.2698	1.4262	0.5852	1.3396	1.0572	0.1888
R	0.0305	1.746	0.7879	0.7065	0.775	2.9376	1.1361	1.4183	3.9924
S	0.033	0.7128	1.2883	1.1523	0.4376	0.3272	0.7011	0.7684	0.1418
T	0.1218	1.1169	0.722	2.581	1.2293	0.8744	0.806	0.875	0.1261
V	3.9808	1.9381	1.0701	2.0858	1.3612	1.3251	1.0452	1.0051	0.4141
W	0.1798	0.5113	1.1167	0.8978	0.3435	0.2206	1.3211	0.3399	0.6624
Y	0.1653	1.1473	1.9939	0.5055	1.4314	0.2326	1.0451	1.0876	0.9797

pepL	alpha	w_s
12	99.5307	0.083	0.1488	0	0.3949	0.3734
13	98.9575	0.0263	0.0764	0.2382	0.4675	0.1916
14	98.3294	0.0043	0.0259	0.161	0	0.4702	0.2977	0.0409
15	98.0139	0.0017	0.0096	0.0839	0.376	0.4093	0.0998	0.0197
16	98.2233	8e-04	0.0022	0.03	0.2337	0	0.5219	0.1563	0.0471	0.0079
17	98.735	8e-04	0.0019	0.0146	0.1152	0.4293	0.2806	0.114	0.0363	0.0072
18	99.2174	5e-04	0.0013	0.0066	0.0433	0.2908	0	0.3312	0.218	0.0767	0.0267	0.005
19	99.5133	0.001	0.0012	0.0074	0.029	0.145	0.2323	0.2918	0.1844	0.0762	0.0263	0.0055
20	99.691	0.001	0.0012	0.0048	0.0176	0.0704	0.1449	0	0.2809	0.2454	0.1596	0.0505	0.0192	0.0045
21	99.7886	0.0013	0.002	0.0054	0.0189	0.0569	0.1038	0.1383	0.2554	0.2215	0.1327	0.043	0.0166	0.0041
