Allele	BoLA_DRB3_014_03
Type	Standard
n_specificities	1
npep_u	1
npep_t	5000
spec_ids	1
L_core	9
L_N	0
L_C	0
CS_perL	1
pepL_lower	12
pepL_upper	21
n_diff_aa	20

PWM_norm.1	P1	P2	P3	P4	P5	P6	P7	P8	P9
A	0.1391	1.4655	1.3004	1.0998	0.6734	0.4594	0.9301	1.0191	0.4366
C	0.0583	0.1005	0.2282	0.3407	0.1618	0.0885	0.1471	0.1158	0.1547
D	0.0402	0.6538	0.4098	2.2549	1.1115	1.4642	0.5775	0.648	0.5209
E	0.0321	1.7354	0.8051	1.411	1.2808	0.9935	0.9531	0.9078	0.5454
F	0.8712	0.7927	1.481	1.9557	0.4357	0.1441	1.1138	0.4761	1.1952
G	0.0626	0.46	0.4829	0.5225	0.8253	0.0919	0.5896	0.8637	0.1225
H	0.041	1.5931	1.2746	2.1927	0.9532	0.1262	1.0503	1.2205	0.1469
I	8.7661	0.9289	1.8968	1.4773	1.0608	4.2654	1.8674	1.1721	3.9552
K	0.0339	1.1939	1.0096	0.2384	1.7469	0.0931	0.6198	1.5069	0.1827
L	2.7494	0.6749	0.8862	0.6414	0.6469	2.5356	1.0268	1.1727	3.5046
M	1.3964	0.4812	1.0243	0.9715	0.7823	0.9451	0.7529	0.6642	1.4575
N	0.0398	1.3847	0.7088	1.2946	0.9444	1.0816	1.7702	0.9651	0.2146
P	0.0759	0.0719	1.1305	0.3228	1.2259	0.1679	2.2969	1.4476	0.0673
Q	0.0349	1.2558	1.0451	0.8872	1.1785	0.5694	0.9892	1.1193	0.281
R	0.0305	1.2263	0.7011	0.2132	1.5281	0.0699	0.539	1.3457	0.2332
S	0.033	0.96	0.7078	1.0023	0.7422	0.2745	0.6091	0.6698	0.1042
T	0.1218	1.4589	0.6456	1.1784	1.147	0.7911	0.9366	0.8572	0.3471
V	3.9808	1.2283	1.6172	1.3951	1.2944	3.2518	1.2247	1.1054	3.0333
W	0.1798	0.3642	1.2015	0.8771	0.4944	0.0655	0.5253	0.279	0.2392
Y	0.1653	1.2166	2.5478	0.7144	0.7359	0.2076	1.04	1.106	1.4199

pepL	alpha	w_s
12	99.5307	0.083	0.1488	0	0.3949	0.3734
13	98.9575	0.0263	0.0764	0.2382	0.4675	0.1916
14	98.3294	0.0043	0.0259	0.161	0	0.4702	0.2977	0.0409
15	98.0139	0.0017	0.0096	0.0839	0.376	0.4093	0.0998	0.0197
16	98.2233	8e-04	0.0022	0.03	0.2337	0	0.5219	0.1563	0.0471	0.0079
17	98.735	8e-04	0.0019	0.0146	0.1152	0.4293	0.2806	0.114	0.0363	0.0072
18	99.2174	5e-04	0.0013	0.0066	0.0433	0.2908	0	0.3312	0.218	0.0767	0.0267	0.005
19	99.5133	0.001	0.0012	0.0074	0.029	0.145	0.2323	0.2918	0.1844	0.0762	0.0263	0.0055
20	99.691	0.001	0.0012	0.0048	0.0176	0.0704	0.1449	0	0.2809	0.2454	0.1596	0.0505	0.0192	0.0045
21	99.7886	0.0013	0.002	0.0054	0.0189	0.0569	0.1038	0.1383	0.2554	0.2215	0.1327	0.043	0.0166	0.0041
