Allele	BoLA_DRB3_132_01
Type	Standard
n_specificities	1
npep_u	1
npep_t	5000
spec_ids	1
L_core	9
L_N	0
L_C	0
CS_perL	1
pepL_lower	12
pepL_upper	21
n_diff_aa	20

PWM_norm.1	P1	P2	P3	P4	P5	P6	P7	P8	P9
A	0.1391	0.9786	1.717	2.3532	1.0424	0.9626	0.82	1.0939	1.1444
C	0.0583	0.1182	0.2089	0.2107	0.1118	0.1702	0.2315	0.1081	0.4383
D	0.0402	0.5555	0.369	2.226	1.239	1.8736	0.7344	0.5678	0.143
E	0.0321	1.1065	0.6892	0.7765	1.1865	1.3015	1.571	0.7548	0.1169
F	0.8712	0.8442	1.3272	0.4944	0.6247	0.2096	1.3149	0.3915	0.3913
G	0.0626	0.3341	0.7665	0.4723	0.6214	0.223	0.4737	0.9039	0.2346
H	0.041	1.4506	1.0286	0.327	0.7999	0.3136	1.6143	1.1699	0.1558
I	8.7661	1.5874	1.5927	0.9164	1.6176	3.2794	1.3716	1.2447	2.7664
K	0.0339	1.7251	0.8277	0.1199	1.6252	0.4012	0.594	1.6311	0.2463
L	2.7494	0.856	0.6246	0.2951	0.7822	1.6579	1.0646	1.0727	3.1353
M	1.3964	0.5286	1.616	0.3755	0.9208	0.8255	0.6584	0.6405	0.6804
N	0.0398	1.0179	0.81	2.2954	0.8004	1.5532	1.7833	1.0421	0.7117
P	0.0759	0.0529	1.0582	0.0901	0.7345	0.2435	1.4444	1.5552	0.0792
Q	0.0349	1.1967	1.1111	0.5625	1.2265	0.682	0.9408	1.0564	0.2962
R	0.0305	1.746	0.7879	0.1119	1.1223	0.3492	0.5172	1.3639	0.3957
S	0.033	0.7128	1.2883	2.0103	0.5452	0.4886	0.6491	0.6613	0.3477
T	0.1218	1.1169	0.722	2.4638	1.246	1.0865	0.8589	0.9828	0.6423
V	3.9808	1.9381	1.0701	1.6284	1.5801	2.2633	1.2404	1.1159	4.2455
W	0.1798	0.5113	1.1167	0.1563	0.194	0.1241	0.9254	0.1923	0.0551
Y	0.1653	1.1473	1.9939	0.1336	1.0308	0.2617	1.5337	1.0418	0.6721

pepL	alpha	w_s
12	99.5307	0.083	0.1488	0	0.3949	0.3734
13	98.9575	0.0263	0.0764	0.2382	0.4675	0.1916
14	98.3294	0.0043	0.0259	0.161	0	0.4702	0.2977	0.0409
15	98.0139	0.0017	0.0096	0.0839	0.376	0.4093	0.0998	0.0197
16	98.2233	8e-04	0.0022	0.03	0.2337	0	0.5219	0.1563	0.0471	0.0079
17	98.735	8e-04	0.0019	0.0146	0.1152	0.4293	0.2806	0.114	0.0363	0.0072
18	99.2174	5e-04	0.0013	0.0066	0.0433	0.2908	0	0.3312	0.218	0.0767	0.0267	0.005
19	99.5133	0.001	0.0012	0.0074	0.029	0.145	0.2323	0.2918	0.1844	0.0762	0.0263	0.0055
20	99.691	0.001	0.0012	0.0048	0.0176	0.0704	0.1449	0	0.2809	0.2454	0.1596	0.0505	0.0192	0.0045
21	99.7886	0.0013	0.002	0.0054	0.0189	0.0569	0.1038	0.1383	0.2554	0.2215	0.1327	0.043	0.0166	0.0041
