Allele	BoLA_DRB3_021_02
Type	Standard
n_specificities	1
npep_u	1
npep_t	5000
spec_ids	1
L_core	9
L_N	0
L_C	0
CS_perL	1
pepL_lower	12
pepL_upper	21
n_diff_aa	20

PWM_norm.1	P1	P2	P3	P4	P5	P6	P7	P8	P9
A	0.0934	0.9786	1.3954	2.317	0.9261	0.4697	1.6481	1.1822	1.1044
C	0.049	0.1182	0.2623	0.3884	0.1777	0.0865	0.1079	0.1192	0.3655
D	0.0361	0.5555	0.2059	0.3759	1.212	1.0063	0.4159	0.5527	0.1771
E	0.0576	1.1065	0.493	0.4719	1.2114	0.4489	0.819	0.8641	0.3181
F	8.2964	0.8442	1.3723	0.6629	0.5055	0.1225	0.7094	0.6219	1.3425
G	0.0619	0.3341	0.324	0.2182	0.6537	0.1785	1.8317	0.9713	0.7286
H	0.1244	1.4506	0.6516	0.675	1.1796	2.1198	1.2711	1.4536	0.4458
I	2.7704	1.5874	2.2919	2.0519	1.0999	0.8665	1.3233	1.0428	1.3006
K	0.0618	1.7251	1.0703	0.2231	2.0099	5.0754	1.1938	1.5318	3.1377
L	1.3527	0.856	1.0092	1.2561	0.6523	0.4991	1.6888	1.0455	1.1466
M	0.9209	0.5286	1.3665	0.6505	0.6902	0.4484	1.2375	0.5741	1.1852
N	0.0713	1.0179	0.6737	1.0683	1.0155	0.9266	0.9381	0.9364	0.4716
P	0.0388	0.0529	1.2682	0.0903	0.9717	0.3622	0.5845	1.3408	0.1719
Q	0.0536	1.1967	0.8704	0.265	0.9808	0.6271	0.8304	1.0572	0.5123
R	0.0379	1.746	0.8502	0.0993	1.3679	3.2216	1.0174	1.4183	2.6372
S	0.0414	0.7128	1.0078	2.0355	0.7669	0.329	0.5082	0.7684	0.524
T	0.0773	1.1169	0.605	1.3776	1.1367	1.022	0.4978	0.875	0.5118
V	0.9818	1.9381	1.5993	2.8035	1.2163	1.1235	0.6979	1.0051	1.4523
W	4.5203	0.5113	0.5722	0.0876	0.5677	0.1056	0.3948	0.3399	0.6681
Y	10.5593	1.1473	2.2936	0.2126	0.894	0.1591	0.873	1.0876	1.2388

pepL	alpha	w_s
12	99.5307	0.083	0.1488	0	0.3949	0.3734
13	98.9575	0.0263	0.0764	0.2382	0.4675	0.1916
14	98.3294	0.0043	0.0259	0.161	0	0.4702	0.2977	0.0409
15	98.0139	0.0017	0.0096	0.0839	0.376	0.4093	0.0998	0.0197
16	98.2233	8e-04	0.0022	0.03	0.2337	0	0.5219	0.1563	0.0471	0.0079
17	98.735	8e-04	0.0019	0.0146	0.1152	0.4293	0.2806	0.114	0.0363	0.0072
18	99.2174	5e-04	0.0013	0.0066	0.0433	0.2908	0	0.3312	0.218	0.0767	0.0267	0.005
19	99.5133	0.001	0.0012	0.0074	0.029	0.145	0.2323	0.2918	0.1844	0.0762	0.0263	0.0055
20	99.691	0.001	0.0012	0.0048	0.0176	0.0704	0.1449	0	0.2809	0.2454	0.1596	0.0505	0.0192	0.0045
21	99.7886	0.0013	0.002	0.0054	0.0189	0.0569	0.1038	0.1383	0.2554	0.2215	0.1327	0.043	0.0166	0.0041
