Allele	BoLA_DRB3_012_03
Type	Standard
n_specificities	1
npep_u	1
npep_t	5000
spec_ids	1
L_core	9
L_N	0
L_C	0
CS_perL	1
pepL_lower	12
pepL_upper	21
n_diff_aa	20

PWM_norm.1	P1	P2	P3	P4	P5	P6	P7	P8	P9
A	0.0934	0.9786	1.3954	1.1142	1.044	0.683	0.5514	1.1812	1.2035
C	0.049	0.1182	0.2623	0.2535	0.292	0.1337	0.0852	0.116	0.5636
D	0.0361	0.5555	0.2059	0.5128	1.2728	6.6986	5.0949	0.5499	0.2423
E	0.0576	1.1065	0.493	0.6223	1.4311	1.1645	3.5344	0.9164	0.3215
F	8.2964	0.8442	1.3723	5.2681	0.5052	0.1085	0.481	0.6052	1.2861
G	0.0619	0.3341	0.324	0.4431	0.6736	0.3179	0.5338	0.9468	0.6233
H	0.1244	1.4506	0.6516	1.2382	0.8389	0.3757	0.8172	1.5282	0.5124
I	2.7704	1.5874	2.2919	1.1468	1.0808	0.8525	0.593	1.0162	1.8583
K	0.0618	1.7251	1.0703	0.2913	1.4207	0.0986	0.3235	1.5537	0.4221
L	1.3527	0.856	1.0092	0.8551	0.7417	0.3685	0.685	1.0855	2.1377
M	0.9209	0.5286	1.3665	1.3496	0.5835	0.4909	0.7725	0.5538	1.4445
N	0.0713	1.0179	0.6737	1.004	1.0301	4.266	1.2681	0.9038	0.6151
P	0.0388	0.0529	1.2682	0.1574	1.6247	0.2499	0.2813	1.2759	0.1411
Q	0.0536	1.1967	0.8704	0.468	1.0443	0.5276	1.0835	1.0813	0.6573
R	0.0379	1.746	0.8502	0.2304	0.8837	0.076	0.3447	1.4304	0.736
S	0.0414	0.7128	1.0078	1.1856	0.663	0.7771	0.5223	0.746	0.7221
T	0.0773	1.1169	0.605	0.8215	1.0975	1.6334	0.6475	0.863	0.7643
V	0.9818	1.9381	1.5993	1.2652	1.1775	1.0285	0.4452	0.997	2.6726
W	4.5203	0.5113	0.5722	2.3809	0.4704	0.0524	0.1817	0.3334	0.2056
Y	10.5593	1.1473	2.2936	3.377	1.0212	0.099	0.5507	1.0766	2.0372

pepL	alpha	w_s
12	99.5307	0.083	0.1488	0	0.3949	0.3734
13	98.9575	0.0263	0.0764	0.2382	0.4675	0.1916
14	98.3294	0.0043	0.0259	0.161	0	0.4702	0.2977	0.0409
15	98.0139	0.0017	0.0096	0.0839	0.376	0.4093	0.0998	0.0197
16	98.2233	8e-04	0.0022	0.03	0.2337	0	0.5219	0.1563	0.0471	0.0079
17	98.735	8e-04	0.0019	0.0146	0.1152	0.4293	0.2806	0.114	0.0363	0.0072
18	99.2174	5e-04	0.0013	0.0066	0.0433	0.2908	0	0.3312	0.218	0.0767	0.0267	0.005
19	99.5133	0.001	0.0012	0.0074	0.029	0.145	0.2323	0.2918	0.1844	0.0762	0.0263	0.0055
20	99.691	0.001	0.0012	0.0048	0.0176	0.0704	0.1449	0	0.2809	0.2454	0.1596	0.0505	0.0192	0.0045
21	99.7886	0.0013	0.002	0.0054	0.0189	0.0569	0.1038	0.1383	0.2554	0.2215	0.1327	0.043	0.0166	0.0041
