Allele	BoLA_DRB3_148_01
Type	Standard
n_specificities	1
npep_u	1
npep_t	5000
spec_ids	1
L_core	9
L_N	0
L_C	0
CS_perL	1
pepL_lower	12
pepL_upper	21
n_diff_aa	20

PWM_norm.1	P1	P2	P3	P4	P5	P6	P7	P8	P9
A	0.1067	1.2763	1.6748	2.6449	1.1628	1.1747	1.0833	0.9162	0.6453
C	0.0519	0.1405	0.1693	0.1682	0.1695	0.1882	0.3493	0.0927	0.1522
D	0.0398	0.7383	0.3231	2.0863	1.0713	1.0186	0.9154	0.6166	0.2185
E	0.0664	1.5	0.6637	0.5903	1.1102	0.4726	1.4397	0.7327	0.3116
F	7.7048	0.8432	1.4812	0.8227	0.7331	0.2857	1.0484	0.2443	0.6969
G	0.0614	0.4409	0.7334	0.4468	0.5329	0.333	0.8008	0.7801	0.14
H	0.1158	1.5903	1.1448	1.058	0.9903	0.9458	1.314	0.9705	0.1309
I	2.9156	1.1394	1.5386	0.7753	1.5803	2.408	1.1239	1.5146	5.3096
K	0.0495	1.2703	0.8693	0.1577	1.6481	1.5102	0.7815	1.6041	0.0865
L	1.5115	0.7134	0.5867	0.2176	0.7943	1.2181	1.1816	1.2326	3.2979
M	0.995	0.6048	1.6582	0.2603	1.0003	0.7734	0.9664	0.7715	0.8059
N	0.0597	1.1087	0.7779	1.5648	0.9336	1.2775	1.8395	1.0745	0.1637
P	0.0478	0.0739	1.0336	0.0802	0.8011	0.4518	0.6559	1.7534	0.0699
Q	0.0612	1.3137	1.0929	0.4757	1.299	0.8355	1.0068	1.138	0.308
R	0.0353	1.352	0.696	0.1343	0.9812	1.0572	0.6376	1.2046	0.1752
S	0.0437	0.8751	1.3487	2.0523	0.5628	0.5088	0.8103	0.4978	0.1266
T	0.0877	1.279	0.5995	2.4486	1.1777	1.3144	0.8113	0.9604	0.3638
V	1.2306	1.5337	1.0816	1.7998	1.4089	2.4688	1.1037	1.2654	3.7221
W	3.9897	0.651	1.2508	0.2254	0.3399	0.1498	0.7554	0.1237	0.0999
Y	10.0619	1.2012	2.4657	0.2136	1.2076	0.2864	1.3314	1.0328	0.5183

pepL	alpha	w_s
12	99.5307	0.083	0.1488	0	0.3949	0.3734
13	98.9575	0.0263	0.0764	0.2382	0.4675	0.1916
14	98.3294	0.0043	0.0259	0.161	0	0.4702	0.2977	0.0409
15	98.0139	0.0017	0.0096	0.0839	0.376	0.4093	0.0998	0.0197
16	98.2233	8e-04	0.0022	0.03	0.2337	0	0.5219	0.1563	0.0471	0.0079
17	98.735	8e-04	0.0019	0.0146	0.1152	0.4293	0.2806	0.114	0.0363	0.0072
18	99.2174	5e-04	0.0013	0.0066	0.0433	0.2908	0	0.3312	0.218	0.0767	0.0267	0.005
19	99.5133	0.001	0.0012	0.0074	0.029	0.145	0.2323	0.2918	0.1844	0.0762	0.0263	0.0055
20	99.691	0.001	0.0012	0.0048	0.0176	0.0704	0.1449	0	0.2809	0.2454	0.1596	0.0505	0.0192	0.0045
21	99.7886	0.0013	0.002	0.0054	0.0189	0.0569	0.1038	0.1383	0.2554	0.2215	0.1327	0.043	0.0166	0.0041
