Allele	BoLA_DRB3_019_02
Type	Standard
n_specificities	1
npep_u	1
npep_t	5000
spec_ids	1
L_core	9
L_N	0
L_C	0
CS_perL	1
pepL_lower	12
pepL_upper	21
n_diff_aa	20

PWM_norm.1	P1	P2	P3	P4	P5	P6	P7	P8	P9
A	0.1514	0.971	1.4815	1.9721	0.8593	0.5504	1.0501	1.1786	1.0957
C	0.0752	0.118	0.3191	0.1235	0.224	0.1093	0.1814	0.1131	0.5635
D	0.0461	0.5546	0.4037	8.4969	1.3605	0.4339	0.6914	0.5371	0.1935
E	0.034	1.1045	0.6979	0.5703	1.319	0.323	2.1706	0.9166	0.2099
F	1.2848	0.8507	1.0737	0.5766	0.6429	0.1684	0.6798	0.6046	1.543
G	0.0928	0.3361	0.5972	0.3959	0.7731	0.155	0.6141	0.9621	0.438
H	0.0565	1.4432	0.7858	0.3022	1.1061	1.655	1.0443	1.5437	0.3602
I	8.7075	1.5947	2.2462	0.4355	1.1542	1.64	1.0358	1.0119	1.9572
K	0.0468	1.7443	0.9462	0.0663	1.8118	4.8406	0.4844	1.5625	0.194
L	2.8025	0.8388	0.9202	0.1656	0.6698	0.7882	1.0903	1.0918	2.2274
M	1.498	0.5271	1.333	0.2583	0.7706	0.4759	0.6262	0.5453	1.4793
N	0.0555	1.0223	0.8979	0.9367	1.0576	0.6991	2.9037	0.8962	0.8272
P	0.0887	0.0548	1.1284	0.0369	1.0351	0.321	0.7659	1.2711	0.1121
Q	0.0383	1.2417	0.8793	0.4025	1.0928	0.6957	1.0609	1.0865	0.5299
R	0.0451	1.734	0.8779	0.056	1.0805	2.9545	0.3214	1.4361	0.2936
S	0.0404	0.7046	0.8629	1.6884	0.6831	0.226	0.9468	0.7431	0.6567
T	0.1519	1.109	0.7902	1.0994	1.2309	0.8402	0.727	0.862	0.8387
V	3.4569	1.94	1.4579	0.7651	1.0498	1.6869	1.1895	0.984	3.1594
W	0.3205	0.5062	0.5861	0.1133	0.5421	0.1227	0.4962	0.333	0.1929
Y	0.1975	1.153	1.744	0.1097	0.9357	0.1772	1.1318	1.0692	2.8655

pepL	alpha	w_s
12	99.5307	0.083	0.1488	0	0.3949	0.3733
13	98.9574	0.0263	0.0764	0.2382	0.4675	0.1916
14	98.3293	0.0043	0.0259	0.161	0	0.4702	0.2976	0.0409
15	98.0138	0.0017	0.0096	0.0839	0.3761	0.4093	0.0998	0.0197
16	98.2233	8e-04	0.0022	0.03	0.2337	0	0.522	0.1562	0.0472	0.0079
17	98.7349	8e-04	0.0019	0.0146	0.1152	0.4294	0.2806	0.114	0.0362	0.0072
18	99.2174	5e-04	0.0013	0.0066	0.0433	0.2908	0	0.3312	0.218	0.0767	0.0267	0.005
19	99.5134	0.001	0.0012	0.0074	0.029	0.145	0.2323	0.2917	0.1843	0.0762	0.0263	0.0055
20	99.6911	0.001	0.0012	0.0048	0.0176	0.0704	0.1449	0	0.2809	0.2453	0.1596	0.0505	0.0192	0.0045
21	99.7886	0.0013	0.002	0.0054	0.0189	0.0569	0.1038	0.1384	0.2552	0.2215	0.1327	0.043	0.0166	0.0041
