Allele	BoLA_DRB3_007_03
Type	Standard
n_specificities	1
npep_u	1
npep_t	5000
spec_ids	1
L_core	9
L_N	0
L_C	0
CS_perL	1
pepL_lower	12
pepL_upper	21
n_diff_aa	20

PWM_norm.1	P1	P2	P3	P4	P5	P6	P7	P8	P9
A	0.0934	1.4655	1.6064	2.7396	0.8162	0.6547	1.2657	1.0607	0.3746
C	0.049	0.1005	0.1842	0.2221	0.1056	0.0719	0.1077	0.1717	0.1591
D	0.0361	0.6538	0.2739	0.2714	1.1812	0.3895	0.3722	0.6905	0.1405
E	0.0576	1.7354	0.6463	0.2591	1.5021	0.4271	0.8248	0.8429	0.1114
F	8.2964	0.7927	1.3955	1.2486	0.4306	0.1087	1.0211	0.7526	3.3419
G	0.0619	0.46	0.5172	0.236	0.6279	0.2865	1.1616	0.8678	0.1248
H	0.1244	1.5931	1.0273	2.36	1.3622	1.9263	2.0126	1.1532	0.1472
I	2.7704	0.9289	2.1104	1.814	1.0801	0.8297	1.2043	1.1532	4.741
K	0.0618	1.1939	0.9458	0.1857	2.4011	4.8907	1.5499	1.5476	0.0798
L	1.3527	0.6749	0.8213	1.0916	0.5835	0.3737	1.3649	0.9804	2.6729
M	0.9209	0.4812	1.171	0.6095	0.5103	0.2852	0.8814	0.6992	1.749
N	0.0713	1.3847	0.7754	0.6185	0.9207	0.7181	1.1871	1.0553	0.2856
P	0.0388	0.0719	1.1215	0.0706	0.8891	0.3744	0.5839	1.3287	0.0795
Q	0.0536	1.2558	1.0606	0.2377	1.1046	0.5989	0.8531	0.9756	0.1827
R	0.0379	1.2263	0.663	0.089	1.3574	4.3836	1.32	1.3685	0.0632
S	0.0414	0.96	0.9522	1.8491	0.6544	0.2974	0.557	0.8447	0.1333
T	0.0773	1.4589	0.6026	1.557	1.1819	0.9029	0.6187	0.9278	0.4289
V	0.9818	1.2283	1.3626	2.5449	1.1382	1.0864	0.8142	1.0299	3.2312
W	4.5203	0.3642	0.9519	0.1719	0.3835	0.0823	0.7672	0.4452	0.9067
Y	10.5593	1.2166	2.6351	0.1596	0.7243	0.1431	1.5076	1.13	1.7502

pepL	alpha	w_s
12	99.5307	0.083	0.1488	0	0.3949	0.3734
13	98.9575	0.0263	0.0764	0.2382	0.4675	0.1916
14	98.3294	0.0043	0.0259	0.161	0	0.4702	0.2977	0.0409
15	98.0139	0.0017	0.0096	0.0839	0.376	0.4093	0.0998	0.0197
16	98.2233	8e-04	0.0022	0.03	0.2337	0	0.5219	0.1563	0.0471	0.0079
17	98.735	8e-04	0.0019	0.0146	0.1152	0.4293	0.2806	0.114	0.0363	0.0072
18	99.2174	5e-04	0.0013	0.0066	0.0433	0.2908	0	0.3312	0.218	0.0767	0.0267	0.005
19	99.5133	0.001	0.0012	0.0074	0.029	0.145	0.2323	0.2918	0.1844	0.0762	0.0263	0.0055
20	99.691	0.001	0.0012	0.0048	0.0176	0.0704	0.1449	0	0.2809	0.2454	0.1596	0.0505	0.0192	0.0045
21	99.7886	0.0013	0.002	0.0054	0.0189	0.0569	0.1038	0.1383	0.2554	0.2215	0.1327	0.043	0.0166	0.0041
