Allele	BoLA_DRB3_116_01
Type	Standard
n_specificities	1
npep_u	1
npep_t	5000
spec_ids	1
L_core	9
L_N	0
L_C	0
CS_perL	1
pepL_lower	12
pepL_upper	21
n_diff_aa	20

PWM_norm.1	P1	P2	P3	P4	P5	P6	P7	P8	P9
A	0.1598	0.9786	1.717	2.3532	1.0424	1.0312	1.0557	0.9805	0.4413
C	0.0686	0.1182	0.2089	0.2107	0.1118	0.2093	0.2612	0.1459	0.1236
D	0.0465	0.5555	0.369	2.226	1.239	2.2616	0.6548	0.6786	0.1869
E	0.0361	1.1065	0.6892	0.7765	1.1865	1.2928	0.9995	0.7512	0.0935
F	1.2075	0.8442	1.3272	0.4944	0.6247	0.2034	1.3833	0.4879	0.96
G	0.0913	0.3341	0.7665	0.4723	0.6214	0.3135	0.7964	0.8153	0.0666
H	0.0557	1.4506	1.0286	0.327	0.7999	0.5421	1.8409	0.9494	0.0789
I	8.8482	1.5874	1.5927	0.9164	1.6176	2.4779	1.49	1.3566	5.3864
K	0.0511	1.7251	0.8277	0.1199	1.6252	0.654	0.7446	1.585	0.0541
L	2.6807	0.856	0.6246	0.2951	0.7822	1.1798	0.9703	1.0225	2.8816
M	1.5984	0.5286	1.616	0.3755	0.9208	0.7006	0.8182	0.8048	0.7697
N	0.0572	1.0179	0.81	2.2954	0.8004	2.0102	1.4301	1.1559	0.3634
P	0.0827	0.0529	1.0582	0.0901	0.7345	0.2999	1.2636	1.5918	0.0528
Q	0.0401	1.1967	1.1111	0.5625	1.2265	0.8403	0.7758	1.0076	0.1707
R	0.0421	1.746	0.7879	0.1119	1.1223	0.4861	0.7876	1.2815	0.0651
S	0.0434	0.7128	1.2883	2.0103	0.5452	0.6718	0.7024	0.6796	0.1015
T	0.1511	1.1169	0.722	2.4638	1.246	1.2982	1.073	1.06	0.3841
V	3.5484	1.9381	1.0701	1.6284	1.5801	1.8101	1.1584	1.1414	4.6451
W	0.3015	0.5113	1.1167	0.1563	0.194	0.1454	0.9922	0.2409	0.0989
Y	0.2197	1.1473	1.9939	0.1336	1.0308	0.2393	1.3612	1.1115	1.3306

pepL	alpha	w_s
12	99.5307	0.083	0.1488	0	0.3949	0.3734
13	98.9575	0.0263	0.0764	0.2382	0.4675	0.1916
14	98.3294	0.0043	0.0259	0.161	0	0.4702	0.2977	0.0409
15	98.0139	0.0017	0.0096	0.0839	0.376	0.4093	0.0998	0.0197
16	98.2233	8e-04	0.0022	0.03	0.2337	0	0.5219	0.1563	0.0471	0.0079
17	98.735	8e-04	0.0019	0.0146	0.1152	0.4293	0.2806	0.114	0.0363	0.0072
18	99.2174	5e-04	0.0013	0.0066	0.0433	0.2908	0	0.3312	0.218	0.0767	0.0267	0.005
19	99.5133	0.001	0.0012	0.0074	0.029	0.145	0.2323	0.2918	0.1844	0.0762	0.0263	0.0055
20	99.691	0.001	0.0012	0.0048	0.0176	0.0704	0.1449	0	0.2809	0.2454	0.1596	0.0505	0.0192	0.0045
21	99.7886	0.0013	0.002	0.0054	0.0189	0.0569	0.1038	0.1383	0.2554	0.2215	0.1327	0.043	0.0166	0.0041
