Allele	BoLA_DRB3_024_11
Type	Standard
n_specificities	1
npep_u	1
npep_t	5000
spec_ids	1
L_core	9
L_N	0
L_C	0
CS_perL	1
pepL_lower	12
pepL_upper	21
n_diff_aa	20

PWM_norm.1	P1	P2	P3	P4	P5	P6	P7	P8	P9
A	0.0896	1.141	1.556	2.3082	1.1021	1.7778	0.8605	1.1786	2.9915
C	0.0511	0.1105	0.1697	0.2852	0.1918	0.4904	0.2154	0.1131	0.2264
D	0.0347	0.6214	0.1858	0.3455	1.58	1.3879	0.6801	0.5371	0.4185
E	0.0549	1.3053	0.4944	0.3519	1.0621	0.7336	1.0054	0.9166	0.4532
F	8.5177	0.8386	0.9607	1.4976	0.4286	0.4784	1.273	0.6046	0.2364
G	0.0609	0.3801	0.4902	0.3057	0.5451	1.5341	0.7641	0.9621	2.9595
H	0.1257	1.2682	0.7737	1.214	1.2025	0.5676	2.0316	1.5437	0.8422
I	2.7942	1.4428	1.9969	1.936	0.902	1.1121	1.2347	1.0119	0.3293
K	0.0562	1.5271	0.899	0.3373	1.7208	0.1988	1.3125	1.5625	0.2691
L	1.3764	0.8386	1.0285	1.1301	0.609	0.5019	1.4585	1.0918	0.1742
M	0.9048	0.5176	1.0723	0.9139	0.5081	0.5746	1.0329	0.5453	0.3262
N	0.0706	0.9972	0.7599	0.5062	1.3016	2.4143	1.373	0.8962	0.8888
P	0.0383	0.0589	1.1397	0.1046	1.057	0.87	0.5828	1.2711	0.3627
Q	0.0511	1.1941	1.1977	0.2967	1.0031	1.0514	1.375	1.0865	2.897
R	0.0397	1.5462	1.4348	0.146	1.2909	0.1689	1.0452	1.4361	0.2309
S	0.0409	0.7466	0.8889	1.7001	0.8286	1.48	0.4882	0.7431	2.2102
T	0.0763	1.2313	0.7372	1.5831	1.0456	1.3882	0.6568	0.862	0.635
V	0.9921	1.8546	1.5326	2.6968	1.3962	1.2852	0.9231	0.984	0.4172
W	4.4804	0.4914	0.5849	0.3853	0.4597	0.2915	1.0434	0.333	0.071
Y	10.1766	1.1833	1.6263	0.3552	0.9356	0.3867	1.192	1.0692	0.1724

pepL	alpha	w_s
12	99.5307	0.083	0.1488	0	0.3949	0.3733
13	98.9574	0.0263	0.0764	0.2382	0.4675	0.1916
14	98.3293	0.0043	0.0259	0.161	0	0.4702	0.2976	0.0409
15	98.0138	0.0017	0.0096	0.0839	0.3761	0.4093	0.0998	0.0197
16	98.2233	8e-04	0.0022	0.03	0.2337	0	0.522	0.1562	0.0472	0.0079
17	98.7349	8e-04	0.0019	0.0146	0.1152	0.4294	0.2806	0.114	0.0362	0.0072
18	99.2174	5e-04	0.0013	0.0066	0.0433	0.2908	0	0.3312	0.218	0.0767	0.0267	0.005
19	99.5134	0.001	0.0012	0.0074	0.029	0.145	0.2323	0.2917	0.1843	0.0762	0.0263	0.0055
20	99.6911	0.001	0.0012	0.0048	0.0176	0.0704	0.1449	0	0.2809	0.2453	0.1596	0.0505	0.0192	0.0045
21	99.7886	0.0013	0.002	0.0054	0.0189	0.0569	0.1038	0.1384	0.2552	0.2215	0.1327	0.043	0.0166	0.0041
