Allele	BoLA_DRB3_027_21
Type	Standard
n_specificities	1
npep_u	1
npep_t	5000
spec_ids	1
L_core	9
L_N	0
L_C	0
CS_perL	1
pepL_lower	12
pepL_upper	21
n_diff_aa	20

PWM_norm.1	P1	P2	P3	P4	P5	P6	P7	P8	P9
A	0.0934	1.4655	1.5318	2.267	0.9585	1.9874	1.1795	1.0347	0.4269
C	0.049	0.1005	0.1392	0.2355	0.1527	0.4502	0.204	0.108	0.2064
D	0.0361	0.6538	0.2241	0.2789	1.4429	1.3617	0.5756	0.6454	0.5011
E	0.0576	1.7354	0.5674	0.2839	1.1085	1.1585	0.8115	1.0308	0.3486
F	8.2964	0.7927	1.1638	1.6144	0.4537	0.229	1.4816	0.5338	1.029
G	0.0619	0.46	0.5773	0.3175	0.6124	0.865	1.0992	0.8564	0.1013
H	0.1244	1.5931	1.0571	1.9484	1.0043	0.3606	1.8364	1.291	0.1324
I	2.7704	0.9289	1.689	1.92	1.0751	1.4347	1.1992	1.0806	2.5886
K	0.0618	1.1939	1.0076	0.2405	1.8887	0.1989	1.3151	1.4956	0.2067
L	1.3527	0.6749	0.883	0.7688	0.7048	0.7444	1.1866	1.1933	3.3458
M	0.9209	0.4812	0.9181	0.8104	0.6217	0.5739	1.004	0.6292	1.381
N	0.0713	1.3847	0.7311	0.5438	1.1453	1.4784	1.152	0.8818	0.9757
P	0.0388	0.0719	1.3136	0.1357	0.783	1.1199	0.76	1.3334	0.0706
Q	0.0536	1.2558	1.2127	0.2438	0.9287	0.661	1.042	1.1305	0.2514
R	0.0379	1.2263	1.075	0.1174	1.3346	0.1674	1.311	1.3811	0.2962
S	0.0414	0.96	0.9193	2.0545	0.7789	0.988	0.528	0.6731	0.2356
T	0.0773	1.4589	0.6104	1.8436	1.2292	1.4975	0.6729	0.8198	0.454
V	0.9818	1.2283	1.4136	2.5583	1.5365	2.2109	0.7956	1.0684	3.6935
W	4.5203	0.3642	0.8516	0.4187	0.2805	0.1162	1.0811	0.3364	0.2888
Y	10.5593	1.2166	2.3047	0.2415	0.8121	0.2152	1.2863	1.1546	1.8286

pepL	alpha	w_s
12	99.5307	0.083	0.1488	0	0.3949	0.3734
13	98.9575	0.0263	0.0764	0.2382	0.4675	0.1916
14	98.3294	0.0043	0.0259	0.161	0	0.4702	0.2977	0.0409
15	98.0139	0.0017	0.0096	0.0839	0.376	0.4093	0.0998	0.0197
16	98.2233	8e-04	0.0022	0.03	0.2337	0	0.5219	0.1563	0.0471	0.0079
17	98.735	8e-04	0.0019	0.0146	0.1152	0.4293	0.2806	0.114	0.0363	0.0072
18	99.2174	5e-04	0.0013	0.0066	0.0433	0.2908	0	0.3312	0.218	0.0767	0.0267	0.005
19	99.5133	0.001	0.0012	0.0074	0.029	0.145	0.2323	0.2918	0.1844	0.0762	0.0263	0.0055
20	99.691	0.001	0.0012	0.0048	0.0176	0.0704	0.1449	0	0.2809	0.2454	0.1596	0.0505	0.0192	0.0045
21	99.7886	0.0013	0.002	0.0054	0.0189	0.0569	0.1038	0.1383	0.2554	0.2215	0.1327	0.043	0.0166	0.0041
