Allele	BoLA_DRB3_097_04
Type	Standard
n_specificities	1
npep_u	1
npep_t	5000
spec_ids	1
L_core	9
L_N	0
L_C	0
CS_perL	1
pepL_lower	12
pepL_upper	21
n_diff_aa	20

PWM_norm.1	P1	P2	P3	P4	P5	P6	P7	P8	P9
A	0.0934	1.4655	1.6064	2.1724	0.8405	0.9648	0.9496	1.0939	1.9391
C	0.049	0.1005	0.1842	0.3463	0.15	0.1877	0.1395	0.1081	0.484
D	0.0361	0.6538	0.2739	0.5476	1.411	1.3705	0.4854	0.5678	0.1883
E	0.0576	1.7354	0.6463	0.3393	1.4249	1.2663	0.9497	0.7548	0.2202
F	8.2964	0.7927	1.3955	1.5787	0.4771	0.204	1.1407	0.3915	0.2895
G	0.0619	0.46	0.5172	0.4396	0.7763	0.3156	0.7884	0.9039	0.5355
H	0.1244	1.5931	1.0273	2.2874	1.2014	0.3839	1.7479	1.1699	0.2171
I	2.7704	0.9289	2.1104	1.5676	0.7326	2.945	1.6123	1.2447	2.4733
K	0.0618	1.1939	0.9458	0.2665	1.7094	0.4478	1.1857	1.6311	0.6418
L	1.3527	0.6749	0.8213	0.6345	0.4564	1.5055	1.168	1.0727	2.3712
M	0.9209	0.4812	1.171	0.6197	0.4109	0.7247	0.8872	0.6405	0.588
N	0.0713	1.3847	0.7754	1.1073	1.106	1.4509	1.6308	1.0421	0.6131
P	0.0388	0.0719	1.1215	0.1973	1.5409	0.3275	1.0916	1.5552	0.1413
Q	0.0536	1.2558	1.0606	0.3041	1.0106	0.7523	1.2134	1.0564	0.4144
R	0.0379	1.2263	0.663	0.138	1.1831	0.5271	1.0045	1.3639	1.1285
S	0.0414	0.96	0.9522	1.9995	0.9198	0.5633	0.5611	0.6613	0.4557
T	0.0773	1.4589	0.6026	1.7193	1.1976	1.3004	0.7997	0.9828	0.6981
V	0.9818	1.2283	1.3626	2.3036	1.0087	2.4913	1.0316	1.1159	3.1437
W	4.5203	0.3642	0.9519	0.4733	0.6867	0.1474	0.5781	0.1923	0.0689
Y	10.5593	1.2166	2.6351	0.2699	0.7904	0.288	1.0331	1.0418	0.3048

pepL	alpha	w_s
12	99.5307	0.083	0.1488	0	0.3949	0.3734
13	98.9575	0.0263	0.0764	0.2382	0.4675	0.1916
14	98.3294	0.0043	0.0259	0.161	0	0.4702	0.2977	0.0409
15	98.0139	0.0017	0.0096	0.0839	0.376	0.4093	0.0998	0.0197
16	98.2233	8e-04	0.0022	0.03	0.2337	0	0.5219	0.1563	0.0471	0.0079
17	98.735	8e-04	0.0019	0.0146	0.1152	0.4293	0.2806	0.114	0.0363	0.0072
18	99.2174	5e-04	0.0013	0.0066	0.0433	0.2908	0	0.3312	0.218	0.0767	0.0267	0.005
19	99.5133	0.001	0.0012	0.0074	0.029	0.145	0.2323	0.2918	0.1844	0.0762	0.0263	0.0055
20	99.691	0.001	0.0012	0.0048	0.0176	0.0704	0.1449	0	0.2809	0.2454	0.1596	0.0505	0.0192	0.0045
21	99.7886	0.0013	0.002	0.0054	0.0189	0.0569	0.1038	0.1383	0.2554	0.2215	0.1327	0.043	0.0166	0.0041
