Allele	BoLA_DRB3_094_03
Type	Standard
n_specificities	1
npep_u	1
npep_t	5000
spec_ids	1
L_core	9
L_N	0
L_C	0
CS_perL	1
pepL_lower	12
pepL_upper	21
n_diff_aa	20

PWM_norm.1	P1	P2	P3	P4	P5	P6	P7	P8	P9
A	0.1391	0.9786	1.717	2.3532	1.2114	1.0323	1.3489	1.0939	1.327
C	0.0583	0.1182	0.2089	0.2107	0.1528	0.2027	0.2881	0.1081	0.2528
D	0.0402	0.5555	0.369	2.226	1.1718	1.1772	0.8108	0.5678	0.1562
E	0.0321	1.1065	0.6892	0.7765	1.1076	0.4668	0.9035	0.7548	0.3194
F	0.8712	0.8442	1.3272	0.4944	0.6885	0.2178	1.0992	0.3915	0.6494
G	0.0626	0.3341	0.7665	0.4723	0.524	0.2737	1.4171	0.9039	0.8347
H	0.041	1.4506	1.0286	0.327	0.8711	0.7433	1.5315	1.1699	0.4587
I	8.7661	1.5874	1.5927	0.9164	1.637	2.5881	1.2517	1.2447	1.2734
K	0.0339	1.7251	0.8277	0.1199	1.5499	1.2473	0.9619	1.6311	3.1445
L	2.7494	0.856	0.6246	0.2951	0.8138	1.2982	1.0809	1.0727	1.0497
M	1.3964	0.5286	1.616	0.3755	0.9313	0.7259	0.9493	0.6405	0.924
N	0.0398	1.0179	0.81	2.2954	0.9174	1.4213	1.2523	1.0421	0.3595
P	0.0759	0.0529	1.0582	0.0901	0.7808	0.4332	0.5545	1.5552	0.1437
Q	0.0349	1.1967	1.1111	0.5625	1.2716	0.6887	0.7747	1.0564	0.7309
R	0.0305	1.746	0.7879	0.1119	0.9819	0.8956	1.0001	1.3639	3.6014
S	0.033	0.7128	1.2883	2.0103	0.5717	0.5151	0.7326	0.6613	0.5029
T	0.1218	1.1169	0.722	2.4638	1.1951	1.3938	0.9134	0.9828	0.4018
V	3.9808	1.9381	1.0701	1.6284	1.4744	2.8575	0.9453	1.1159	1.3051
W	0.1798	0.5113	1.1167	0.1563	0.2859	0.1178	0.8965	0.1923	0.1784
Y	0.1653	1.1473	1.9939	0.1336	1.1515	0.2345	1.3471	1.0418	0.6581

pepL	alpha	w_s
12	99.5307	0.083	0.1488	0	0.3949	0.3734
13	98.9575	0.0263	0.0764	0.2382	0.4675	0.1916
14	98.3294	0.0043	0.0259	0.161	0	0.4702	0.2977	0.0409
15	98.0139	0.0017	0.0096	0.0839	0.376	0.4093	0.0998	0.0197
16	98.2233	8e-04	0.0022	0.03	0.2337	0	0.5219	0.1563	0.0471	0.0079
17	98.735	8e-04	0.0019	0.0146	0.1152	0.4293	0.2806	0.114	0.0363	0.0072
18	99.2174	5e-04	0.0013	0.0066	0.0433	0.2908	0	0.3312	0.218	0.0767	0.0267	0.005
19	99.5133	0.001	0.0012	0.0074	0.029	0.145	0.2323	0.2918	0.1844	0.0762	0.0263	0.0055
20	99.691	0.001	0.0012	0.0048	0.0176	0.0704	0.1449	0	0.2809	0.2454	0.1596	0.0505	0.0192	0.0045
21	99.7886	0.0013	0.002	0.0054	0.0189	0.0569	0.1038	0.1383	0.2554	0.2215	0.1327	0.043	0.0166	0.0041
