Allele	BoLA_DRB3_076_01
Type	Standard
n_specificities	1
npep_u	1
npep_t	5000
spec_ids	1
L_core	9
L_N	0
L_C	0
CS_perL	1
pepL_lower	12
pepL_upper	21
n_diff_aa	20

PWM_norm.1	P1	P2	P3	P4	P5	P6	P7	P8	P9
A	0.1329	0.971	1.6225	3.1082	1.0659	0.5818	0.8502	1.026	0.8289
C	0.0539	0.118	0.2656	0.1709	0.1751	0.118	0.2173	0.1014	0.1978
D	0.0395	0.5546	0.3958	0.2041	0.8457	0.8171	1.0377	0.6976	3.6653
E	0.0275	1.1045	0.6995	0.3188	1.2033	0.6505	1.2445	0.9396	2.7332
F	0.8949	0.8507	1.3262	0.7039	0.7711	0.2924	1.0054	0.5107	0.9043
G	0.0598	0.3361	0.745	0.3701	0.6359	0.2189	0.4117	0.8314	0.7469
H	0.0379	1.4432	1.0478	1.705	1.0546	0.6625	1.7762	1.1657	0.652
I	8.7578	1.5947	1.579	2.1411	1.4489	2.5666	1.3126	1.2421	1.3234
K	0.0307	1.7443	0.8833	0.7692	1.7957	2.5621	0.7277	1.4976	0.3225
L	2.9065	0.8388	0.6469	0.8601	0.803	1.7748	0.5224	1.2099	1.0186
M	1.2553	0.5271	1.6672	0.7156	0.9584	0.6361	0.7701	0.6249	0.9697
N	0.0347	1.0223	0.8661	0.7485	1.1139	0.8045	1.9601	0.9532	0.7151
P	0.0794	0.0548	1.047	0.0477	0.9011	0.2578	1.6382	1.4072	0.2237
Q	0.0298	1.2417	1.0463	0.9324	1.3692	0.7766	1.3447	1.0963	1.1886
R	0.0294	1.734	0.8394	0.6937	0.8531	1.914	0.765	1.3599	0.3007
S	0.0298	0.7046	1.2171	0.8127	0.5577	0.3056	0.7004	0.6427	0.3401
T	0.1199	1.109	0.7531	1.6573	1.2985	0.9774	1.1551	0.8463	0.4948
V	3.8187	1.94	1.1218	2.1755	1.1584	1.6362	1.3772	1.0826	1.146
W	0.1738	0.5062	1.02	0.3367	0.3745	0.3278	1.1458	0.2826	0.3841
Y	0.1263	1.153	1.9765	0.3791	1.1254	0.3566	0.7798	1.0911	0.9969

pepL	alpha	w_s
12	99.5307	0.083	0.1488	0	0.3949	0.3733
13	98.9574	0.0263	0.0764	0.2382	0.4675	0.1916
14	98.3293	0.0043	0.0259	0.161	0	0.4702	0.2976	0.0409
15	98.0138	0.0017	0.0096	0.0839	0.3761	0.4093	0.0998	0.0197
16	98.2233	8e-04	0.0022	0.03	0.2337	0	0.522	0.1562	0.0472	0.0079
17	98.7349	8e-04	0.0019	0.0146	0.1152	0.4294	0.2806	0.114	0.0362	0.0072
18	99.2174	5e-04	0.0013	0.0066	0.0433	0.2908	0	0.3312	0.218	0.0767	0.0267	0.005
19	99.5134	0.001	0.0012	0.0074	0.029	0.145	0.2323	0.2917	0.1843	0.0762	0.0263	0.0055
20	99.6911	0.001	0.0012	0.0048	0.0176	0.0704	0.1449	0	0.2809	0.2453	0.1596	0.0505	0.0192	0.0045
21	99.7886	0.0013	0.002	0.0054	0.0189	0.0569	0.1038	0.1384	0.2552	0.2215	0.1327	0.043	0.0166	0.0041
