Allele	BoLA_DRB3_105_02
Type	Standard
n_specificities	1
npep_u	1
npep_t	5000
spec_ids	1
L_core	9
L_N	0
L_C	0
CS_perL	1
pepL_lower	12
pepL_upper	21
n_diff_aa	20

PWM_norm.1	P1	P2	P3	P4	P5	P6	P7	P8	P9
A	0.0934	0.9786	1.5224	2.3817	0.9208	0.472	0.8433	1.0939	0.9349
C	0.049	0.1182	0.2463	0.1983	0.2935	0.0424	0.2776	0.1081	0.331
D	0.0361	0.5555	0.2322	0.2349	1.3566	0.3344	0.6435	0.5678	0.0926
E	0.0576	1.1065	0.5466	0.1385	1.3731	0.23	0.9551	0.7548	0.1204
F	8.2964	0.8442	1.3381	1.3266	0.6095	0.1054	1.1183	0.3915	1.6649
G	0.0619	0.3341	0.4073	0.398	0.6402	0.1241	0.6266	0.9039	0.2605
H	0.1244	1.4506	0.7173	3.8234	1.2723	0.6717	2.29	1.1699	0.2621
I	2.7704	1.5874	2.4065	1.152	1.1805	1.131	1.1302	1.2447	2.9318
K	0.0618	1.7251	0.9092	0.9174	1.8369	7.2571	1.4874	1.6311	0.2345
L	1.3527	0.856	0.9653	0.3996	0.6091	0.7403	1.2304	1.0727	2.5296
M	0.9209	0.5286	1.4668	0.2113	0.7037	0.2807	0.8497	0.6405	1.0923
N	0.0713	1.0179	0.8709	2.0164	1.0881	0.2573	1.7733	1.0421	0.5906
P	0.0388	0.0529	1.2231	0.0937	1.1249	0.2394	0.574	1.5552	0.1149
Q	0.0536	1.1967	1.0822	0.3116	1.1794	0.3842	1.3516	1.0564	0.3998
R	0.0379	1.746	0.8533	0.4949	0.9974	3.507	1.1528	1.3639	0.3378
S	0.0414	0.7128	0.9	1.6866	0.613	0.1709	0.5297	0.6613	0.3938
T	0.0773	1.1169	0.6741	1.4413	1.1988	0.6242	0.6427	0.9828	0.691
V	0.9818	1.9381	1.429	2.1863	0.9928	1.0769	0.9232	1.1159	3.6814
W	4.5203	0.5113	0.6712	0.5225	0.8331	0.082	1.2116	0.1923	0.2255
Y	10.5593	1.1473	1.7827	0.4253	1.0195	0.108	1.587	1.0418	2.1692

pepL	alpha	w_s
12	99.5307	0.083	0.1488	0	0.3949	0.3734
13	98.9575	0.0263	0.0764	0.2382	0.4675	0.1916
14	98.3294	0.0043	0.0259	0.161	0	0.4702	0.2977	0.0409
15	98.0139	0.0017	0.0096	0.0839	0.376	0.4093	0.0998	0.0197
16	98.2233	8e-04	0.0022	0.03	0.2337	0	0.5219	0.1563	0.0471	0.0079
17	98.735	8e-04	0.0019	0.0146	0.1152	0.4293	0.2806	0.114	0.0363	0.0072
18	99.2174	5e-04	0.0013	0.0066	0.0433	0.2908	0	0.3312	0.218	0.0767	0.0267	0.005
19	99.5133	0.001	0.0012	0.0074	0.029	0.145	0.2323	0.2918	0.1844	0.0762	0.0263	0.0055
20	99.691	0.001	0.0012	0.0048	0.0176	0.0704	0.1449	0	0.2809	0.2454	0.1596	0.0505	0.0192	0.0045
21	99.7886	0.0013	0.002	0.0054	0.0189	0.0569	0.1038	0.1383	0.2554	0.2215	0.1327	0.043	0.0166	0.0041
