Allele	BoLA_DRB3_040_02
Type	Standard
n_specificities	1
npep_u	1
npep_t	5000
spec_ids	1
L_core	9
L_N	0
L_C	0
CS_perL	1
pepL_lower	12
pepL_upper	21
n_diff_aa	20

PWM_norm.1	P1	P2	P3	P4	P5	P6	P7	P8	P9
A	0.1329	1.3819	1.352	1.1845	0.7842	0.8004	1.1832	1.1786	2.1505
C	0.0539	0.0859	0.2941	0.2553	0.2536	0.2658	0.2057	0.1131	0.5123
D	0.0395	0.6727	0.4106	4.2875	0.932	2.8823	0.6961	0.5371	1.0933
E	0.0275	1.7044	0.7465	1.276	1.1329	1.6433	0.9187	0.9166	0.5989
F	0.8949	0.8393	1.4535	1.2999	0.5527	0.1975	1.2404	0.6046	0.2992
G	0.0598	0.4529	0.5135	0.3788	0.9631	0.2218	0.7087	0.9621	1.6156
H	0.0379	1.6694	1.2532	1.3576	1.2792	0.5239	1.5119	1.5437	0.7644
I	8.7578	0.9773	1.8984	1.5441	0.836	2.2773	1.5101	1.0119	0.7483
K	0.0307	1.1873	0.9766	0.1221	1.7387	0.2292	0.7218	1.5625	0.4491
L	2.9065	0.683	0.8884	0.9206	0.6225	1.2558	1.0172	1.0918	0.6481
M	1.2553	0.4878	1.1773	1.0435	0.688	0.9581	0.6936	0.5453	0.5833
N	0.0347	1.3314	0.7327	0.9977	1.059	1.9175	1.6312	0.8962	2.5429
P	0.0794	0.0706	1.1004	0.2009	1.2746	0.3323	1.7272	1.2711	0.3264
Q	0.0298	1.3149	1.0531	0.8041	1.1312	0.8361	0.9638	1.0865	1.5632
R	0.0294	1.2296	0.7195	0.0947	1.2122	0.1692	0.7095	1.4361	0.3797
S	0.0298	0.9684	0.7257	0.951	0.8854	0.4899	0.6625	0.7431	1.5239
T	0.1199	1.4653	0.6503	0.9947	1.2341	1.1812	0.8846	0.862	0.8845
V	3.8187	1.1942	1.5672	1.3	1.2307	2.2312	1.0672	0.984	1.2774
W	0.1738	0.4664	1.1659	0.3385	0.6841	0.1421	0.7881	0.333	0.1256
Y	0.1263	1.2296	2.482	0.4192	0.753	0.3164	1.15	1.0692	0.3832

pepL	alpha	w_s
12	99.5307	0.083	0.1488	0	0.3949	0.3733
13	98.9574	0.0263	0.0764	0.2382	0.4675	0.1916
14	98.3293	0.0043	0.0259	0.161	0	0.4702	0.2976	0.0409
15	98.0138	0.0017	0.0096	0.0839	0.3761	0.4093	0.0998	0.0197
16	98.2233	8e-04	0.0022	0.03	0.2337	0	0.522	0.1562	0.0472	0.0079
17	98.7349	8e-04	0.0019	0.0146	0.1152	0.4294	0.2806	0.114	0.0362	0.0072
18	99.2174	5e-04	0.0013	0.0066	0.0433	0.2908	0	0.3312	0.218	0.0767	0.0267	0.005
19	99.5134	0.001	0.0012	0.0074	0.029	0.145	0.2323	0.2917	0.1843	0.0762	0.0263	0.0055
20	99.6911	0.001	0.0012	0.0048	0.0176	0.0704	0.1449	0	0.2809	0.2453	0.1596	0.0505	0.0192	0.0045
21	99.7886	0.0013	0.002	0.0054	0.0189	0.0569	0.1038	0.1384	0.2552	0.2215	0.1327	0.043	0.0166	0.0041
