Allele	BoLA_DRB3_081_03
Type	Standard
n_specificities	1
npep_u	1
npep_t	5000
spec_ids	1
L_core	9
L_N	0
L_C	0
CS_perL	1
pepL_lower	12
pepL_upper	21
n_diff_aa	20

PWM_norm.1	P1	P2	P3	P4	P5	P6	P7	P8	P9
A	0.0934	0.9786	1.4148	1.41	0.9195	1.1565	1.7909	0.8904	0.3143
C	0.049	0.1182	0.3168	0.3921	0.3576	0.2685	0.2162	0.1301	0.0641
D	0.0361	0.5555	0.3842	2.42	1.3159	1.8142	0.9374	0.898	0.0932
E	0.0576	1.1065	0.6135	1.2833	1.1515	0.6085	0.9911	0.7694	0.0965
F	8.2964	0.8442	1.2901	0.9904	0.6318	0.25	0.9154	0.3727	2.9029
G	0.0619	0.3341	0.4771	0.4564	0.6793	0.3026	1.3295	0.8219	0.0835
H	0.1244	1.4506	0.9777	0.8139	1.1731	0.5578	0.8931	1.0155	0.2495
I	2.7704	1.5874	2.0506	1.2099	1.0915	2.4298	1.6249	1.5008	5.9843
K	0.0618	1.7251	0.976	0.2048	1.533	0.478	0.7195	1.756	0.0883
L	1.3527	0.856	0.9521	0.523	0.6961	1.3022	1.1033	0.7888	2.9373
M	0.9209	0.5286	1.2608	0.7172	0.9255	1.1054	1.0916	0.479	0.9694
N	0.0713	1.0179	0.8048	2.3656	0.9928	1.6922	1.1043	1.1133	0.1685
P	0.0388	0.0529	1.0836	0.2222	1.0035	0.6162	0.8042	1.4751	0.0964
Q	0.0536	1.1967	1.1656	0.9975	1.1071	0.7964	0.8319	1.098	0.2179
R	0.0379	1.746	0.9304	0.1719	1.1986	0.2565	0.7645	1.153	0.0981
S	0.0414	0.7128	0.739	1.5023	0.7623	0.5906	0.6554	0.6093	0.0895
T	0.0773	1.1169	0.819	1.4819	1.1133	1.2848	0.8231	1.2041	0.2973
V	0.9818	1.9381	1.5145	1.4679	1.3384	2.8813	1.0514	1.5054	3.0502
W	4.5203	0.5113	0.8567	0.3843	0.7443	0.1281	0.5459	0.1768	0.884
Y	10.5593	1.1473	1.8853	0.3883	0.9979	0.2698	0.9293	1.0886	1.1126

pepL	alpha	w_s
12	99.5307	0.083	0.1488	0	0.3949	0.3734
13	98.9575	0.0263	0.0764	0.2382	0.4675	0.1916
14	98.3294	0.0043	0.0259	0.161	0	0.4702	0.2977	0.0409
15	98.0139	0.0017	0.0096	0.0839	0.376	0.4093	0.0998	0.0197
16	98.2233	8e-04	0.0022	0.03	0.2337	0	0.5219	0.1563	0.0471	0.0079
17	98.735	8e-04	0.0019	0.0146	0.1152	0.4293	0.2806	0.114	0.0363	0.0072
18	99.2174	5e-04	0.0013	0.0066	0.0433	0.2908	0	0.3312	0.218	0.0767	0.0267	0.005
19	99.5133	0.001	0.0012	0.0074	0.029	0.145	0.2323	0.2918	0.1844	0.0762	0.0263	0.0055
20	99.691	0.001	0.0012	0.0048	0.0176	0.0704	0.1449	0	0.2809	0.2454	0.1596	0.0505	0.0192	0.0045
21	99.7886	0.0013	0.002	0.0054	0.0189	0.0569	0.1038	0.1383	0.2554	0.2215	0.1327	0.043	0.0166	0.0041
