Allele	BoLA_DRB3_100_05
Type	Standard
n_specificities	1
npep_u	1
npep_t	5000
spec_ids	1
L_core	9
L_N	0
L_C	0
CS_perL	1
pepL_lower	12
pepL_upper	21
n_diff_aa	20

PWM_norm.1	P1	P2	P3	P4	P5	P6	P7	P8	P9
A	0.0934	0.9786	1.3422	1.2023	0.9087	0.2576	1.1656	0.9805	0.6102
C	0.049	0.1182	0.3683	0.4218	0.287	0.0857	0.1255	0.1459	0.1367
D	0.0361	0.5555	0.3956	2.6716	1.0671	10.0003	0.7671	0.6786	0.1559
E	0.0576	1.1065	0.6612	2.0212	1.0178	0.5014	0.8817	0.7512	0.1269
F	8.2964	0.8442	1.252	0.9811	0.5143	0.0634	0.8356	0.4879	1.1634
G	0.0619	0.3341	0.4953	0.2921	0.848	0.1332	2.426	0.8153	0.1139
H	0.1244	1.4506	0.7492	0.2926	0.8262	0.4532	1.1495	0.9494	0.1398
I	2.7704	1.5874	2.2618	1.5207	1.0001	0.4214	1.894	1.3566	5.9052
K	0.0618	1.7251	1.0314	0.0949	1.7526	0.101	0.4552	1.585	0.0432
L	1.3527	0.856	0.9544	1.02	0.462	0.205	1.6769	1.0225	2.5808
M	0.9209	0.5286	1.2184	1.8646	0.7666	0.2005	1.517	0.8048	0.8129
N	0.0713	1.0179	0.6998	1.246	0.9695	4.8259	1.2849	1.1559	0.2744
P	0.0388	0.0529	1.012	0.0545	1.4444	0.1018	0.4924	1.5918	0.0799
Q	0.0536	1.1967	0.7209	1.4866	0.9058	0.367	0.7296	1.0076	0.2849
R	0.0379	1.746	0.7354	0.0733	1.5211	0.0649	0.6296	1.2815	0.0644
S	0.0414	0.7128	0.9833	1.1569	1.0636	0.8794	0.4885	0.6796	0.1665
T	0.0773	1.1169	0.7518	1.0481	1.2773	1.4121	0.6624	1.06	0.4809
V	0.9818	1.9381	1.6228	1.0919	1.0307	0.5908	0.6883	1.1414	4.2362
W	4.5203	0.5113	0.7128	0.3476	0.5232	0.0318	0.3057	0.2409	0.1241
Y	10.5593	1.1473	2.3975	0.4054	0.8158	0.0673	0.8264	1.1115	1.0071

pepL	alpha	w_s
12	99.5307	0.083	0.1488	0	0.3949	0.3734
13	98.9575	0.0263	0.0764	0.2382	0.4675	0.1916
14	98.3294	0.0043	0.0259	0.161	0	0.4702	0.2977	0.0409
15	98.0139	0.0017	0.0096	0.0839	0.376	0.4093	0.0998	0.0197
16	98.2233	8e-04	0.0022	0.03	0.2337	0	0.5219	0.1563	0.0471	0.0079
17	98.735	8e-04	0.0019	0.0146	0.1152	0.4293	0.2806	0.114	0.0363	0.0072
18	99.2174	5e-04	0.0013	0.0066	0.0433	0.2908	0	0.3312	0.218	0.0767	0.0267	0.005
19	99.5133	0.001	0.0012	0.0074	0.029	0.145	0.2323	0.2918	0.1844	0.0762	0.0263	0.0055
20	99.691	0.001	0.0012	0.0048	0.0176	0.0704	0.1449	0	0.2809	0.2454	0.1596	0.0505	0.0192	0.0045
21	99.7886	0.0013	0.002	0.0054	0.0189	0.0569	0.1038	0.1383	0.2554	0.2215	0.1327	0.043	0.0166	0.0041
