Allele	BoLA_DRB3_012_02
Type	Standard
n_specificities	1
npep_u	1
npep_t	5000
spec_ids	1
L_core	9
L_N	0
L_C	0
CS_perL	1
pepL_lower	12
pepL_upper	21
n_diff_aa	20

PWM_norm.1	P1	P2	P3	P4	P5	P6	P7	P8	P9
A	0.0896	0.971	1.3285	0.8575	0.9032	0.473	0.5017	1.1786	1.0957
C	0.0511	0.118	0.3636	0.3453	0.4156	0.1402	0.1126	0.1131	0.5635
D	0.0347	0.5546	0.409	0.7212	1.2554	7.2968	3.9589	0.5371	0.1935
E	0.0549	1.1045	0.6618	1.1472	1.2395	1.124	3.5247	0.9166	0.2099
F	8.5177	0.8507	1.3003	4.8957	0.6183	0.0833	0.4645	0.6046	1.543
G	0.0609	0.3361	0.5028	0.293	0.7902	0.2367	0.5839	0.9621	0.438
H	0.1257	1.4432	0.7357	0.6828	0.8431	0.3646	1.0699	1.5437	0.3602
I	2.7942	1.5947	2.2349	1.496	1.2078	0.7007	0.7154	1.0119	1.9572
K	0.0562	1.7443	1.0605	0.1955	1.3982	0.0767	0.3652	1.5625	0.194
L	1.3764	0.8388	0.9575	1.3655	0.7275	0.3244	0.7334	1.0918	2.2274
M	0.9048	0.5271	1.2558	2.6331	0.8681	0.4837	0.9523	0.5453	1.4793
N	0.0706	1.0223	0.6489	0.6248	1.1451	4.2399	1.6514	0.8962	0.8272
P	0.0383	0.0548	1.0138	0.0949	1.5249	0.2207	0.2487	1.2711	0.1121
Q	0.0511	1.2417	0.7042	0.8905	1.0173	0.5527	1.2811	1.0865	0.5299
R	0.0397	1.734	0.7479	0.1493	0.9654	0.0691	0.3945	1.4361	0.2936
S	0.0409	0.7046	0.987	0.739	0.7623	0.758	0.5591	0.7431	0.6567
T	0.0763	1.109	0.7407	0.6024	1.1891	1.8194	0.7304	0.862	0.8387
V	0.9921	1.94	1.6433	0.9996	0.9866	1.0508	0.4561	0.984	3.1594
W	4.4804	0.5062	0.6689	2.3257	0.5146	0.0451	0.205	0.333	0.1929
Y	10.1766	1.153	2.3315	2.8143	0.921	0.0784	0.5571	1.0692	2.8655

pepL	alpha	w_s
12	99.5307	0.083	0.1488	0	0.3949	0.3733
13	98.9574	0.0263	0.0764	0.2382	0.4675	0.1916
14	98.3293	0.0043	0.0259	0.161	0	0.4702	0.2976	0.0409
15	98.0138	0.0017	0.0096	0.0839	0.3761	0.4093	0.0998	0.0197
16	98.2233	8e-04	0.0022	0.03	0.2337	0	0.522	0.1562	0.0472	0.0079
17	98.7349	8e-04	0.0019	0.0146	0.1152	0.4294	0.2806	0.114	0.0362	0.0072
18	99.2174	5e-04	0.0013	0.0066	0.0433	0.2908	0	0.3312	0.218	0.0767	0.0267	0.005
19	99.5134	0.001	0.0012	0.0074	0.029	0.145	0.2323	0.2917	0.1843	0.0762	0.0263	0.0055
20	99.6911	0.001	0.0012	0.0048	0.0176	0.0704	0.1449	0	0.2809	0.2453	0.1596	0.0505	0.0192	0.0045
21	99.7886	0.0013	0.002	0.0054	0.0189	0.0569	0.1038	0.1384	0.2552	0.2215	0.1327	0.043	0.0166	0.0041
