Allele	BoLA_DRB3_034_03
Type	Standard
n_specificities	1
npep_u	1
npep_t	5000
spec_ids	1
L_core	9
L_N	0
L_C	0
CS_perL	1
pepL_lower	12
pepL_upper	21
n_diff_aa	20

PWM_norm.1	P1	P2	P3	P4	P5	P6	P7	P8	P9
A	0.0896	0.971	1.4815	1.3606	0.9136	2.2001	0.9325	1.1785	0.2012
C	0.0511	0.118	0.3191	0.2871	0.2331	0.3249	0.1443	0.1183	0.0537
D	0.0347	0.5546	0.4037	1.5878	1.3075	0.4103	1.1777	0.8715	0.1099
E	0.0549	1.1045	0.6979	0.7778	1.3881	0.5803	2.792	0.769	0.0986
F	8.5177	0.8507	1.0737	0.5041	0.7074	0.5897	0.3762	0.6413	4.7123
G	0.0609	0.3361	0.5972	0.6055	0.8247	0.9841	0.4834	0.8499	0.0703
H	0.1257	1.4432	0.7858	0.5092	1.3243	0.5154	1.0407	1.0149	0.1355
I	2.7942	1.5947	2.2462	0.8678	0.9415	2.2073	0.9765	1.453	5.4039
K	0.0562	1.7443	0.9462	0.1925	1.6581	0.146	0.3582	1.6238	0.059
L	1.3764	0.8388	0.9202	0.4309	0.6788	1.1508	0.5837	1.1239	2.8264
M	0.9048	0.5271	1.333	0.5149	0.6462	0.7988	0.3677	0.4089	1.8785
N	0.0706	1.0223	0.8979	6.9097	1.0694	1.5466	2.9837	1.1451	0.1936
P	0.0383	0.0548	1.1284	0.0935	0.928	1.2013	1.2163	1.1217	0.0536
Q	0.0511	1.2417	0.8793	1.4113	1.2452	1.2948	1.2796	0.907	0.1803
R	0.0397	1.734	0.8779	0.2002	1.0461	0.1471	0.3024	1.3491	0.0473
S	0.0409	0.7046	0.8629	1.5041	0.8094	0.6227	0.8688	0.9645	0.0754
T	0.0763	1.109	0.7902	1.066	1.2161	0.9824	0.9161	0.653	0.2259
V	0.9921	1.94	1.4579	1.0614	0.97	2.0785	1.147	1.0876	2.4873
W	4.4804	0.5062	0.5861	0.4247	0.4813	0.1948	0.3474	0.262	1.1797
Y	10.1766	1.153	1.744	0.2452	0.8965	0.3881	0.567	0.786	1.3542

pepL	alpha	w_s
12	99.5307	0.083	0.1488	0	0.3949	0.3733
13	98.9574	0.0263	0.0764	0.2382	0.4675	0.1916
14	98.3293	0.0043	0.0259	0.161	0	0.4702	0.2976	0.0409
15	98.0138	0.0017	0.0096	0.0839	0.3761	0.4093	0.0998	0.0197
16	98.2233	8e-04	0.0022	0.03	0.2337	0	0.522	0.1562	0.0472	0.0079
17	98.7349	8e-04	0.0019	0.0146	0.1152	0.4294	0.2806	0.114	0.0362	0.0072
18	99.2174	5e-04	0.0013	0.0066	0.0433	0.2908	0	0.3312	0.218	0.0767	0.0267	0.005
19	99.5134	0.001	0.0012	0.0074	0.029	0.145	0.2323	0.2917	0.1843	0.0762	0.0263	0.0055
20	99.6911	0.001	0.0012	0.0048	0.0176	0.0704	0.1449	0	0.2809	0.2453	0.1596	0.0505	0.0192	0.0045
21	99.7886	0.0013	0.002	0.0054	0.0189	0.0569	0.1038	0.1384	0.2552	0.2215	0.1327	0.043	0.0166	0.0041
