Allele	BoLA_DRB3_089_01
Type	Standard
n_specificities	1
npep_u	1
npep_t	5000
spec_ids	1
L_core	9
L_N	0
L_C	0
CS_perL	1
pepL_lower	12
pepL_upper	21
n_diff_aa	20

PWM_norm.1	P1	P2	P3	P4	P5	P6	P7	P8	P9
A	0.1067	0.9786	1.5224	1.951	1.0205	0.9929	1.3615	0.9847	0.4812
C	0.0519	0.1182	0.2463	0.5356	0.207	0.191	0.1081	0.198	0.118
D	0.0398	0.5555	0.2322	0.6044	1.5127	0.7325	0.5538	0.9547	0.7583
E	0.0664	1.1065	0.5466	0.5334	1.2036	0.4373	0.8085	0.9742	0.6422
F	7.7048	0.8442	1.3381	1.2247	0.5065	0.1734	0.8498	0.5906	3.4438
G	0.0614	0.3341	0.4073	0.3801	0.728	0.3551	1.3293	0.876	0.4612
H	0.1158	1.4506	0.7173	0.9556	1.3223	0.9361	1.2527	1.4708	1.1435
I	2.9156	1.5874	2.4065	1.8164	0.6934	2.2822	2.0241	1.1619	2.8865
K	0.0495	1.7251	0.9092	0.2295	1.5356	1.4598	1.0625	1.656	0.3341
L	1.5115	0.856	0.9653	0.9321	0.4429	1.1249	1.3228	0.7111	1.9199
M	0.995	0.5286	1.4668	0.9409	0.4228	0.6205	1.1968	0.4053	1.5319
N	0.0597	1.0179	0.8709	1.6597	1.1392	1.2014	1.2096	0.9653	0.4552
P	0.0478	0.0529	1.2231	0.1441	1.6422	0.6018	0.7138	1.1302	0.333
Q	0.0612	1.1967	1.0822	0.4436	1.0202	0.6289	0.9109	1.1819	0.8
R	0.0353	1.746	0.8533	0.1347	1.0547	1.5192	0.9045	1.2036	0.2631
S	0.0437	0.7128	0.9	1.7731	0.9524	0.5108	0.4866	0.7095	0.2624
T	0.0877	1.1169	0.6741	1.5739	1.1804	1.3795	0.7562	1.0907	0.4395
V	1.2306	1.9381	1.429	2.3836	0.978	2.9387	1.1598	1.385	1.5239
W	3.9897	0.5113	0.6712	0.3637	1.0582	0.1114	0.5421	0.4169	4.8888
Y	10.0619	1.1473	1.7827	0.2989	0.9364	0.2153	0.8302	1.2235	1.6915

pepL	alpha	w_s
12	99.5307	0.083	0.1488	0	0.3949	0.3734
13	98.9575	0.0263	0.0764	0.2382	0.4675	0.1916
14	98.3294	0.0043	0.0259	0.161	0	0.4702	0.2977	0.0409
15	98.0139	0.0017	0.0096	0.0839	0.376	0.4093	0.0998	0.0197
16	98.2233	8e-04	0.0022	0.03	0.2337	0	0.5219	0.1563	0.0471	0.0079
17	98.735	8e-04	0.0019	0.0146	0.1152	0.4293	0.2806	0.114	0.0363	0.0072
18	99.2174	5e-04	0.0013	0.0066	0.0433	0.2908	0	0.3312	0.218	0.0767	0.0267	0.005
19	99.5133	0.001	0.0012	0.0074	0.029	0.145	0.2323	0.2918	0.1844	0.0762	0.0263	0.0055
20	99.691	0.001	0.0012	0.0048	0.0176	0.0704	0.1449	0	0.2809	0.2454	0.1596	0.0505	0.0192	0.0045
21	99.7886	0.0013	0.002	0.0054	0.0189	0.0569	0.1038	0.1383	0.2554	0.2215	0.1327	0.043	0.0166	0.0041
