Allele	BoLA_DRB3_014_04
Type	Standard
n_specificities	1
npep_u	1
npep_t	5000
spec_ids	1
L_core	9
L_N	0
L_C	0
CS_perL	1
pepL_lower	12
pepL_upper	21
n_diff_aa	20

PWM_norm.1	P1	P2	P3	P4	P5	P6	P7	P8	P9
A	0.1329	1.3819	1.5882	1.8917	0.6819	0.4356	0.981	1.1882	0.9507
C	0.0539	0.0859	0.2204	0.1548	0.1383	0.1198	0.1098	0.1339	0.4848
D	0.0395	0.6727	0.2955	2.8126	1.0443	0.6943	0.6339	0.5688	0.2849
E	0.0275	1.7044	0.6706	0.7258	1.3535	0.6442	0.9402	0.8775	0.2387
F	0.8949	0.8393	1.3697	1.1983	0.4392	0.1452	1.2275	0.6199	0.9151
G	0.0598	0.4529	0.5366	0.5747	0.9053	0.0948	0.5012	0.9421	0.2947
H	0.0379	1.6694	1.0181	2.3864	1.0889	0.2678	1.4428	1.4512	0.3296
I	8.7578	0.9773	2.0981	0.9436	0.9609	4.8708	2.0279	1.0883	2.572
K	0.0307	1.1873	0.9788	0.1171	1.8778	0.2155	0.6196	1.5225	0.4006
L	2.9065	0.683	0.8298	0.2518	0.7013	2.6219	1.1015	1.0613	2.5698
M	1.2553	0.4878	1.2127	0.3364	0.7248	0.8038	0.6244	0.576	1.3073
N	0.0347	1.3314	0.7867	2.0205	0.9923	1.0445	1.6287	0.9572	0.9044
P	0.0794	0.0706	1.1034	0.1732	1.3217	0.1651	1.6955	1.2838	0.0901
Q	0.0298	1.3149	1.0122	0.5473	1.0288	0.5808	0.7829	1.0415	0.3844
R	0.0294	1.2296	0.6748	0.0936	1.358	0.2449	0.6205	1.4116	0.4727
S	0.0298	0.9684	0.9167	1.8907	0.7267	0.22	0.6011	0.7854	0.3785
T	0.1199	1.4653	0.5642	1.5078	1.1615	0.8437	1.131	0.8768	0.6837
V	3.8187	1.1942	1.3979	1.4788	1.1852	3.4467	1.4663	1.0057	3.548
W	0.1738	0.4664	0.914	0.3761	0.4308	0.0917	0.5328	0.3576	0.1443
Y	0.1263	1.2296	2.6447	0.2338	0.6854	0.2627	1.0196	1.0389	1.8588

pepL	alpha	w_s
12	99.5307	0.083	0.1488	0	0.3949	0.3733
13	98.9574	0.0263	0.0764	0.2382	0.4675	0.1916
14	98.3293	0.0043	0.0259	0.161	0	0.4702	0.2976	0.0409
15	98.0138	0.0017	0.0096	0.0839	0.3761	0.4093	0.0998	0.0197
16	98.2233	8e-04	0.0022	0.03	0.2337	0	0.522	0.1562	0.0472	0.0079
17	98.7349	8e-04	0.0019	0.0146	0.1152	0.4294	0.2806	0.114	0.0362	0.0072
18	99.2174	5e-04	0.0013	0.0066	0.0433	0.2908	0	0.3312	0.218	0.0767	0.0267	0.005
19	99.5134	0.001	0.0012	0.0074	0.029	0.145	0.2323	0.2917	0.1843	0.0762	0.0263	0.0055
20	99.6911	0.001	0.0012	0.0048	0.0176	0.0704	0.1449	0	0.2809	0.2453	0.1596	0.0505	0.0192	0.0045
21	99.7886	0.0013	0.002	0.0054	0.0189	0.0569	0.1038	0.1384	0.2552	0.2215	0.1327	0.043	0.0166	0.0041
