Allele	BoLA_DRB3_103_01
Type	Standard
n_specificities	1
npep_u	1
npep_t	5000
spec_ids	1
L_core	9
L_N	0
L_C	0
CS_perL	1
pepL_lower	12
pepL_upper	21
n_diff_aa	20

PWM_norm.1	P1	P2	P3	P4	P5	P6	P7	P8	P9
A	0.0934	0.9786	1.6705	2.7292	1.3096	1.8068	1.0925	0.9895	1.0715
C	0.049	0.1182	0.1899	0.2014	0.1992	0.5896	0.153	0.0875	0.1626
D	0.0361	0.5555	0.2649	0.1643	1.0638	2.095	0.7091	0.8424	2.3359
E	0.0576	1.1065	0.5765	0.2033	0.9776	0.6411	0.573	1.0301	2.5417
F	8.2964	0.8442	1.1071	1.4042	0.7231	0.4541	1.6375	0.3993	1.1566
G	0.0619	0.3341	0.7378	0.5924	0.4887	0.9705	0.9999	0.8578	1.0214
H	0.1244	1.4506	0.9548	1.3588	0.9158	0.4357	2.7326	1.3044	1.2043
I	2.7704	1.5874	1.5659	1.449	1.5734	1.3779	1.7373	1.1128	1.1229
K	0.0618	1.7251	0.8704	0.9611	1.4798	0.4954	1.4254	1.6679	0.2187
L	1.3527	0.856	0.7354	0.6034	0.8873	0.8249	0.9218	0.9561	0.8666
M	0.9209	0.5286	1.3557	0.6705	0.9487	0.7769	0.938	0.3434	1.0049
N	0.0713	1.0179	0.738	0.6237	1.026	1.6436	1.2058	0.8964	0.6475
P	0.0388	0.0529	1.0352	0.0958	0.8105	0.7121	0.4493	1.3119	0.3614
Q	0.0536	1.1967	1.1893	0.3869	1.2759	0.6369	1.028	1.2446	1.7085
R	0.0379	1.746	1.2041	0.8078	0.8495	0.3234	1.5984	1.3579	0.2119
S	0.0414	0.7128	1.2052	1.0521	0.5373	1.1593	0.4685	0.6296	0.6297
T	0.0773	1.1169	0.7538	2.4532	1.24	1.3638	0.7262	0.9341	0.598
V	0.9818	1.9381	1.217	1.9801	1.4699	1.6131	0.9146	1.3049	1.0373
W	4.5203	0.5113	1.0487	1.1762	0.304	0.4032	0.9753	0.2219	0.7981
Y	10.5593	1.1473	1.8379	0.7572	1.4527	0.4101	0.9723	1.0772	0.8053

pepL	alpha	w_s
12	99.5307	0.083	0.1488	0	0.3949	0.3734
13	98.9575	0.0263	0.0764	0.2382	0.4675	0.1916
14	98.3294	0.0043	0.0259	0.161	0	0.4702	0.2977	0.0409
15	98.0139	0.0017	0.0096	0.0839	0.376	0.4093	0.0998	0.0197
16	98.2233	8e-04	0.0022	0.03	0.2337	0	0.5219	0.1563	0.0471	0.0079
17	98.735	8e-04	0.0019	0.0146	0.1152	0.4293	0.2806	0.114	0.0363	0.0072
18	99.2174	5e-04	0.0013	0.0066	0.0433	0.2908	0	0.3312	0.218	0.0767	0.0267	0.005
19	99.5133	0.001	0.0012	0.0074	0.029	0.145	0.2323	0.2918	0.1844	0.0762	0.0263	0.0055
20	99.691	0.001	0.0012	0.0048	0.0176	0.0704	0.1449	0	0.2809	0.2454	0.1596	0.0505	0.0192	0.0045
21	99.7886	0.0013	0.002	0.0054	0.0189	0.0569	0.1038	0.1383	0.2554	0.2215	0.1327	0.043	0.0166	0.0041
