Allele	BoLA_DRB3_027_20
Type	Standard
n_specificities	1
npep_u	1
npep_t	5000
spec_ids	1
L_core	9
L_N	0
L_C	0
CS_perL	1
pepL_lower	12
pepL_upper	21
n_diff_aa	20

PWM_norm.1	P1	P2	P3	P4	P5	P6	P7	P8	P9
A	0.0896	1.3819	1.5994	2.6105	1.0421	1.6728	0.8041	1.1786	2.9876
C	0.0511	0.0859	0.1646	0.218	0.1789	0.4835	0.2162	0.1131	0.6462
D	0.0347	0.6727	0.2153	0.2506	1.2879	1.7591	0.6345	0.5371	0.4235
E	0.0549	1.7044	0.5717	0.2159	1.0551	1.3672	0.9891	0.9166	0.3192
F	8.5177	0.8393	1.164	1.6499	0.4032	0.3103	1.2515	0.6046	0.1863
G	0.0609	0.4529	0.5957	0.3617	0.5859	1.294	0.5976	0.9621	2.6625
H	0.1257	1.6694	1.1105	2.0565	1.2042	0.7142	2.0431	1.5437	0.6212
I	2.7942	0.9773	1.7342	1.6665	0.9898	0.9931	1.1588	1.0119	0.6105
K	0.0562	1.1873	0.9298	0.2046	1.9737	0.3154	1.3985	1.5625	0.2247
L	1.3764	0.683	0.897	0.6148	0.6432	0.5405	1.3434	1.0918	0.4448
M	0.9048	0.4878	0.9682	0.5676	0.6565	0.5776	0.889	0.5453	0.4998
N	0.0706	1.3314	0.7308	0.4306	1.0885	2.3022	1.5431	0.8962	1.3391
P	0.0383	0.0706	1.2131	0.1281	0.8453	0.755	0.7109	1.2711	0.3404
Q	0.0511	1.3149	1.1684	0.1819	1.0236	0.9164	1.4603	1.0865	1.6915
R	0.0397	1.2296	1.0696	0.0987	1.487	0.3294	1.2033	1.4361	0.1382
S	0.0409	0.9684	0.9158	2.1786	0.788	1.1188	0.4665	0.7431	2.0767
T	0.0763	1.4653	0.5839	1.8691	1.1135	1.2605	0.6623	0.862	0.899
V	0.9921	1.1942	1.4295	2.6806	1.4229	1.3303	0.8882	0.984	0.9637
W	4.4804	0.4664	0.9497	0.3457	0.4367	0.249	1.2466	0.333	0.0776
Y	10.1766	1.2296	2.3325	0.2329	0.9208	0.39	1.394	1.0692	0.1542

pepL	alpha	w_s
12	99.5307	0.083	0.1488	0	0.3949	0.3733
13	98.9574	0.0263	0.0764	0.2382	0.4675	0.1916
14	98.3293	0.0043	0.0259	0.161	0	0.4702	0.2976	0.0409
15	98.0138	0.0017	0.0096	0.0839	0.3761	0.4093	0.0998	0.0197
16	98.2233	8e-04	0.0022	0.03	0.2337	0	0.522	0.1562	0.0472	0.0079
17	98.7349	8e-04	0.0019	0.0146	0.1152	0.4294	0.2806	0.114	0.0362	0.0072
18	99.2174	5e-04	0.0013	0.0066	0.0433	0.2908	0	0.3312	0.218	0.0767	0.0267	0.005
19	99.5134	0.001	0.0012	0.0074	0.029	0.145	0.2323	0.2917	0.1843	0.0762	0.0263	0.0055
20	99.6911	0.001	0.0012	0.0048	0.0176	0.0704	0.1449	0	0.2809	0.2453	0.1596	0.0505	0.0192	0.0045
21	99.7886	0.0013	0.002	0.0054	0.0189	0.0569	0.1038	0.1384	0.2552	0.2215	0.1327	0.043	0.0166	0.0041
