Allele	BoLA_DRB3_032_04
Type	Standard
n_specificities	1
npep_u	1
npep_t	5000
spec_ids	1
L_core	9
L_N	0
L_C	0
CS_perL	1
pepL_lower	12
pepL_upper	21
n_diff_aa	20

PWM_norm.1	P1	P2	P3	P4	P5	P6	P7	P8	P9
A	0.1514	0.971	1.6379	3.3574	1.2443	2.8796	1.1332	1.1786	2.9915
C	0.0752	0.118	0.1959	0.1047	0.2567	0.7406	0.2075	0.1131	0.2264
D	0.0461	0.5546	0.2694	0.0897	0.9626	0.9381	0.7845	0.5371	0.4185
E	0.034	1.1045	0.5879	0.1149	0.9708	0.6503	0.566	0.9166	0.4532
F	1.2848	0.8507	1.0865	1.5657	0.7832	0.4721	1.6332	0.6046	0.2364
G	0.0928	0.3361	0.6801	0.4946	0.5138	1.7652	0.9993	0.9621	2.9595
H	0.0565	1.4432	0.9746	2.0277	0.9103	0.2678	3.2327	1.5437	0.8422
I	8.7075	1.5947	1.5862	1.618	1.6877	1.2115	1.0552	1.0119	0.3293
K	0.0468	1.7443	0.877	0.8972	1.5324	0.1793	1.5958	1.5625	0.2691
L	2.8025	0.8388	0.7716	0.6391	0.8887	0.6873	0.9574	1.0918	0.1742
M	1.498	0.5271	1.3405	0.5059	1.2354	0.6196	0.7661	0.5453	0.3262
N	0.0555	1.0223	0.7778	0.4663	1.0207	1.2806	1.2093	0.8962	0.8888
P	0.0887	0.0548	0.9904	0.079	0.9035	0.7876	0.5409	1.2711	0.3627
Q	0.0383	1.2417	1.2382	0.349	1.2121	0.8155	1.0761	1.0865	2.897
R	0.0451	1.734	1.2102	0.591	0.8672	0.1328	1.6348	1.4361	0.2309
S	0.0404	0.7046	1.1711	0.9732	0.5303	1.2458	0.5308	0.7431	2.2102
T	0.1519	1.109	0.7522	1.8126	1.1678	1.1446	0.562	0.862	0.635
V	3.4569	1.94	1.2705	2.225	1.3291	1.4743	0.707	0.984	0.4172
W	0.3205	0.5062	0.8989	0.9186	0.4502	0.2373	1.4767	0.333	0.071
Y	0.1975	1.153	1.8704	0.7225	1.3828	0.3139	0.9723	1.0692	0.1724

pepL	alpha	w_s
12	99.5307	0.083	0.1488	0	0.3949	0.3733
13	98.9574	0.0263	0.0764	0.2382	0.4675	0.1916
14	98.3293	0.0043	0.0259	0.161	0	0.4702	0.2976	0.0409
15	98.0138	0.0017	0.0096	0.0839	0.3761	0.4093	0.0998	0.0197
16	98.2233	8e-04	0.0022	0.03	0.2337	0	0.522	0.1562	0.0472	0.0079
17	98.7349	8e-04	0.0019	0.0146	0.1152	0.4294	0.2806	0.114	0.0362	0.0072
18	99.2174	5e-04	0.0013	0.0066	0.0433	0.2908	0	0.3312	0.218	0.0767	0.0267	0.005
19	99.5134	0.001	0.0012	0.0074	0.029	0.145	0.2323	0.2917	0.1843	0.0762	0.0263	0.0055
20	99.6911	0.001	0.0012	0.0048	0.0176	0.0704	0.1449	0	0.2809	0.2453	0.1596	0.0505	0.0192	0.0045
21	99.7886	0.0013	0.002	0.0054	0.0189	0.0569	0.1038	0.1384	0.2552	0.2215	0.1327	0.043	0.0166	0.0041
