Allele	BoLA_DRB3_115_01
Type	Standard
n_specificities	1
npep_u	1
npep_t	5000
spec_ids	1
L_core	9
L_N	0
L_C	0
CS_perL	1
pepL_lower	12
pepL_upper	21
n_diff_aa	20

PWM_norm.1	P1	P2	P3	P4	P5	P6	P7	P8	P9
A	0.1598	0.9786	1.3954	1.6586	0.8332	0.3203	1.3879	1.0939	2.5303
C	0.0686	0.1182	0.2623	0.2233	0.1229	0.0859	0.0947	0.1081	0.4887
D	0.0465	0.5555	0.2059	2.4574	0.7877	9.6574	0.3803	0.5678	0.1538
E	0.0361	1.1065	0.493	1.6933	1.0659	0.4947	0.5616	0.7548	0.3013
F	1.2075	0.8442	1.3723	0.4716	0.3925	0.0645	0.8728	0.3915	0.3963
G	0.0913	0.3341	0.324	0.2809	0.7203	0.1424	2.8002	0.9039	1.0949
H	0.0557	1.4506	0.6516	0.491	1.0114	0.3344	1.2913	1.1699	0.3899
I	8.8482	1.5874	2.2919	1.0795	1.0811	0.604	1.6568	1.2447	2.0498
K	0.0511	1.7251	1.0703	0.0741	2.2336	0.0761	0.6474	1.6311	0.5526
L	2.6807	0.856	1.0092	1.1649	0.585	0.2999	2.0044	1.0727	1.6936
M	1.5984	0.5286	1.3665	0.9392	0.6156	0.24	1.5173	0.6405	0.6448
N	0.0572	1.0179	0.6737	1.258	0.7017	4.6685	0.8484	1.0421	0.4865
P	0.0827	0.0529	1.2682	0.0484	1.0198	0.1157	0.4534	1.5552	0.2052
Q	0.0401	1.1967	0.8704	1.1534	0.9431	0.3741	0.5596	1.0564	0.7543
R	0.0421	1.746	0.8502	0.0586	1.8429	0.0552	0.8634	1.3639	1.2197
S	0.0434	0.7128	1.0078	1.831	0.8674	0.8671	0.4241	0.6613	0.7617
T	0.1511	1.1169	0.605	1.419	1.2084	1.3058	0.5095	0.9828	0.718
V	3.5484	1.9381	1.5993	1.0492	1.4784	0.7604	0.5624	1.1159	2.3212
W	0.3015	0.5113	0.5722	0.0808	0.4751	0.0316	0.32	0.1923	0.077
Y	0.2197	1.1473	2.2936	0.1208	0.7038	0.0684	0.787	1.0418	0.3281

pepL	alpha	w_s
12	99.5307	0.083	0.1488	0	0.3949	0.3734
13	98.9575	0.0263	0.0764	0.2382	0.4675	0.1916
14	98.3294	0.0043	0.0259	0.161	0	0.4702	0.2977	0.0409
15	98.0139	0.0017	0.0096	0.0839	0.376	0.4093	0.0998	0.0197
16	98.2233	8e-04	0.0022	0.03	0.2337	0	0.5219	0.1563	0.0471	0.0079
17	98.735	8e-04	0.0019	0.0146	0.1152	0.4293	0.2806	0.114	0.0363	0.0072
18	99.2174	5e-04	0.0013	0.0066	0.0433	0.2908	0	0.3312	0.218	0.0767	0.0267	0.005
19	99.5133	0.001	0.0012	0.0074	0.029	0.145	0.2323	0.2918	0.1844	0.0762	0.0263	0.0055
20	99.691	0.001	0.0012	0.0048	0.0176	0.0704	0.1449	0	0.2809	0.2454	0.1596	0.0505	0.0192	0.0045
21	99.7886	0.0013	0.002	0.0054	0.0189	0.0569	0.1038	0.1383	0.2554	0.2215	0.1327	0.043	0.0166	0.0041
