Allele	BoLA_DRB3_133_01
Type	Standard
n_specificities	1
npep_u	1
npep_t	5000
spec_ids	1
L_core	9
L_N	0
L_C	0
CS_perL	1
pepL_lower	12
pepL_upper	21
n_diff_aa	20

PWM_norm.1	P1	P2	P3	P4	P5	P6	P7	P8	P9
A	0.0934	0.9786	1.4937	0.9712	0.9959	1.6052	1.1114	1.0939	1.4424
C	0.049	0.1182	0.2837	0.3816	0.2376	0.571	0.32	0.1081	0.3798
D	0.0361	0.5555	0.3086	0.2683	1.7458	1.6397	1.0467	0.5678	0.1591
E	0.0576	1.1065	0.6046	0.798	1.0392	0.7635	0.9124	0.7548	0.2937
F	8.2964	0.8442	1.0001	2.2189	0.511	0.2991	1.3024	0.3915	1.0737
G	0.0619	0.3341	0.6714	0.156	0.6982	0.9074	1.0676	0.9039	0.7989
H	0.1244	1.4506	0.9263	0.2965	1.0125	0.618	1.56	1.1699	0.4601
I	2.7704	1.5874	1.992	3.7454	0.968	1.2892	1.2809	1.2447	1.5349
K	0.0618	1.7251	0.9113	0.1537	1.6213	0.3619	1.1609	1.6311	2.068
L	1.3527	0.856	0.9441	2.2808	0.4842	0.717	1.0939	1.0727	1.2263
M	0.9209	0.5286	1.0684	3.3104	0.6904	0.7107	1.1573	0.6405	1.1597
N	0.0713	1.0179	0.8236	0.3603	1.4511	2.1374	1.1949	1.0421	0.6245
P	0.0388	0.0529	0.9493	0.0605	1.1402	0.8309	0.7988	1.5552	0.1799
Q	0.0536	1.1967	1.1118	0.6813	0.9565	0.7828	1.0462	1.0564	0.8043
R	0.0379	1.746	1.248	0.0968	1.192	0.3007	1.0802	1.3639	2.2738
S	0.0414	0.7128	0.8692	0.5767	0.97	1.2159	0.578	0.6613	0.6552
T	0.0773	1.1169	0.9005	0.7047	1.2394	1.5119	0.7143	0.9828	0.5956
V	0.9818	1.9381	1.3831	1.9538	1.0238	1.8988	0.8516	1.1159	1.724
W	4.5203	0.5113	0.8635	0.8239	0.4021	0.2104	1.0842	0.1923	0.2983
Y	10.5593	1.1473	1.6828	0.7445	0.9736	0.31	1.2021	1.0418	1.2696

pepL	alpha	w_s
12	99.5307	0.083	0.1488	0	0.3949	0.3734
13	98.9575	0.0263	0.0764	0.2382	0.4675	0.1916
14	98.3294	0.0043	0.0259	0.161	0	0.4702	0.2977	0.0409
15	98.0139	0.0017	0.0096	0.0839	0.376	0.4093	0.0998	0.0197
16	98.2233	8e-04	0.0022	0.03	0.2337	0	0.5219	0.1563	0.0471	0.0079
17	98.735	8e-04	0.0019	0.0146	0.1152	0.4293	0.2806	0.114	0.0363	0.0072
18	99.2174	5e-04	0.0013	0.0066	0.0433	0.2908	0	0.3312	0.218	0.0767	0.0267	0.005
19	99.5133	0.001	0.0012	0.0074	0.029	0.145	0.2323	0.2918	0.1844	0.0762	0.0263	0.0055
20	99.691	0.001	0.0012	0.0048	0.0176	0.0704	0.1449	0	0.2809	0.2454	0.1596	0.0505	0.0192	0.0045
21	99.7886	0.0013	0.002	0.0054	0.0189	0.0569	0.1038	0.1383	0.2554	0.2215	0.1327	0.043	0.0166	0.0041
