Allele	BoLA_DRB3_121_02
Type	Standard
n_specificities	1
npep_u	1
npep_t	5000
spec_ids	1
L_core	9
L_N	0
L_C	0
CS_perL	1
pepL_lower	12
pepL_upper	21
n_diff_aa	20

PWM_norm.1	P1	P2	P3	P4	P5	P6	P7	P8	P9
A	0.0896	1.3819	1.3362	1.3234	1.1556	0.7673	1.279	1.1786	1.0957
C	0.0511	0.0859	0.2923	0.4917	0.2124	0.2868	0.1083	0.1131	0.5635
D	0.0347	0.6727	0.4376	0.4332	1.2056	3.6248	1.3131	0.5371	0.1935
E	0.0549	1.7044	0.6557	0.9682	1.0097	0.9879	1.1978	0.9166	0.2099
F	8.5177	0.8393	1.5465	3.2366	0.6193	0.1889	0.7581	0.6046	1.543
G	0.0609	0.4529	0.5251	0.329	0.7448	0.4295	1.1099	0.9621	0.438
H	0.1257	1.6694	0.9093	0.9905	1.1033	0.4911	1.6729	1.5437	0.3602
I	2.7942	0.9773	2.0847	2.1621	1.0458	1.1966	1.1352	1.0119	1.9572
K	0.0562	1.1873	1.0273	0.1871	1.6628	0.1265	1.0187	1.5625	0.194
L	1.3764	0.683	0.9017	1.6202	0.6575	0.6321	1.397	1.0918	2.2274
M	0.9048	0.4878	1.1607	3.1653	0.7341	0.785	1.1407	0.5453	1.4793
N	0.0706	1.3314	0.593	0.4356	1.3925	3.3013	0.9285	0.8962	0.8272
P	0.0383	0.0706	1.0023	0.0867	1.1475	0.5486	0.5902	1.2711	0.1121
Q	0.0511	1.3149	0.7472	0.7091	0.9962	0.7518	1.4944	1.0865	0.5299
R	0.0397	1.2296	0.5696	0.1181	1.1297	0.1222	1.1563	1.4361	0.2936
S	0.0409	0.9684	0.9901	0.846	0.8873	0.916	0.4593	0.7431	0.6567
T	0.0763	1.4653	0.6677	0.767	1.1066	2.092	0.5593	0.862	0.8387
V	0.9921	1.1942	1.6015	1.4657	1.1109	1.9038	0.7035	0.984	3.1594
W	4.4804	0.4664	0.9845	1.7171	0.4095	0.1206	0.364	0.333	0.1929
Y	10.1766	1.2296	2.8881	1.0561	0.8516	0.1855	0.8728	1.0692	2.8655

pepL	alpha	w_s
12	99.5307	0.083	0.1488	0	0.3949	0.3733
13	98.9574	0.0263	0.0764	0.2382	0.4675	0.1916
14	98.3293	0.0043	0.0259	0.161	0	0.4702	0.2976	0.0409
15	98.0138	0.0017	0.0096	0.0839	0.3761	0.4093	0.0998	0.0197
16	98.2233	8e-04	0.0022	0.03	0.2337	0	0.522	0.1562	0.0472	0.0079
17	98.7349	8e-04	0.0019	0.0146	0.1152	0.4294	0.2806	0.114	0.0362	0.0072
18	99.2174	5e-04	0.0013	0.0066	0.0433	0.2908	0	0.3312	0.218	0.0767	0.0267	0.005
19	99.5134	0.001	0.0012	0.0074	0.029	0.145	0.2323	0.2917	0.1843	0.0762	0.0263	0.0055
20	99.6911	0.001	0.0012	0.0048	0.0176	0.0704	0.1449	0	0.2809	0.2453	0.1596	0.0505	0.0192	0.0045
21	99.7886	0.0013	0.002	0.0054	0.0189	0.0569	0.1038	0.1384	0.2552	0.2215	0.1327	0.043	0.0166	0.0041
