Allele	BoLA_DRB3_164_01
Type	Standard
n_specificities	1
npep_u	1
npep_t	5000
spec_ids	1
L_core	9
L_N	0
L_C	0
CS_perL	1
pepL_lower	12
pepL_upper	21
n_diff_aa	20

PWM_norm.1	P1	P2	P3	P4	P5	P6	P7	P8	P9
A	0.1598	1.0759	1.3004	0.8655	0.9414	1.1637	1.5649	0.988	0.4739
C	0.0686	0.1294	0.2282	0.2706	0.295	0.3725	0.2115	0.0887	0.0817
D	0.0465	0.6773	0.4098	0.4187	1.6576	1.3237	0.8054	0.6084	7.7542
E	0.0361	1.0749	0.8051	0.997	1.3354	0.6511	0.9278	1.0961	4.4551
F	1.2075	0.7488	1.481	1.884	0.5584	0.2508	0.8381	0.5982	0.1699
G	0.0913	0.4279	0.4829	0.1868	0.6536	0.4827	1.2704	0.7079	0.7673
H	0.0557	2.6421	1.2746	1.0062	1.1049	1.1211	1.0994	1.0988	0.6679
I	8.8482	1.2402	1.8968	3.4345	0.9495	1.8094	1.3277	1.2147	0.2194
K	0.0511	1.4625	1.0096	0.1209	1.6061	1.0244	1.0778	1.572	0.1589
L	2.6807	0.6813	0.8862	2.341	0.5343	0.9673	0.9135	1.3329	0.2221
M	1.5984	0.5336	1.0243	1.8826	0.6212	1.0574	0.9801	0.8079	0.2287
N	0.0572	1.5049	0.7088	0.4108	1.1719	1.4958	1.2562	0.8244	0.6707
P	0.0827	0.0576	1.1305	0.1429	1.1138	0.8968	1.2228	1.2362	0.1479
Q	0.0401	1.4076	1.0451	0.6422	1.1017	0.8736	1.0843	1.2449	0.7672
R	0.0421	1.5747	0.7011	0.0834	1.1342	0.6678	0.8401	1.1846	0.1142
S	0.0434	0.8839	0.7078	0.8189	0.8293	0.6494	0.6947	0.6369	0.4236
T	0.1511	1.2466	0.6456	0.9592	1.1815	1.3778	0.6683	0.8109	0.2849
V	3.5484	1.2846	1.6172	1.9267	1.0488	2.4099	0.8866	1.1319	0.3079
W	0.3015	0.6518	1.2015	0.3215	0.7043	0.199	0.7154	0.3553	0.0679
Y	0.2197	1.1898	2.5478	0.3477	0.9867	0.3023	1.1582	1.0973	0.1443

pepL	alpha	w_s
12	99.5307	0.083	0.1488	0	0.3949	0.3734
13	98.9575	0.0263	0.0764	0.2382	0.4675	0.1916
14	98.3294	0.0043	0.0259	0.161	0	0.4702	0.2977	0.0409
15	98.0139	0.0017	0.0096	0.0839	0.376	0.4093	0.0998	0.0197
16	98.2233	8e-04	0.0022	0.03	0.2337	0	0.5219	0.1563	0.0471	0.0079
17	98.735	8e-04	0.0019	0.0146	0.1152	0.4293	0.2806	0.114	0.0363	0.0072
18	99.2174	5e-04	0.0013	0.0066	0.0433	0.2908	0	0.3312	0.218	0.0767	0.0267	0.005
19	99.5133	0.001	0.0012	0.0074	0.029	0.145	0.2323	0.2918	0.1844	0.0762	0.0263	0.0055
20	99.691	0.001	0.0012	0.0048	0.0176	0.0704	0.1449	0	0.2809	0.2454	0.1596	0.0505	0.0192	0.0045
21	99.7886	0.0013	0.002	0.0054	0.0189	0.0569	0.1038	0.1383	0.2554	0.2215	0.1327	0.043	0.0166	0.0041
