Allele	BoLA_DRB3_013_03
Type	Standard
n_specificities	1
npep_u	1
npep_t	5000
spec_ids	1
L_core	9
L_N	0
L_C	0
CS_perL	1
pepL_lower	12
pepL_upper	21
n_diff_aa	20

PWM_norm.1	P1	P2	P3	P4	P5	P6	P7	P8	P9
A	0.1598	0.9786	1.4683	1.2416	0.8836	1.8869	0.8419	1.1812	1.092
C	0.0686	0.1182	0.3474	0.4302	0.271	0.2072	0.1294	0.116	0.542
D	0.0465	0.5555	0.4121	1.6515	1.4366	0.2893	1.2141	0.5499	0.1885
E	0.0361	1.1065	0.6688	1.0445	1.2813	0.3469	1.2184	0.9164	0.2375
F	1.2075	0.8442	1.1583	0.6981	0.5984	0.5576	0.7458	0.6052	1.4774
G	0.0913	0.3341	0.6012	0.5589	0.6904	1.0432	2.3141	0.9468	0.4496
H	0.0557	1.4506	0.8028	0.8066	1.3369	0.7484	1.3329	1.5282	0.3514
I	8.8482	1.5874	2.2495	0.9841	0.8584	2.3505	0.9318	1.0162	1.9125
K	0.0511	1.7251	0.9267	0.2494	1.4735	0.2172	0.7281	1.5537	0.212
L	2.6807	0.856	0.9042	0.4606	0.4781	0.9428	0.6475	1.0855	2.2623
M	1.5984	0.5286	1.3498	0.6514	0.6921	0.6681	0.4486	0.5538	1.4762
N	0.0572	1.0179	0.915	5.0947	1.2546	2.2736	2.1367	0.9038	0.6783
P	0.0827	0.0529	1.1054	0.1558	1.5917	1.2455	0.3379	1.2759	0.1227
Q	0.0401	1.1967	0.9109	1.3688	1.2239	1.4057	1.1794	1.0813	0.55
R	0.0421	1.746	0.8265	0.2085	1.1225	0.1429	0.6951	1.4304	0.375
S	0.0434	0.7128	0.8742	1.488	0.8875	0.7942	0.8451	0.746	0.6773
T	0.1511	1.1169	0.8169	1.286	1.1364	1.383	1.1522	0.863	0.8719
V	3.5484	1.9381	1.4084	1.1335	0.8867	1.8203	0.9308	0.997	3.0834
W	0.3015	0.5113	0.748	0.617	0.4269	0.1329	0.4063	0.3334	0.2168
Y	0.2197	1.1473	1.7927	0.3498	0.8789	0.2806	1.3715	1.0766	2.7968

pepL	alpha	w_s
12	99.5307	0.083	0.1488	0	0.3949	0.3734
13	98.9575	0.0263	0.0764	0.2382	0.4675	0.1916
14	98.3294	0.0043	0.0259	0.161	0	0.4702	0.2977	0.0409
15	98.0139	0.0017	0.0096	0.0839	0.376	0.4093	0.0998	0.0197
16	98.2233	8e-04	0.0022	0.03	0.2337	0	0.5219	0.1563	0.0471	0.0079
17	98.735	8e-04	0.0019	0.0146	0.1152	0.4293	0.2806	0.114	0.0363	0.0072
18	99.2174	5e-04	0.0013	0.0066	0.0433	0.2908	0	0.3312	0.218	0.0767	0.0267	0.005
19	99.5133	0.001	0.0012	0.0074	0.029	0.145	0.2323	0.2918	0.1844	0.0762	0.0263	0.0055
20	99.691	0.001	0.0012	0.0048	0.0176	0.0704	0.1449	0	0.2809	0.2454	0.1596	0.0505	0.0192	0.0045
21	99.7886	0.0013	0.002	0.0054	0.0189	0.0569	0.1038	0.1383	0.2554	0.2215	0.1327	0.043	0.0166	0.0041
