Allele	BoLA_DRB3_122_01
Type	Standard
n_specificities	1
npep_u	1
npep_t	5000
spec_ids	1
L_core	9
L_N	0
L_C	0
CS_perL	1
pepL_lower	12
pepL_upper	21
n_diff_aa	20

PWM_norm.1	P1	P2	P3	P4	P5	P6	P7	P8	P9
A	0.0896	0.971	1.3285	0.9316	0.9443	0.6448	1.3859	0.9729	1.1238
C	0.0511	0.118	0.3636	0.2979	0.1426	0.1965	0.1044	0.1419	0.2349
D	0.0347	0.5546	0.409	0.3391	1.326	2.304	0.5723	0.644	0.451
E	0.0549	1.1045	0.6618	1.4183	0.9366	0.4906	0.7526	0.7757	0.6116
F	8.5177	0.8507	1.3003	2.3615	0.5002	0.1812	0.7778	0.514	0.7577
G	0.0609	0.3361	0.5028	0.1492	0.7346	0.2632	1.1958	0.7762	0.4057
H	0.1257	1.4432	0.7357	0.4297	0.975	0.3202	1.331	0.9403	0.3127
I	2.7942	1.5947	2.2349	2.8628	1.0638	2.6225	1.6942	1.4054	4.6615
K	0.0562	1.7443	1.0605	0.1168	1.8427	0.1448	0.9136	1.6146	0.152
L	1.3764	0.8388	0.9575	2.5795	0.529	1.4519	1.8005	1.0371	2.3635
M	0.9048	0.5271	1.2558	4.0941	0.7724	0.7677	1.2511	0.8387	0.7926
N	0.0706	1.0223	0.6489	0.3231	1.3506	2.3429	1.0846	1.1172	0.3337
P	0.0383	0.0548	1.0138	0.0355	1.1586	0.3469	0.8273	1.5425	0.1441
Q	0.0511	1.2417	0.7042	0.9662	0.9941	0.565	1.1325	1.0018	0.5673
R	0.0397	1.734	0.7479	0.0692	1.3783	0.1663	1.0424	1.2487	0.2951
S	0.0409	0.7046	0.987	0.5005	0.9923	0.7506	0.4545	0.7036	0.2339
T	0.0763	1.109	0.7407	0.4766	1.2116	1.6667	0.5585	1.0539	0.5439
V	0.9921	1.94	1.6433	1.2529	1.0557	3.0974	0.8122	1.1407	3.3265
W	4.4804	0.5062	0.6689	0.717	0.3059	0.1172	0.4152	0.2582	0.1209
Y	10.1766	1.153	2.3315	0.5682	0.9039	0.2401	0.8435	1.1563	0.4897

pepL	alpha	w_s
12	99.5307	0.083	0.1488	0	0.3949	0.3733
13	98.9574	0.0263	0.0764	0.2382	0.4675	0.1916
14	98.3293	0.0043	0.0259	0.161	0	0.4702	0.2976	0.0409
15	98.0138	0.0017	0.0096	0.0839	0.3761	0.4093	0.0998	0.0197
16	98.2233	8e-04	0.0022	0.03	0.2337	0	0.522	0.1562	0.0472	0.0079
17	98.7349	8e-04	0.0019	0.0146	0.1152	0.4294	0.2806	0.114	0.0362	0.0072
18	99.2174	5e-04	0.0013	0.0066	0.0433	0.2908	0	0.3312	0.218	0.0767	0.0267	0.005
19	99.5134	0.001	0.0012	0.0074	0.029	0.145	0.2323	0.2917	0.1843	0.0762	0.0263	0.0055
20	99.6911	0.001	0.0012	0.0048	0.0176	0.0704	0.1449	0	0.2809	0.2453	0.1596	0.0505	0.0192	0.0045
21	99.7886	0.0013	0.002	0.0054	0.0189	0.0569	0.1038	0.1384	0.2552	0.2215	0.1327	0.043	0.0166	0.0041
