Allele	BoLA_DRB3_099_02
Type	Standard
n_specificities	1
npep_u	1
npep_t	5000
spec_ids	1
L_core	9
L_N	0
L_C	0
CS_perL	1
pepL_lower	12
pepL_upper	21
n_diff_aa	20

PWM_norm.1	P1	P2	P3	P4	P5	P6	P7	P8	P9
A	0.0896	0.971	1.4495	1.3258	0.743	0.6267	0.7761	0.9459	0.7772
C	0.0511	0.118	0.2291	0.2578	0.2539	0.197	0.1862	0.0825	0.1816
D	0.0347	0.5546	0.2181	0.2446	1.4101	3.692	1.0153	0.5644	2.6606
E	0.0549	1.1045	0.5419	0.7723	1.702	2.1837	1.6287	0.8411	2.4538
F	8.5177	0.8507	1.2896	0.9784	0.4737	0.154	1.2414	0.3369	0.2686
G	0.0609	0.3361	0.3853	0.1216	0.7788	0.2468	0.5394	0.7195	0.3902
H	0.1257	1.4432	0.7045	0.2703	0.9878	0.3208	1.8134	0.9163	0.3876
I	2.7942	1.5947	2.2133	3.0836	0.9253	2.0049	1.3273	1.4819	2.0349
K	0.0562	1.7443	1.0243	0.0625	1.7567	0.1202	0.6409	1.6339	0.4646
L	1.3764	0.8388	1.013	2.9927	0.4775	1.1027	0.9785	1.3532	2.3104
M	0.9048	0.5271	1.2868	1.5744	0.5624	0.7348	0.9155	0.8402	0.5958
N	0.0706	1.0223	0.6495	0.3689	1.0773	2.2681	2.0916	0.9502	0.4785
P	0.0383	0.0548	1.2905	0.0327	1.2212	0.2501	1.2272	1.5705	0.108
Q	0.0511	1.2417	0.8186	0.5787	0.9359	0.7148	1.2239	1.1619	0.4831
R	0.0397	1.734	0.8093	0.0383	1.3516	0.1468	0.54	1.1153	0.5638
S	0.0409	0.7046	0.9925	1.1813	0.795	0.5676	0.6382	0.5702	0.1744
T	0.0763	1.109	0.5781	0.9036	1.2273	1.1123	0.8054	0.9261	0.4149
V	0.9921	1.94	1.6986	2.006	0.9806	1.8646	1.0079	1.2344	1.8599
W	4.4804	0.5062	0.5569	0.0928	0.6677	0.104	0.8377	0.1597	0.0851
Y	10.1766	1.153	2.2586	0.1326	0.776	0.2438	1.0812	0.9709	0.2744

pepL	alpha	w_s
12	99.5307	0.083	0.1488	0	0.3949	0.3733
13	98.9574	0.0263	0.0764	0.2382	0.4675	0.1916
14	98.3293	0.0043	0.0259	0.161	0	0.4702	0.2976	0.0409
15	98.0138	0.0017	0.0096	0.0839	0.3761	0.4093	0.0998	0.0197
16	98.2233	8e-04	0.0022	0.03	0.2337	0	0.522	0.1562	0.0472	0.0079
17	98.7349	8e-04	0.0019	0.0146	0.1152	0.4294	0.2806	0.114	0.0362	0.0072
18	99.2174	5e-04	0.0013	0.0066	0.0433	0.2908	0	0.3312	0.218	0.0767	0.0267	0.005
19	99.5134	0.001	0.0012	0.0074	0.029	0.145	0.2323	0.2917	0.1843	0.0762	0.0263	0.0055
20	99.6911	0.001	0.0012	0.0048	0.0176	0.0704	0.1449	0	0.2809	0.2453	0.1596	0.0505	0.0192	0.0045
21	99.7886	0.0013	0.002	0.0054	0.0189	0.0569	0.1038	0.1384	0.2552	0.2215	0.1327	0.043	0.0166	0.0041
