Allele	BoLA_DRB3_058_01
Type	Standard
n_specificities	1
npep_u	1
npep_t	5000
spec_ids	1
L_core	9
L_N	0
L_C	0
CS_perL	1
pepL_lower	12
pepL_upper	21
n_diff_aa	20

PWM_norm.1	P1	P2	P3	P4	P5	P6	P7	P8	P9
A	0.1861	1.0776	1.5882	2.2984	0.9186	1.1707	0.8406	1.1786	0.9585
C	0.1294	0.1232	0.2204	0.3359	0.1354	0.2438	0.1842	0.1131	0.3116
D	0.077	0.6847	0.2955	0.3245	2.1653	0.5866	0.7458	0.5371	0.2208
E	0.0716	1.077	0.6706	0.1917	1.7261	0.5101	1.2761	0.9166	0.4054
F	4.0305	0.7443	1.3697	1.4892	0.3779	0.3516	0.9221	0.6046	1.4044
G	0.1441	0.4347	0.5366	0.3182	0.6402	0.788	1.0926	0.9621	0.7763
H	0.1447	2.6404	1.0181	1.8601	1.0576	1.6543	1.8137	1.5437	0.5255
I	6.2547	1.2042	2.0981	1.6464	0.6971	1.8038	1.2445	1.0119	0.7651
K	0.1044	1.4381	0.9788	0.1372	1.5289	1.6809	1.2225	1.5625	3.1518
L	2.4527	0.6612	0.8298	0.4336	0.3247	0.66	1.3476	1.0918	0.8259
M	1.6699	0.5571	1.2127	0.3917	0.3138	0.6169	0.9009	0.5453	1.3697
N	0.123	1.477	0.7867	0.9108	1.1354	1.3864	1.691	0.8962	0.4804
P	0.1204	0.0634	1.1034	0.121	1.687	0.854	0.3934	1.2711	0.143
Q	0.0786	1.4608	1.0122	0.1795	0.9878	1.0423	1.2182	1.0865	0.7181
R	0.0837	1.5543	0.6748	0.086	1.0337	1.3687	0.7766	1.4361	3.3681
S	0.0741	0.9015	0.9167	2.6939	0.8884	0.6667	0.6589	0.7431	0.5719
T	0.1971	1.2624	0.5642	1.8217	1.1988	1.5575	0.6754	0.862	0.4679
V	2.5657	1.292	1.3979	2.7139	0.7767	1.7334	0.9869	0.984	1.0389
W	1.7647	0.7138	0.914	0.3169	0.4634	0.2659	0.587	0.333	0.6385
Y	1.9212	1.1661	2.6447	0.1897	0.7294	0.3288	1.3533	1.0692	1.9809

pepL	alpha	w_s
12	99.5307	0.083	0.1488	0	0.3949	0.3733
13	98.9574	0.0263	0.0764	0.2382	0.4675	0.1916
14	98.3293	0.0043	0.0259	0.161	0	0.4702	0.2976	0.0409
15	98.0138	0.0017	0.0096	0.0839	0.3761	0.4093	0.0998	0.0197
16	98.2233	8e-04	0.0022	0.03	0.2337	0	0.522	0.1562	0.0472	0.0079
17	98.7349	8e-04	0.0019	0.0146	0.1152	0.4294	0.2806	0.114	0.0362	0.0072
18	99.2174	5e-04	0.0013	0.0066	0.0433	0.2908	0	0.3312	0.218	0.0767	0.0267	0.005
19	99.5134	0.001	0.0012	0.0074	0.029	0.145	0.2323	0.2917	0.1843	0.0762	0.0263	0.0055
20	99.6911	0.001	0.0012	0.0048	0.0176	0.0704	0.1449	0	0.2809	0.2453	0.1596	0.0505	0.0192	0.0045
21	99.7886	0.0013	0.002	0.0054	0.0189	0.0569	0.1038	0.1384	0.2552	0.2215	0.1327	0.043	0.0166	0.0041
