Allele	BoLA_DRB3_152_01
Type	Standard
n_specificities	1
npep_u	1
npep_t	5000
spec_ids	1
L_core	9
L_N	0
L_C	0
CS_perL	1
pepL_lower	12
pepL_upper	21
n_diff_aa	20

PWM_norm.1	P1	P2	P3	P4	P5	P6	P7	P8	P9
A	0.1329	1.2265	1.3316	0.4442	0.7513	0.4287	0.8117	0.9293	0.4735
C	0.0539	0.1146	0.3163	0.1625	0.3033	0.1416	0.1224	0.0844	0.1584
D	0.0395	0.7134	0.3863	0.3614	1.3743	0.9085	0.6329	0.6106	0.3139
E	0.0275	1.5231	0.6723	1.1364	1.299	0.7771	0.9476	0.7422	0.3454
F	0.8949	0.8882	1.3649	2.3427	0.5099	0.163	1.3201	0.263	0.6527
G	0.0598	0.4298	0.4559	0.117	0.7524	0.1166	0.5204	0.7903	0.1088
H	0.0379	1.6831	1.1222	0.8141	1.06	0.1463	1.2401	0.9906	0.1158
I	8.7578	1.1406	1.9801	2.8916	1.0201	4.4214	1.9831	1.5087	4.9352
K	0.0307	1.289	1.0376	0.1093	1.5153	0.0909	0.7769	1.5882	0.131
L	2.9065	0.7131	0.9149	3.852	0.6116	2.6446	1.1459	1.2173	3.5864
M	1.2553	0.5848	1.3089	2.4299	0.9394	1.1092	0.8826	0.7519	0.7611
N	0.0347	1.1324	0.7631	0.299	1.0839	0.8807	1.8806	1.0671	0.196
P	0.0794	0.0679	1.0497	0.0535	1.2691	0.2195	1.7811	1.7701	0.051
Q	0.0298	1.3528	1.1311	0.793	1.0917	0.5291	1.1064	1.0953	0.2654
R	0.0294	1.3721	0.8842	0.0883	1.2897	0.0971	0.6616	1.2269	0.1979
S	0.0298	0.8922	0.7265	0.2326	0.8005	0.2492	0.542	0.5083	0.0744
T	0.1199	1.3182	0.6894	0.3393	1.1965	0.7882	0.8578	0.9786	0.2985
V	3.8187	1.3895	1.5803	1.1944	1.1094	3.6403	1.1101	1.229	3.593
W	0.1738	0.6247	0.975	0.4274	0.6642	0.1076	0.5696	0.1389	0.1124
Y	0.1263	1.2606	2.2362	0.6974	0.8658	0.3002	1.1347	1.043	0.9547

pepL	alpha	w_s
12	99.5307	0.083	0.1488	0	0.3949	0.3733
13	98.9574	0.0263	0.0764	0.2382	0.4675	0.1916
14	98.3293	0.0043	0.0259	0.161	0	0.4702	0.2976	0.0409
15	98.0138	0.0017	0.0096	0.0839	0.3761	0.4093	0.0998	0.0197
16	98.2233	8e-04	0.0022	0.03	0.2337	0	0.522	0.1562	0.0472	0.0079
17	98.7349	8e-04	0.0019	0.0146	0.1152	0.4294	0.2806	0.114	0.0362	0.0072
18	99.2174	5e-04	0.0013	0.0066	0.0433	0.2908	0	0.3312	0.218	0.0767	0.0267	0.005
19	99.5134	0.001	0.0012	0.0074	0.029	0.145	0.2323	0.2917	0.1843	0.0762	0.0263	0.0055
20	99.6911	0.001	0.0012	0.0048	0.0176	0.0704	0.1449	0	0.2809	0.2453	0.1596	0.0505	0.0192	0.0045
21	99.7886	0.0013	0.002	0.0054	0.0189	0.0569	0.1038	0.1384	0.2552	0.2215	0.1327	0.043	0.0166	0.0041
