Allele	BoLA_DRB3_102_01
Type	Standard
n_specificities	1
npep_u	1
npep_t	5000
spec_ids	1
L_core	9
L_N	0
L_C	0
CS_perL	1
pepL_lower	12
pepL_upper	21
n_diff_aa	20

PWM_norm.1	P1	P2	P3	P4	P5	P6	P7	P8	P9
A	0.0896	0.971	1.4495	2.0137	1.0613	0.6498	1.0464	1.1786	1.0957
C	0.0511	0.118	0.2291	0.3937	0.3403	0.2652	0.1662	0.1131	0.5635
D	0.0347	0.5546	0.2181	0.5773	1.2715	4.0462	0.6442	0.5371	0.1935
E	0.0549	1.1045	0.5419	0.6133	1.0482	0.7964	1.2237	0.9166	0.2099
F	8.5177	0.8507	1.2896	1.6406	0.5467	0.1876	0.9021	0.6046	1.543
G	0.0609	0.3361	0.3853	0.3188	0.8105	0.3855	0.9586	0.9621	0.438
H	0.1257	1.4432	0.7045	0.611	1.3	1.041	1.3595	1.5437	0.3602
I	2.7942	1.5947	2.2133	1.8949	0.7789	1.1023	1.3297	1.0119	1.9572
K	0.0562	1.7443	1.0243	0.1657	1.5098	0.4809	0.9032	1.5625	0.194
L	1.3764	0.8388	1.013	1.2407	0.5126	0.5626	1.6702	1.0918	2.2274
M	0.9048	0.5271	1.2868	1.2551	0.6437	0.6005	1.2771	0.5453	1.4793
N	0.0706	1.0223	0.6495	0.7607	1.1329	3.3585	1.6745	0.8962	0.8272
P	0.0383	0.0548	1.2905	0.0859	1.4395	0.4374	0.6589	1.2711	0.1121
Q	0.0511	1.2417	0.8186	0.5084	0.9897	0.7845	1.2731	1.0865	0.5299
R	0.0397	1.734	0.8093	0.0963	1.1046	0.4367	0.6978	1.4361	0.2936
S	0.0409	0.7046	0.9925	1.8006	0.9631	0.9812	0.5764	0.7431	0.6567
T	0.0763	1.109	0.5781	1.4435	1.1495	1.8592	0.5945	0.862	0.8387
V	0.9921	1.94	1.6986	2.273	1.085	1.5247	0.9595	0.984	3.1594
W	4.4804	0.5062	0.5569	0.3104	1.2231	0.1583	0.6233	0.333	0.1929
Y	10.1766	1.153	2.2586	0.4009	0.9745	0.2054	0.9288	1.0692	2.8655

pepL	alpha	w_s
12	99.5307	0.083	0.1488	0	0.3949	0.3733
13	98.9574	0.0263	0.0764	0.2382	0.4675	0.1916
14	98.3293	0.0043	0.0259	0.161	0	0.4702	0.2976	0.0409
15	98.0138	0.0017	0.0096	0.0839	0.3761	0.4093	0.0998	0.0197
16	98.2233	8e-04	0.0022	0.03	0.2337	0	0.522	0.1562	0.0472	0.0079
17	98.7349	8e-04	0.0019	0.0146	0.1152	0.4294	0.2806	0.114	0.0362	0.0072
18	99.2174	5e-04	0.0013	0.0066	0.0433	0.2908	0	0.3312	0.218	0.0767	0.0267	0.005
19	99.5134	0.001	0.0012	0.0074	0.029	0.145	0.2323	0.2917	0.1843	0.0762	0.0263	0.0055
20	99.6911	0.001	0.0012	0.0048	0.0176	0.0704	0.1449	0	0.2809	0.2453	0.1596	0.0505	0.0192	0.0045
21	99.7886	0.0013	0.002	0.0054	0.0189	0.0569	0.1038	0.1384	0.2552	0.2215	0.1327	0.043	0.0166	0.0041
