Allele	BoLA_DRB3_066_01
Type	Standard
n_specificities	1
npep_u	1
npep_t	5000
spec_ids	1
L_core	9
L_N	0
L_C	0
CS_perL	1
pepL_lower	12
pepL_upper	21
n_diff_aa	20

PWM_norm.1	P1	P2	P3	P4	P5	P6	P7	P8	P9
A	0.0896	1.0637	1.4791	1.7487	0.8069	0.7339	1.2528	0.9729	0.456
C	0.0511	0.1475	0.3164	0.1552	0.2102	0.2195	0.2243	0.1419	0.1437
D	0.0347	0.6456	0.4481	7.1556	1.404	1.5652	1.0547	0.644	0.1799
E	0.0549	1.1469	0.6924	0.9059	1.4414	0.9899	1.2546	0.7757	0.1638
F	8.5177	0.7933	1.1722	0.6788	0.672	0.2183	1.011	0.514	1.0163
G	0.0609	0.4244	0.6621	0.4323	0.8652	0.2571	1.03	0.7762	0.0907
H	0.1257	2.084	0.9633	0.4364	1.0982	1.4018	1.5635	0.9403	0.1027
I	2.7942	1.3501	2.0418	0.642	1.0026	2.2077	1.2895	1.4054	5.5837
K	0.0562	1.5284	0.9686	0.0632	1.6146	1.0386	0.7235	1.6146	0.0453
L	1.3764	0.7055	0.8399	0.1951	0.6151	1.1032	0.8157	1.0371	2.939
M	0.9048	0.6023	1.2886	0.3499	0.7547	0.6739	0.5367	0.8387	1.0352
N	0.0706	1.2218	0.8829	0.9798	1.0715	1.6668	1.6283	1.1172	0.3033
P	0.0383	0.0666	1.0859	0.0585	0.9486	0.4245	1.1678	1.5425	0.0511
Q	0.0511	1.4147	0.9188	0.5015	1.1292	1.1149	0.9537	1.0018	0.2646
R	0.0397	1.5546	0.8247	0.0566	1.1111	0.9534	0.603	1.2487	0.0666
S	0.0409	0.8301	0.8817	1.7106	0.8023	0.4674	0.7027	0.7036	0.1323
T	0.0763	1.1744	0.7461	1.3415	1.2616	1.3726	0.9417	1.0539	0.3881
V	0.9921	1.5566	1.384	0.9146	1.0051	2.3049	1.0797	1.1407	4.233
W	4.4804	0.7507	0.8419	0.1583	0.5723	0.1922	0.8439	0.2582	0.1383
Y	10.1766	1.1389	2.0921	0.1051	1.0115	0.3214	1.3768	1.1563	0.9205

pepL	alpha	w_s
12	99.5307	0.083	0.1488	0	0.3949	0.3733
13	98.9574	0.0263	0.0764	0.2382	0.4675	0.1916
14	98.3293	0.0043	0.0259	0.161	0	0.4702	0.2976	0.0409
15	98.0138	0.0017	0.0096	0.0839	0.3761	0.4093	0.0998	0.0197
16	98.2233	8e-04	0.0022	0.03	0.2337	0	0.522	0.1562	0.0472	0.0079
17	98.7349	8e-04	0.0019	0.0146	0.1152	0.4294	0.2806	0.114	0.0362	0.0072
18	99.2174	5e-04	0.0013	0.0066	0.0433	0.2908	0	0.3312	0.218	0.0767	0.0267	0.005
19	99.5134	0.001	0.0012	0.0074	0.029	0.145	0.2323	0.2917	0.1843	0.0762	0.0263	0.0055
20	99.6911	0.001	0.0012	0.0048	0.0176	0.0704	0.1449	0	0.2809	0.2453	0.1596	0.0505	0.0192	0.0045
21	99.7886	0.0013	0.002	0.0054	0.0189	0.0569	0.1038	0.1384	0.2552	0.2215	0.1327	0.043	0.0166	0.0041
