Allele	BoLA_DRB3_096_01
Type	Standard
n_specificities	1
npep_u	1
npep_t	5000
spec_ids	1
L_core	9
L_N	0
L_C	0
CS_perL	1
pepL_lower	12
pepL_upper	21
n_diff_aa	20

PWM_norm.1	P1	P2	P3	P4	P5	P6	P7	P8	P9
A	0.1002	1.2784	1.5602	1.0505	1.0512	0.9307	1.4186	1.1386	1.9483
C	0.0597	0.1648	0.3027	0.5415	0.2664	0.2592	0.3673	0.1111	0.5081
D	0.0471	0.814	0.4931	0.7654	1.2233	1.0199	0.6866	0.5239	0.2299
E	0.0606	0.55	0.8117	0.7349	1.0902	0.4534	0.7696	0.7809	0.3555
F	7.8216	0.1522	1.0192	2.9464	0.5581	0.2152	1.1749	0.4269	1.1547
G	0.066	0.2947	0.6765	0.3408	0.7477	0.3637	1.164	0.9269	0.8454
H	0.15	2.2224	0.8006	1.2368	1.2675	1.2231	2.0074	1.2675	0.4938
I	3.1846	0.5985	2.3123	2.2155	0.975	2.0537	1.2451	1.2269	1.865
K	0.0697	2.0762	0.8895	0.3971	1.6545	2.2176	1.0594	1.583	0.4089
L	1.8579	0.4643	0.9232	0.8938	0.5154	0.8547	1.0427	1.0731	1.4353
M	1.0267	0.7821	1.1039	1.8878	0.7851	0.5926	1.0009	0.6623	1.3846
N	0.095	2.3327	0.8403	1.5149	1.1703	1.2176	1.3689	1.001	0.7863
P	0.0472	0.0861	1.0128	0.1329	1.0848	0.6276	0.5564	1.511	0.2082
Q	0.0653	1.2558	0.8582	1.1807	1.2638	0.6799	0.9453	1.0428	1.1725
R	0.0465	3.0769	0.8133	0.3231	1.1164	1.6418	1.0217	1.3415	0.8191
S	0.046	0.7308	0.806	0.7241	0.9423	0.5022	0.7154	0.6948	0.9394
T	0.0897	1.063	0.8623	0.855	1.3342	1.4518	0.8175	0.9725	0.8971
V	1.1448	1.0003	1.4503	1.4876	0.9766	2.2037	0.9019	1.0962	2.0722
W	3.7081	0.1321	0.5576	2.8851	0.6092	0.1763	1.2059	0.2239	0.2865
Y	8.2875	1.2914	1.7284	1.8466	0.93	0.2289	1.3345	1.0252	1.2368

pepL	alpha	w_s
12	99.5307	0.083	0.1488	0	0.3949	0.3733
13	98.9574	0.0263	0.0764	0.2382	0.4675	0.1916
14	98.3293	0.0043	0.0259	0.161	0	0.4702	0.2976	0.0409
15	98.0138	0.0017	0.0096	0.0839	0.3761	0.4093	0.0998	0.0197
16	98.2233	8e-04	0.0022	0.03	0.2337	0	0.522	0.1562	0.0472	0.0079
17	98.7349	8e-04	0.0019	0.0146	0.1152	0.4294	0.2806	0.114	0.0362	0.0072
18	99.2174	5e-04	0.0013	0.0066	0.0433	0.2908	0	0.3312	0.218	0.0767	0.0267	0.005
19	99.5134	0.001	0.0012	0.0074	0.029	0.145	0.2323	0.2917	0.1843	0.0762	0.0263	0.0055
20	99.6911	0.001	0.0012	0.0048	0.0176	0.0704	0.1449	0	0.2809	0.2453	0.1596	0.0505	0.0192	0.0045
21	99.7886	0.0013	0.002	0.0054	0.0189	0.0569	0.1038	0.1384	0.2552	0.2215	0.1327	0.043	0.0166	0.0041
