Allele	BoLA_DRB3_144_01
Type	Standard
n_specificities	1
npep_u	1
npep_t	5000
spec_ids	1
L_core	9
L_N	0
L_C	0
CS_perL	1
pepL_lower	12
pepL_upper	21
n_diff_aa	20

PWM_norm.1	P1	P2	P3	P4	P5	P6	P7	P8	P9
A	0.1045	1.141	1.6225	2.0807	0.8629	0.5907	0.7346	0.9293	0.4735
C	0.056	0.1105	0.2656	0.2338	0.1411	0.1308	0.1623	0.0844	0.1584
D	0.0418	0.6214	0.3958	1.9652	1.204	0.5554	0.7719	0.6106	0.3139
E	0.0625	1.3053	0.6995	1.3016	1.3869	0.5675	1.8625	0.7422	0.3454
F	8.0687	0.8386	1.3262	0.7352	0.6101	0.1687	1.0637	0.263	0.6527
G	0.0614	0.3801	0.745	0.6381	0.6245	0.1396	0.299	0.7903	0.1088
H	0.1197	1.2682	1.0478	0.789	0.999	0.2488	1.7179	0.9906	0.1158
I	3.0843	1.4428	1.579	1.0537	1.4441	4.7447	1.4872	1.5087	4.9352
K	0.0466	1.5271	0.8833	0.1211	1.5616	0.1185	0.436	1.5882	0.131
L	1.5202	0.8386	0.6469	0.3055	0.8812	2.6424	0.882	1.2173	3.5864
M	0.9738	0.5176	1.6672	0.5108	0.9	0.9695	0.5119	0.7519	0.7611
N	0.0599	0.9972	0.8661	2.4664	0.8503	1.2849	1.8946	1.0671	0.196
P	0.05	0.0589	1.047	0.0739	0.8461	0.2395	1.984	1.7701	0.051
Q	0.0556	1.1941	1.0463	1.2576	1.2235	0.7814	0.9937	1.0953	0.2654
R	0.0349	1.5462	0.8394	0.1323	1.0909	0.1357	0.3917	1.2269	0.1979
S	0.0421	0.7466	1.2171	1.5232	0.5856	0.2593	0.6158	0.5083	0.0744
T	0.0899	1.2313	0.7531	1.6109	1.1126	0.8379	0.8172	0.9786	0.2985
V	1.2511	1.8546	1.1218	1.5693	1.46	3.1785	1.4257	1.229	3.593
W	3.8947	0.4914	1.02	0.2973	0.2659	0.0912	0.6761	0.1389	0.1124
Y	9.2871	1.1833	1.9765	0.1847	1.0087	0.2532	1.1849	1.043	0.9547

pepL	alpha	w_s
12	99.5307	0.083	0.1488	0	0.3949	0.3733
13	98.9574	0.0263	0.0764	0.2382	0.4675	0.1916
14	98.3293	0.0043	0.0259	0.161	0	0.4702	0.2976	0.0409
15	98.0138	0.0017	0.0096	0.0839	0.3761	0.4093	0.0998	0.0197
16	98.2233	8e-04	0.0022	0.03	0.2337	0	0.522	0.1562	0.0472	0.0079
17	98.7349	8e-04	0.0019	0.0146	0.1152	0.4294	0.2806	0.114	0.0362	0.0072
18	99.2174	5e-04	0.0013	0.0066	0.0433	0.2908	0	0.3312	0.218	0.0767	0.0267	0.005
19	99.5134	0.001	0.0012	0.0074	0.029	0.145	0.2323	0.2917	0.1843	0.0762	0.0263	0.0055
20	99.6911	0.001	0.0012	0.0048	0.0176	0.0704	0.1449	0	0.2809	0.2453	0.1596	0.0505	0.0192	0.0045
21	99.7886	0.0013	0.002	0.0054	0.0189	0.0569	0.1038	0.1384	0.2552	0.2215	0.1327	0.043	0.0166	0.0041
