Allele	BoLA_DRB3_020_11
Type	Standard
n_specificities	1
npep_u	1
npep_t	5000
spec_ids	1
L_core	9
L_N	0
L_C	0
CS_perL	1
pepL_lower	12
pepL_upper	21
n_diff_aa	20

PWM_norm.1	P1	P2	P3	P4	P5	P6	P7	P8	P9
A	0.1598	0.9786	1.4937	0.4984	0.9959	1.6052	1.1114	0.988	0.6685
C	0.0686	0.1182	0.2837	0.1407	0.2376	0.571	0.32	0.0887	0.2192
D	0.0465	0.5555	0.3086	0.1311	1.7458	1.6397	1.0467	0.6084	5.0724
E	0.0361	1.1065	0.6046	0.5579	1.0392	0.7635	0.9124	1.0961	3.1713
F	1.2075	0.8442	1.0001	1.0699	0.511	0.2991	1.3024	0.5982	0.5434
G	0.0913	0.3341	0.6714	0.0635	0.6982	0.9074	1.0676	0.7079	0.8593
H	0.0557	1.4506	0.9263	0.1069	1.0125	0.618	1.56	1.0988	0.5418
I	8.8482	1.5874	1.992	3.6462	0.968	1.2892	1.2809	1.2147	0.8704
K	0.0511	1.7251	0.9113	0.0522	1.6213	0.3619	1.1609	1.572	0.2927
L	2.6807	0.856	0.9441	5.0757	0.4842	0.717	1.0939	1.3329	0.7808
M	1.5984	0.5286	1.0684	2.9749	0.6904	0.7107	1.1573	0.8079	0.7897
N	0.0572	1.0179	0.8236	0.1167	1.4511	2.1374	1.1949	0.8244	0.675
P	0.0827	0.0529	0.9493	0.0205	1.1402	0.8309	0.7988	1.2362	0.168
Q	0.0401	1.1967	1.1118	0.5107	0.9565	0.7828	1.0462	1.2449	0.3717
R	0.0421	1.746	1.248	0.0406	1.192	0.3007	1.0802	1.1846	0.2989
S	0.0434	0.7128	0.8692	0.2038	0.97	1.2159	0.578	0.6369	0.5153
T	0.1511	1.1169	0.9005	0.2989	1.2394	1.5119	0.7143	0.8109	0.6689
V	3.5484	1.9381	1.3831	1.1557	1.0238	1.8988	0.8516	1.1319	1.0669
W	0.3015	0.5113	0.8635	0.1804	0.4021	0.2104	1.0842	0.3553	0.2571
Y	0.2197	1.1473	1.6828	0.3009	0.9736	0.31	1.2021	1.0973	0.7897

pepL	alpha	w_s
12	99.5307	0.083	0.1488	0	0.3949	0.3734
13	98.9575	0.0263	0.0764	0.2382	0.4675	0.1916
14	98.3294	0.0043	0.0259	0.161	0	0.4702	0.2977	0.0409
15	98.0139	0.0017	0.0096	0.0839	0.376	0.4093	0.0998	0.0197
16	98.2233	8e-04	0.0022	0.03	0.2337	0	0.5219	0.1563	0.0471	0.0079
17	98.735	8e-04	0.0019	0.0146	0.1152	0.4293	0.2806	0.114	0.0363	0.0072
18	99.2174	5e-04	0.0013	0.0066	0.0433	0.2908	0	0.3312	0.218	0.0767	0.0267	0.005
19	99.5133	0.001	0.0012	0.0074	0.029	0.145	0.2323	0.2918	0.1844	0.0762	0.0263	0.0055
20	99.691	0.001	0.0012	0.0048	0.0176	0.0704	0.1449	0	0.2809	0.2454	0.1596	0.0505	0.0192	0.0045
21	99.7886	0.0013	0.002	0.0054	0.0189	0.0569	0.1038	0.1383	0.2554	0.2215	0.1327	0.043	0.0166	0.0041
