Allele	BoLA_DRB3_010_02
Type	Standard
n_specificities	1
npep_u	1
npep_t	5000
spec_ids	1
L_core	9
L_N	0
L_C	0
CS_perL	1
pepL_lower	12
pepL_upper	21
n_diff_aa	20

PWM_norm.1	P1	P2	P3	P4	P5	P6	P7	P8	P9
A	0.0896	0.971	1.5087	0.4813	1.0544	1.4115	1.3046	0.9944	0.5216
C	0.0511	0.118	0.2912	0.1527	0.2798	0.5415	0.2205	0.2047	0.1138
D	0.0347	0.5546	0.3144	0.275	1.2431	2.0883	1.1047	0.935	0.4156
E	0.0549	1.1045	0.6243	0.3643	0.9746	0.8481	0.8724	1.0016	0.3909
F	8.5177	0.8507	0.9848	5.7113	0.5753	0.4186	1.1492	0.5873	3.777
G	0.0609	0.3361	0.659	0.1815	0.68	1.0192	0.9133	0.8908	0.3535
H	0.1257	1.4432	0.9172	1.4302	1.2823	1.2212	1.3112	1.4974	1.0226
I	2.7942	1.5947	1.9613	1.6549	0.9535	1.2829	2.1451	1.1753	2.886
K	0.0562	1.7443	0.9043	0.3329	1.6324	0.8007	0.9442	1.6479	0.2549
L	1.3764	0.8388	0.9473	0.847	0.5724	0.5354	0.8049	0.7184	1.8478
M	0.9048	0.5271	1.0933	1.5221	0.7727	0.7089	1.0929	0.3805	1.5647
N	0.0706	1.0223	0.8202	0.4586	1.3147	2.0829	1.2074	0.9774	0.5881
P	0.0383	0.0548	0.9039	0.0975	1.2879	0.57	0.9391	1.1561	0.3408
Q	0.0511	1.2417	1.1323	0.7413	1.1554	0.9219	1.0092	1.1823	0.7017
R	0.0397	1.734	1.2915	0.4209	1.1343	0.69	0.9346	1.232	0.2061
S	0.0409	0.7046	0.8634	0.2482	0.8345	1.0217	0.5763	0.7031	0.3023
T	0.0763	1.109	0.8764	0.3527	1.2461	1.3831	0.9241	1.045	0.5018
V	0.9921	1.94	1.4038	0.955	1.0265	1.1743	1.1484	1.3371	1.7243
W	4.4804	0.5062	0.8324	6.2254	0.6267	0.4207	0.6708	0.427	5.5405
Y	10.1766	1.153	1.6843	7.9956	1.0815	0.5478	0.9016	1.1636	2.3467

pepL	alpha	w_s
12	99.5307	0.083	0.1488	0	0.3949	0.3733
13	98.9574	0.0263	0.0764	0.2382	0.4675	0.1916
14	98.3293	0.0043	0.0259	0.161	0	0.4702	0.2976	0.0409
15	98.0138	0.0017	0.0096	0.0839	0.3761	0.4093	0.0998	0.0197
16	98.2233	8e-04	0.0022	0.03	0.2337	0	0.522	0.1562	0.0472	0.0079
17	98.7349	8e-04	0.0019	0.0146	0.1152	0.4294	0.2806	0.114	0.0362	0.0072
18	99.2174	5e-04	0.0013	0.0066	0.0433	0.2908	0	0.3312	0.218	0.0767	0.0267	0.005
19	99.5134	0.001	0.0012	0.0074	0.029	0.145	0.2323	0.2917	0.1843	0.0762	0.0263	0.0055
20	99.6911	0.001	0.0012	0.0048	0.0176	0.0704	0.1449	0	0.2809	0.2453	0.1596	0.0505	0.0192	0.0045
21	99.7886	0.0013	0.002	0.0054	0.0189	0.0569	0.1038	0.1384	0.2552	0.2215	0.1327	0.043	0.0166	0.0041
