Allele	BoLA_DRB3_022_12
Type	Standard
n_specificities	1
npep_u	1
npep_t	5000
spec_ids	1
L_core	9
L_N	0
L_C	0
CS_perL	1
pepL_lower	12
pepL_upper	21
n_diff_aa	20

PWM_norm.1	P1	P2	P3	P4	P5	P6	P7	P8	P9
A	0.0934	1.4655	1.6064	2.0347	0.776	0.9648	0.724	0.9802	1.2278
C	0.049	0.1005	0.1842	0.2879	0.1389	0.1877	0.1845	0.1257	0.317
D	0.0361	0.6538	0.2739	0.3809	2.1632	1.3705	0.7392	0.6312	2.9476
E	0.0576	1.7354	0.6463	0.3061	1.8683	1.2663	1.5105	0.7403	1.7015
F	8.2964	0.7927	1.3955	1.4823	0.41	0.204	1.3175	0.3495	0.3667
G	0.0619	0.46	0.5172	0.3514	0.6362	0.3156	0.4475	0.8324	0.9787
H	0.1244	1.5931	1.0273	2.2406	0.9992	0.3839	1.8489	1.0401	0.6838
I	2.7704	0.9289	2.1104	1.8329	0.9121	2.945	1.4799	1.3628	1.4566
K	0.0618	1.1939	0.9458	0.1821	1.6495	0.4478	0.669	1.6096	0.5619
L	1.3527	0.6749	0.8213	0.5828	0.4116	1.5055	0.9075	1.0939	1.1609
M	0.9209	0.4812	1.171	0.526	0.3943	0.7247	0.7534	0.7966	0.6235
N	0.0713	1.3847	0.7754	1.1214	0.9577	1.4509	2.0844	1.1271	1.1453
P	0.0388	0.0719	1.1215	0.1309	1.2158	0.3275	1.4708	1.6485	0.2968
Q	0.0536	1.2558	1.0606	0.2761	0.9503	0.7523	1.1169	1.0693	1.2332
R	0.0379	1.2263	0.663	0.095	1.2182	0.5271	0.4864	1.2773	0.5312
S	0.0414	0.96	0.9522	2.3014	0.759	0.5633	0.5989	0.6099	0.5182
T	0.0773	1.4589	0.6026	1.6648	1.2137	1.3004	0.8202	1.0103	0.5687
V	0.9818	1.2283	1.3626	2.6411	0.9872	2.4913	1.2097	1.1708	1.5069
W	4.5203	0.3642	0.9519	0.4031	0.3673	0.1474	0.9942	0.1964	0.1702
Y	10.5593	1.2166	2.6351	0.1821	0.722	0.288	1.5264	1.0561	0.3306

pepL	alpha	w_s
12	99.5307	0.083	0.1488	0	0.3949	0.3734
13	98.9575	0.0263	0.0764	0.2382	0.4675	0.1916
14	98.3294	0.0043	0.0259	0.161	0	0.4702	0.2977	0.0409
15	98.0139	0.0017	0.0096	0.0839	0.376	0.4093	0.0998	0.0197
16	98.2233	8e-04	0.0022	0.03	0.2337	0	0.5219	0.1563	0.0471	0.0079
17	98.735	8e-04	0.0019	0.0146	0.1152	0.4293	0.2806	0.114	0.0363	0.0072
18	99.2174	5e-04	0.0013	0.0066	0.0433	0.2908	0	0.3312	0.218	0.0767	0.0267	0.005
19	99.5133	0.001	0.0012	0.0074	0.029	0.145	0.2323	0.2918	0.1844	0.0762	0.0263	0.0055
20	99.691	0.001	0.0012	0.0048	0.0176	0.0704	0.1449	0	0.2809	0.2454	0.1596	0.0505	0.0192	0.0045
21	99.7886	0.0013	0.002	0.0054	0.0189	0.0569	0.1038	0.1383	0.2554	0.2215	0.1327	0.043	0.0166	0.0041
