Allele	BoLA_DRB3_051_01
Type	Standard
n_specificities	1
npep_u	1
npep_t	5000
spec_ids	1
L_core	9
L_N	0
L_C	0
CS_perL	1
pepL_lower	12
pepL_upper	21
n_diff_aa	20

PWM_norm.1	P1	P2	P3	P4	P5	P6	P7	P8	P9
A	0.0934	1.1607	1.3422	1.4244	0.7702	0.6716	1.469	1.1812	1.2239
C	0.049	0.1118	0.3683	0.5394	0.1262	0.1694	0.1451	0.116	0.5106
D	0.0361	0.6338	0.3956	2.5453	0.6598	5.1743	0.4185	0.5499	0.3896
E	0.0576	1.3684	0.6612	1.5132	0.9868	1.3377	0.7128	0.9164	0.5226
F	8.2964	0.8526	1.252	1.0629	0.4962	0.1855	0.8168	0.6052	1.3365
G	0.0619	0.3848	0.4953	0.3427	0.9393	0.2438	2.0136	0.9468	0.8271
H	0.1244	1.2561	0.7492	0.7131	0.9933	1.0443	1.5146	1.5282	0.5808
I	2.7704	1.3421	2.2618	1.494	0.9818	1.0837	1.4646	1.0162	1.194
K	0.0618	1.482	1.0314	0.2124	2.4692	0.5175	0.7985	1.5537	0.8579
L	1.3527	0.8135	0.9544	0.989	0.5535	0.588	1.3546	1.0855	1.2238
M	0.9209	0.5171	1.2184	1.8137	0.6577	0.6068	1.071	0.5538	1.9442
N	0.0713	0.99	0.6998	1.2517	0.9108	2.9332	1.3361	0.9038	0.95
P	0.0388	0.0632	1.012	0.0834	1.0385	0.3064	1.0558	1.2759	0.1905
Q	0.0536	1.1825	0.7209	1.4266	0.981	0.9184	0.7319	1.0813	1.0188
R	0.0379	1.5489	0.7354	0.134	1.7143	0.3531	0.83	1.4304	1.5311
S	0.0414	0.7706	0.9833	0.9946	0.9029	0.6978	0.5885	0.746	0.9212
T	0.0773	1.2343	0.7518	1.0855	1.3025	1.3687	0.6142	0.863	0.791
V	0.9818	1.8888	1.6228	1.2146	1.1429	1.2733	0.7156	0.997	1.5348
W	4.5203	0.4506	0.7128	0.6439	0.4582	0.1145	0.5523	0.3334	0.8341
Y	10.5593	1.1478	2.3975	0.5698	0.727	0.2225	1.0825	1.0766	2.3845

pepL	alpha	w_s
12	99.5307	0.083	0.1488	0	0.3949	0.3734
13	98.9575	0.0263	0.0764	0.2382	0.4675	0.1916
14	98.3294	0.0043	0.0259	0.161	0	0.4702	0.2977	0.0409
15	98.0139	0.0017	0.0096	0.0839	0.376	0.4093	0.0998	0.0197
16	98.2233	8e-04	0.0022	0.03	0.2337	0	0.5219	0.1563	0.0471	0.0079
17	98.735	8e-04	0.0019	0.0146	0.1152	0.4293	0.2806	0.114	0.0363	0.0072
18	99.2174	5e-04	0.0013	0.0066	0.0433	0.2908	0	0.3312	0.218	0.0767	0.0267	0.005
19	99.5133	0.001	0.0012	0.0074	0.029	0.145	0.2323	0.2918	0.1844	0.0762	0.0263	0.0055
20	99.691	0.001	0.0012	0.0048	0.0176	0.0704	0.1449	0	0.2809	0.2454	0.1596	0.0505	0.0192	0.0045
21	99.7886	0.0013	0.002	0.0054	0.0189	0.0569	0.1038	0.1383	0.2554	0.2215	0.1327	0.043	0.0166	0.0041
