Allele	BoLA_DRB3_136_01
Type	Standard
n_specificities	1
npep_u	1
npep_t	5000
spec_ids	1
L_core	9
L_N	0
L_C	0
CS_perL	1
pepL_lower	12
pepL_upper	21
n_diff_aa	20

PWM_norm.1	P1	P2	P3	P4	P5	P6	P7	P8	P9
A	0.0934	1.2473	1.4251	1.4784	1.0436	3.0036	1.0206	1.1812	2.8823
C	0.049	0.1352	0.2661	0.4383	0.3761	0.6166	0.3705	0.116	0.236
D	0.0361	0.7585	0.3034	2.6097	1.1343	1.139	0.9549	0.5499	0.4497
E	0.0576	1.4975	0.5424	0.7246	0.8701	0.7166	1.0539	0.9164	0.4846
F	8.2964	0.8102	1.1809	1.4211	0.5785	0.2916	1.3903	0.6052	0.2476
G	0.0619	0.4358	0.6613	0.5866	0.8345	1.6658	0.7037	0.9468	2.954
H	0.1244	1.6594	1.0756	0.9987	1.09	0.2372	1.5917	1.5282	0.883
I	2.7704	1.0886	1.7332	1.3462	0.9222	0.8553	1.0758	1.0162	0.3248
K	0.0618	1.3206	0.9983	0.2595	1.4012	0.0994	0.9636	1.5537	0.2833
L	1.3527	0.6876	0.8714	1.0725	0.5887	0.4288	1.0864	1.0855	0.1751
M	0.9209	0.5937	1.1348	1.4012	0.9123	0.382	0.9327	0.5538	0.3138
N	0.0713	1.117	0.7863	1.8057	1.1886	2.0982	1.6502	0.9038	0.9326
P	0.0388	0.0724	1.0482	0.1889	1.4899	0.8815	1.0839	1.2759	0.3804
Q	0.0536	1.3901	1.147	0.7716	0.8925	0.7424	1.132	1.0813	2.8359
R	0.0379	1.3883	1.1274	0.2395	1.1948	0.0748	0.9778	1.4304	0.2655
S	0.0414	0.8894	0.9109	0.9965	0.9832	1.4743	0.6792	0.746	2.1883
T	0.0773	1.277	0.7585	1.1973	1.2042	1.3182	0.6725	0.863	0.6405
V	0.9818	1.4789	1.4021	1.328	1.1548	1.3306	0.9288	0.997	0.4338
W	4.5203	0.6033	1.0979	0.6937	0.9017	0.1067	1.204	0.3334	0.0731
Y	10.5593	1.2006	2.1649	0.7978	0.9257	0.1988	1.2033	1.0766	0.2052

pepL	alpha	w_s
12	99.5307	0.083	0.1488	0	0.3949	0.3734
13	98.9575	0.0263	0.0764	0.2382	0.4675	0.1916
14	98.3294	0.0043	0.0259	0.161	0	0.4702	0.2977	0.0409
15	98.0139	0.0017	0.0096	0.0839	0.376	0.4093	0.0998	0.0197
16	98.2233	8e-04	0.0022	0.03	0.2337	0	0.5219	0.1563	0.0471	0.0079
17	98.735	8e-04	0.0019	0.0146	0.1152	0.4293	0.2806	0.114	0.0363	0.0072
18	99.2174	5e-04	0.0013	0.0066	0.0433	0.2908	0	0.3312	0.218	0.0767	0.0267	0.005
19	99.5133	0.001	0.0012	0.0074	0.029	0.145	0.2323	0.2918	0.1844	0.0762	0.0263	0.0055
20	99.691	0.001	0.0012	0.0048	0.0176	0.0704	0.1449	0	0.2809	0.2454	0.1596	0.0505	0.0192	0.0045
21	99.7886	0.0013	0.002	0.0054	0.0189	0.0569	0.1038	0.1383	0.2554	0.2215	0.1327	0.043	0.0166	0.0041
