Allele	BoLA_DRB3_029_02
Type	Standard
n_specificities	1
npep_u	1
npep_t	5000
spec_ids	1
L_core	9
L_N	0
L_C	0
CS_perL	1
pepL_lower	12
pepL_upper	21
n_diff_aa	20

PWM_norm.1	P1	P2	P3	P4	P5	P6	P7	P8	P9
A	0.0896	0.971	1.6225	3.0922	1.2912	0.603	1.1248	1.0644	0.3291
C	0.0511	0.118	0.2656	0.1736	0.2029	0.1395	0.3443	0.1741	0.0936
D	0.0347	0.5546	0.3958	0.1749	0.836	0.3656	1.4663	0.7402	0.1486
E	0.0549	1.1045	0.6995	0.2037	1.0915	0.284	1.1846	0.887	0.1438
F	8.5177	0.8507	1.3262	0.898	0.8081	0.4473	0.9028	0.74	3.9165
G	0.0609	0.3361	0.745	0.6426	0.555	0.2308	0.6217	0.8153	0.1174
H	0.1257	1.4432	1.0478	2.238	1.1582	0.8923	1.9767	1.0982	0.2092
I	2.7942	1.5947	1.579	1.1912	1.4734	2.5327	0.9881	1.2216	5.2317
K	0.0562	1.7443	0.8833	0.9138	1.6327	2.5502	1.0562	1.5537	0.0917
L	1.3764	0.8388	0.6469	0.2683	0.9006	1.9522	0.8301	1.0214	2.4152
M	0.9048	0.5271	1.6672	0.2946	0.9556	0.9667	0.8989	0.6684	1.6532
N	0.0706	1.0223	0.8661	1.5702	0.9505	0.6172	1.8205	1.0545	0.2382
P	0.0383	0.0548	1.047	0.0842	0.8432	0.4494	0.5411	1.269	0.0893
Q	0.0511	1.2417	1.0463	0.7339	1.445	0.7543	1.7552	0.9768	0.2523
R	0.0397	1.734	0.8394	0.7682	0.7301	1.7692	0.8719	1.3668	0.0815
S	0.0409	0.7046	1.2171	1.3708	0.5344	0.2611	0.7228	0.8432	0.1241
T	0.0763	1.109	0.7531	1.7554	1.2275	1.0059	0.8451	0.8858	0.3589
V	0.9921	1.94	1.1218	2.0034	1.2645	1.9433	0.9209	1.0389	2.8521
W	4.4804	0.5062	1.02	0.578	0.384	0.3069	0.9661	0.4268	0.9354
Y	10.1766	1.153	1.9765	0.4266	1.301	0.3333	0.8561	1.078	2.1141

pepL	alpha	w_s
12	99.5307	0.083	0.1488	0	0.3949	0.3733
13	98.9574	0.0263	0.0764	0.2382	0.4675	0.1916
14	98.3293	0.0043	0.0259	0.161	0	0.4702	0.2976	0.0409
15	98.0138	0.0017	0.0096	0.0839	0.3761	0.4093	0.0998	0.0197
16	98.2233	8e-04	0.0022	0.03	0.2337	0	0.522	0.1562	0.0472	0.0079
17	98.7349	8e-04	0.0019	0.0146	0.1152	0.4294	0.2806	0.114	0.0362	0.0072
18	99.2174	5e-04	0.0013	0.0066	0.0433	0.2908	0	0.3312	0.218	0.0767	0.0267	0.005
19	99.5134	0.001	0.0012	0.0074	0.029	0.145	0.2323	0.2917	0.1843	0.0762	0.0263	0.0055
20	99.6911	0.001	0.0012	0.0048	0.0176	0.0704	0.1449	0	0.2809	0.2453	0.1596	0.0505	0.0192	0.0045
21	99.7886	0.0013	0.002	0.0054	0.0189	0.0569	0.1038	0.1384	0.2552	0.2215	0.1327	0.043	0.0166	0.0041
