Allele	BoLA_DRB3_015_02
Type	Standard
n_specificities	1
npep_u	1
npep_t	5000
spec_ids	1
L_core	9
L_N	0
L_C	0
CS_perL	1
pepL_lower	12
pepL_upper	21
n_diff_aa	20

PWM_norm.1	P1	P2	P3	P4	P5	P6	P7	P8	P9
A	0.1514	0.971	1.6225	6.0614	1.1921	0.3855	1.5524	1.1294	0.398
C	0.0752	0.118	0.2656	0.0764	0.184	0.0487	0.2361	0.0811	0.1257
D	0.0461	0.5546	0.3958	0.1878	0.8969	0.2792	0.7475	0.7383	0.5104
E	0.034	1.1045	0.6995	0.0759	1.0712	0.2249	1.6225	0.9037	0.4138
F	1.2848	0.8507	1.3262	0.3953	0.8231	0.1161	0.384	0.5194	3.4732
G	0.0928	0.3361	0.745	0.6286	0.4837	0.1088	0.5036	0.7643	0.1877
H	0.0565	1.4432	1.0478	0.6858	0.8978	0.7552	0.7981	0.936	0.398
I	8.7075	1.5947	1.579	0.5154	1.8777	1.0938	1.3654	1.5036	3.686
K	0.0468	1.7443	0.8833	0.4273	1.6403	7.2213	0.5241	1.6416	0.1716
L	2.8025	0.8388	0.6469	0.121	0.9402	0.7015	0.4251	1.3569	2.769
M	1.498	0.5271	1.6672	0.1083	1.0697	0.2934	0.8574	0.4857	1.8878
N	0.0555	1.0223	0.8661	0.3488	0.9571	0.2394	2.3008	1.0223	0.4473
P	0.0887	0.0548	1.047	0.0448	0.7152	0.225	0.7789	1.1577	0.1421
Q	0.0383	1.2417	1.0463	0.1087	1.4795	0.3926	1.6438	1.0602	0.2748
R	0.0451	1.734	0.8394	0.3804	0.7332	3.6995	0.7392	1.2207	0.1186
S	0.0404	0.7046	1.2171	1.5059	0.4549	0.1562	1.0005	0.7862	0.2159
T	0.1519	1.109	0.7531	2.8033	1.2691	0.6725	1.2817	0.6568	0.4358
V	3.4569	1.94	1.1218	1.7359	1.2775	1.1244	1.5453	1.1454	2.3615
W	0.3205	0.5062	1.02	0.1033	0.3583	0.0975	0.6497	0.2096	1.4005
Y	0.1975	1.153	1.9765	0.1106	1.3852	0.1231	0.3623	0.7495	1.5166

pepL	alpha	w_s
12	99.5307	0.083	0.1488	0	0.3949	0.3733
13	98.9574	0.0263	0.0764	0.2382	0.4675	0.1916
14	98.3293	0.0043	0.0259	0.161	0	0.4702	0.2976	0.0409
15	98.0138	0.0017	0.0096	0.0839	0.3761	0.4093	0.0998	0.0197
16	98.2233	8e-04	0.0022	0.03	0.2337	0	0.522	0.1562	0.0472	0.0079
17	98.7349	8e-04	0.0019	0.0146	0.1152	0.4294	0.2806	0.114	0.0362	0.0072
18	99.2174	5e-04	0.0013	0.0066	0.0433	0.2908	0	0.3312	0.218	0.0767	0.0267	0.005
19	99.5134	0.001	0.0012	0.0074	0.029	0.145	0.2323	0.2917	0.1843	0.0762	0.0263	0.0055
20	99.6911	0.001	0.0012	0.0048	0.0176	0.0704	0.1449	0	0.2809	0.2453	0.1596	0.0505	0.0192	0.0045
21	99.7886	0.0013	0.002	0.0054	0.0189	0.0569	0.1038	0.1384	0.2552	0.2215	0.1327	0.043	0.0166	0.0041
