Allele	BoLA_DRB3_028_06
Type	Standard
n_specificities	1
npep_u	1
npep_t	5000
spec_ids	1
L_core	9
L_N	0
L_C	0
CS_perL	1
pepL_lower	12
pepL_upper	21
n_diff_aa	20

PWM_norm.1	P1	P2	P3	P4	P5	P6	P7	P8	P9
A	0.1329	0.971	1.3774	0.8064	0.8817	0.7181	0.9876	1.1786	2.1503
C	0.0539	0.118	0.3387	0.3229	0.2826	0.2544	0.1957	0.1131	0.4068
D	0.0395	0.5546	0.3711	0.4313	1.1482	1.6118	0.6529	0.5371	1.2295
E	0.0275	1.1045	0.654	0.6834	1.1759	1.2191	0.8581	0.9166	0.8669
F	0.8949	0.8507	1.2456	1.5808	0.5651	0.2301	1.2609	0.6046	0.2283
G	0.0598	0.3361	0.4798	0.1674	0.8382	0.2424	0.7388	0.9621	1.8658
H	0.0379	1.4432	1.0124	0.3829	1.2522	0.3124	1.6087	1.5437	0.9346
I	8.7578	1.5947	2.0496	2.8311	0.8248	3.1769	1.5158	1.0119	0.684
K	0.0307	1.7443	0.9983	0.1442	1.5987	0.1897	1.0306	1.5625	0.7864
L	2.9065	0.8388	0.944	3.7069	0.5298	1.7984	1.0752	1.0918	0.6145
M	1.2553	0.5271	1.279	2.3044	0.6965	1.2283	0.841	0.5453	0.5351
N	0.0347	1.0223	0.8029	0.4741	1.1596	1.378	1.8088	0.8962	1.6582
P	0.0794	0.0548	1.076	0.0714	1.3273	0.3538	1.5325	1.2711	0.3349
Q	0.0298	1.2417	1.113	0.7237	1.1427	0.7599	1.1685	1.0865	1.5902
R	0.0294	1.734	0.9674	0.0941	1.1584	0.1757	0.8562	1.4361	0.7455
S	0.0298	0.7046	0.728	0.4272	0.9207	0.4371	0.6027	0.7431	1.3522
T	0.1199	1.109	0.8119	0.5178	1.2709	1.018	0.7156	0.862	0.7283
V	3.8187	1.94	1.5686	1.6103	1.0847	2.8374	0.8933	0.984	0.9758
W	0.1738	0.5062	0.7858	0.2733	0.8265	0.1939	0.8239	0.333	0.0918
Y	0.1263	1.153	1.8626	0.6825	0.8515	0.4059	1.1541	1.0692	0.2613

pepL	alpha	w_s
12	99.5307	0.083	0.1488	0	0.3949	0.3733
13	98.9574	0.0263	0.0764	0.2382	0.4675	0.1916
14	98.3293	0.0043	0.0259	0.161	0	0.4702	0.2976	0.0409
15	98.0138	0.0017	0.0096	0.0839	0.3761	0.4093	0.0998	0.0197
16	98.2233	8e-04	0.0022	0.03	0.2337	0	0.522	0.1562	0.0472	0.0079
17	98.7349	8e-04	0.0019	0.0146	0.1152	0.4294	0.2806	0.114	0.0362	0.0072
18	99.2174	5e-04	0.0013	0.0066	0.0433	0.2908	0	0.3312	0.218	0.0767	0.0267	0.005
19	99.5134	0.001	0.0012	0.0074	0.029	0.145	0.2323	0.2917	0.1843	0.0762	0.0263	0.0055
20	99.6911	0.001	0.0012	0.0048	0.0176	0.0704	0.1449	0	0.2809	0.2453	0.1596	0.0505	0.0192	0.0045
21	99.7886	0.0013	0.002	0.0054	0.0189	0.0569	0.1038	0.1384	0.2552	0.2215	0.1327	0.043	0.0166	0.0041
