Allele	BoLA_DRB3_107_01
Type	Standard
n_specificities	1
npep_u	1
npep_t	5000
spec_ids	1
L_core	9
L_N	0
L_C	0
CS_perL	1
pepL_lower	12
pepL_upper	21
n_diff_aa	20

PWM_norm.1	P1	P2	P3	P4	P5	P6	P7	P8	P9
A	0.0934	0.9786	1.5224	2.6624	0.8781	0.4851	1.5346	1.0939	1.2562
C	0.049	0.1182	0.2463	0.376	0.1247	0.073	0.1526	0.1081	0.4392
D	0.0361	0.5555	0.2322	0.3101	1.3108	0.3622	0.3916	0.5678	0.1017
E	0.0576	1.1065	0.5466	0.252	1.3909	0.2954	0.8158	0.7548	0.1199
F	8.2964	0.8442	1.3381	0.9219	0.5024	0.109	0.7411	0.3915	0.7951
G	0.0619	0.3341	0.4073	0.2721	0.6287	0.2016	1.6173	0.9039	0.3037
H	0.1244	1.4506	0.7173	1.2707	1.2952	2.0604	1.417	1.1699	0.1983
I	2.7704	1.5874	2.4065	1.7055	1.144	0.9595	1.3035	1.2447	2.9523
K	0.0618	1.7251	0.9092	0.2018	2.1444	5.0984	1.2341	1.6311	0.1013
L	1.3527	0.856	0.9653	0.7684	0.6959	0.4793	1.1814	1.0727	2.638
M	0.9209	0.5286	1.4668	0.4936	0.5684	0.3146	1.0245	0.6405	0.8473
N	0.0713	1.0179	0.8709	1.2503	0.9892	0.6186	1.3222	1.0421	0.6297
P	0.0388	0.0529	1.2231	0.0716	0.8833	0.3824	0.8141	1.5552	0.1069
Q	0.0536	1.1967	1.0822	0.247	1.051	0.5195	1.0297	1.0564	0.423
R	0.0379	1.746	0.8533	0.1025	1.24	4.4866	0.9397	1.3639	0.1786
S	0.0414	0.7128	0.9	2.2077	0.6341	0.2419	0.6557	0.6613	0.5263
T	0.0773	1.1169	0.6741	1.6318	1.1146	0.8388	0.6234	0.9828	0.8004
V	0.9818	1.9381	1.429	2.8224	1.2114	1.1769	0.8304	1.1159	4.1048
W	4.5203	0.5113	0.6712	0.185	0.4779	0.084	0.6182	0.1923	0.0789
Y	10.5593	1.1473	1.7827	0.1979	0.8316	0.1311	1.1409	1.0418	1.1131

pepL	alpha	w_s
12	99.5307	0.083	0.1488	0	0.3949	0.3734
13	98.9575	0.0263	0.0764	0.2382	0.4675	0.1916
14	98.3294	0.0043	0.0259	0.161	0	0.4702	0.2977	0.0409
15	98.0139	0.0017	0.0096	0.0839	0.376	0.4093	0.0998	0.0197
16	98.2233	8e-04	0.0022	0.03	0.2337	0	0.5219	0.1563	0.0471	0.0079
17	98.735	8e-04	0.0019	0.0146	0.1152	0.4293	0.2806	0.114	0.0363	0.0072
18	99.2174	5e-04	0.0013	0.0066	0.0433	0.2908	0	0.3312	0.218	0.0767	0.0267	0.005
19	99.5133	0.001	0.0012	0.0074	0.029	0.145	0.2323	0.2918	0.1844	0.0762	0.0263	0.0055
20	99.691	0.001	0.0012	0.0048	0.0176	0.0704	0.1449	0	0.2809	0.2454	0.1596	0.0505	0.0192	0.0045
21	99.7886	0.0013	0.002	0.0054	0.0189	0.0569	0.1038	0.1383	0.2554	0.2215	0.1327	0.043	0.0166	0.0041
