Allele	BoLA_DRB3_003_01
Type	Standard
n_specificities	1
npep_u	1
npep_t	5000
spec_ids	1
L_core	9
L_N	0
L_C	0
CS_perL	1
pepL_lower	12
pepL_upper	21
n_diff_aa	20

PWM_norm.1	P1	P2	P3	P4	P5	P6	P7	P8	P9
A	0.0896	0.971	1.4815	1.2757	0.9073	2.2001	0.9974	1.1786	0.915
C	0.0511	0.118	0.3191	0.2406	0.2442	0.3249	0.1454	0.1131	0.543
D	0.0347	0.5546	0.4037	2.0286	1.1017	0.4103	0.8599	0.5371	0.2503
E	0.0549	1.1045	0.6979	0.8395	1.1392	0.5803	1.4225	0.9166	0.2137
F	8.5177	0.8507	1.0737	0.4559	0.6491	0.5897	0.4141	0.6046	1.2217
G	0.0609	0.3361	0.5972	0.7464	0.969	0.9841	0.921	0.9621	0.3201
H	0.1257	1.4432	0.7858	0.4779	1.478	0.5154	0.8491	1.5437	0.304
I	2.7942	1.5947	2.2462	0.5977	0.8037	2.2073	1.1836	1.0119	2.0243
K	0.0562	1.7443	0.9462	0.2381	1.684	0.146	0.5156	1.5625	0.2238
L	1.3764	0.8388	0.9202	0.431	0.6275	1.1508	0.7226	1.0918	2.3908
M	0.9048	0.5271	1.333	0.6021	0.6395	0.7988	0.3719	0.5453	1.5276
N	0.0706	1.0223	0.8979	7.766	1.2517	1.5466	2.9094	0.8962	1.0995
P	0.0383	0.0548	1.1284	0.1116	1.3613	1.2013	1.761	1.2711	0.0948
Q	0.0511	1.2417	0.8793	1.3875	1.2446	1.2948	1.3806	1.0865	0.4907
R	0.0397	1.734	0.8779	0.2282	1.0887	0.1471	0.3725	1.4361	0.3231
S	0.0409	0.7046	0.8629	1.2213	0.8592	0.6227	0.7627	0.7431	0.5786
T	0.0763	1.109	0.7902	0.8886	1.1694	0.9824	1.1135	0.862	0.7815
V	0.9921	1.94	1.4579	0.7643	0.8393	2.0785	1.2967	0.984	3.3741
W	4.4804	0.5062	0.5861	0.3893	0.558	0.1948	0.3337	0.333	0.2352
Y	10.1766	1.153	1.744	0.2837	0.7207	0.3881	0.6278	1.0692	2.7313

pepL	alpha	w_s
12	99.5307	0.083	0.1488	0	0.3949	0.3733
13	98.9574	0.0263	0.0764	0.2382	0.4675	0.1916
14	98.3293	0.0043	0.0259	0.161	0	0.4702	0.2976	0.0409
15	98.0138	0.0017	0.0096	0.0839	0.3761	0.4093	0.0998	0.0197
16	98.2233	8e-04	0.0022	0.03	0.2337	0	0.522	0.1562	0.0472	0.0079
17	98.7349	8e-04	0.0019	0.0146	0.1152	0.4294	0.2806	0.114	0.0362	0.0072
18	99.2174	5e-04	0.0013	0.0066	0.0433	0.2908	0	0.3312	0.218	0.0767	0.0267	0.005
19	99.5134	0.001	0.0012	0.0074	0.029	0.145	0.2323	0.2917	0.1843	0.0762	0.0263	0.0055
20	99.6911	0.001	0.0012	0.0048	0.0176	0.0704	0.1449	0	0.2809	0.2453	0.1596	0.0505	0.0192	0.0045
21	99.7886	0.0013	0.002	0.0054	0.0189	0.0569	0.1038	0.1384	0.2552	0.2215	0.1327	0.043	0.0166	0.0041
