Allele	BoLA_DRB3_032_03
Type	Standard
n_specificities	1
npep_u	1
npep_t	5000
spec_ids	1
L_core	9
L_N	0
L_C	0
CS_perL	1
pepL_lower	12
pepL_upper	21
n_diff_aa	20

PWM_norm.1	P1	P2	P3	P4	P5	P6	P7	P8	P9
A	0.1598	0.9786	1.4824	3.2101	1.2254	1.9419	0.7591	1.1812	2.8823
C	0.0686	0.1182	0.2591	0.1796	0.2276	0.5111	0.2396	0.116	0.236
D	0.0465	0.5555	0.3009	0.1641	0.9398	2.9042	1.2129	0.5499	0.4497
E	0.0361	1.1065	0.6255	0.1492	1.0442	0.755	1.109	0.9164	0.4846
F	1.2075	0.8442	1.3938	1.0852	0.713	0.2975	1.1949	0.6052	0.2476
G	0.0913	0.3341	0.5368	0.619	0.5678	1.1915	0.6622	0.9468	2.954
H	0.0557	1.4506	0.8783	1.0028	0.7617	0.3827	2.4014	1.5282	0.883
I	8.8482	1.5874	1.7368	1.41	1.6772	1.0381	0.9764	1.0162	0.3248
K	0.0511	1.7251	0.9929	0.9374	1.5143	0.2052	1.3608	1.5537	0.2833
L	2.6807	0.856	0.7545	0.7626	0.8206	0.5579	1.1807	1.0855	0.1751
M	1.5984	0.5286	1.5341	0.6146	1.153	0.5529	0.9433	0.5538	0.3138
N	0.0572	1.0179	0.6533	0.5838	1.0142	2.2485	1.6207	0.9038	0.9326
P	0.0827	0.0529	1.1051	0.0847	0.9458	0.7382	0.5148	1.2759	0.3804
Q	0.0401	1.1967	0.8979	0.3212	1.1964	0.656	1.5542	1.0813	2.8359
R	0.0421	1.746	0.7674	0.762	0.8653	0.1382	1.3647	1.4304	0.2655
S	0.0434	0.7128	1.3342	1.0261	0.5991	1.2716	0.4516	0.746	2.1883
T	0.1511	1.1169	0.6401	2.5389	1.2823	1.4552	0.6234	0.863	0.6405
V	3.5484	1.9381	1.3516	1.9241	1.3273	1.2715	0.6786	0.997	0.4338
W	0.3015	0.5113	0.952	0.6927	0.348	0.1754	1.046	0.3334	0.0731
Y	0.2197	1.1473	2.4728	0.495	1.3189	0.2302	1.1609	1.0766	0.2052

pepL	alpha	w_s
12	99.5307	0.083	0.1488	0	0.3949	0.3734
13	98.9575	0.0263	0.0764	0.2382	0.4675	0.1916
14	98.3294	0.0043	0.0259	0.161	0	0.4702	0.2977	0.0409
15	98.0139	0.0017	0.0096	0.0839	0.376	0.4093	0.0998	0.0197
16	98.2233	8e-04	0.0022	0.03	0.2337	0	0.5219	0.1563	0.0471	0.0079
17	98.735	8e-04	0.0019	0.0146	0.1152	0.4293	0.2806	0.114	0.0363	0.0072
18	99.2174	5e-04	0.0013	0.0066	0.0433	0.2908	0	0.3312	0.218	0.0767	0.0267	0.005
19	99.5133	0.001	0.0012	0.0074	0.029	0.145	0.2323	0.2918	0.1844	0.0762	0.0263	0.0055
20	99.691	0.001	0.0012	0.0048	0.0176	0.0704	0.1449	0	0.2809	0.2454	0.1596	0.0505	0.0192	0.0045
21	99.7886	0.0013	0.002	0.0054	0.0189	0.0569	0.1038	0.1383	0.2554	0.2215	0.1327	0.043	0.0166	0.0041
