Allele	BoLA_DRB3_135_01
Type	Standard
n_specificities	1
npep_u	1
npep_t	5000
spec_ids	1
L_core	9
L_N	0
L_C	0
CS_perL	1
pepL_lower	12
pepL_upper	21
n_diff_aa	20

PWM_norm.1	P1	P2	P3	P4	P5	P6	P7	P8	P9
A	0.1514	0.971	1.4442	0.8994	0.8407	1.6349	1.3089	1.1386	1.1625
C	0.0752	0.118	0.322	0.4389	0.2784	0.244	0.1865	0.1111	0.434
D	0.0461	0.5546	0.4068	2.0199	1.5188	0.2935	0.7741	0.5239	0.1249
E	0.034	1.1045	0.6878	0.838	1.312	0.2734	0.7978	0.7809	0.1438
F	1.2848	0.8507	1.0403	0.905	0.6042	0.7116	0.9804	0.4269	0.8355
G	0.0928	0.3361	0.5048	0.4957	0.7414	0.9451	2.129	0.9269	0.262
H	0.0565	1.4432	0.8438	0.792	1.3246	0.8289	2.0497	1.2675	0.2063
I	8.7075	1.5947	2.2883	0.9916	0.8528	2.9525	1.0438	1.2269	2.9221
K	0.0468	1.7443	1.164	0.4023	1.3858	0.2631	1.1953	1.583	0.1044
L	2.8025	0.8388	0.9035	0.3406	0.5062	1.0387	0.9281	1.0731	2.7136
M	1.498	0.5271	1.4054	0.635	0.5564	0.8151	0.5494	0.6623	0.9559
N	0.0555	1.0223	0.7972	5.7005	1.2574	2.051	1.2809	1.001	0.65
P	0.0887	0.0548	1.1575	0.1323	1.6576	1.1602	0.353	1.511	0.0901
Q	0.0383	1.2417	0.8133	1.3698	1.2271	1.3601	0.8459	1.0428	0.418
R	0.0451	1.734	0.9677	0.4425	1.0082	0.1919	1.039	1.3415	0.1884
S	0.0404	0.7046	0.9432	1.2435	0.9047	0.6512	0.6863	0.6948	0.4509
T	0.1519	1.109	0.8292	1.1815	1.2297	1.2104	0.9149	0.9725	0.7693
V	3.4569	1.94	1.3265	1.1396	0.8328	1.9474	0.8087	1.0962	4.1571
W	0.3205	0.5062	0.4866	1.3584	0.4018	0.2213	0.7239	0.2239	0.0899
Y	0.1975	1.153	1.537	0.5035	0.8018	0.4598	1.2867	1.0252	1.1486

pepL	alpha	w_s
12	99.5307	0.083	0.1488	0	0.3949	0.3733
13	98.9574	0.0263	0.0764	0.2382	0.4675	0.1916
14	98.3293	0.0043	0.0259	0.161	0	0.4702	0.2976	0.0409
15	98.0138	0.0017	0.0096	0.0839	0.3761	0.4093	0.0998	0.0197
16	98.2233	8e-04	0.0022	0.03	0.2337	0	0.522	0.1562	0.0472	0.0079
17	98.7349	8e-04	0.0019	0.0146	0.1152	0.4294	0.2806	0.114	0.0362	0.0072
18	99.2174	5e-04	0.0013	0.0066	0.0433	0.2908	0	0.3312	0.218	0.0767	0.0267	0.005
19	99.5134	0.001	0.0012	0.0074	0.029	0.145	0.2323	0.2917	0.1843	0.0762	0.0263	0.0055
20	99.6911	0.001	0.0012	0.0048	0.0176	0.0704	0.1449	0	0.2809	0.2453	0.1596	0.0505	0.0192	0.0045
21	99.7886	0.0013	0.002	0.0054	0.0189	0.0569	0.1038	0.1384	0.2552	0.2215	0.1327	0.043	0.0166	0.0041
