Allele	BoLA_DRB3_030_02
Type	Standard
n_specificities	1
npep_u	1
npep_t	5000
spec_ids	1
L_core	9
L_N	0
L_C	0
CS_perL	1
pepL_lower	12
pepL_upper	21
n_diff_aa	20

PWM_norm.1	P1	P2	P3	P4	P5	P6	P7	P8	P9
A	0.1329	0.971	1.5602	0.8633	0.8565	1.6992	0.6103	1.1882	0.2344
C	0.0539	0.118	0.3027	0.0891	0.2366	0.4707	0.0912	0.1339	0.0763
D	0.0395	0.5546	0.4931	0.1221	0.6499	0.6154	0.4068	0.5688	0.0765
E	0.0275	1.1045	0.8117	0.2731	0.7448	0.4799	0.5514	0.8775	0.1581
F	0.8949	0.8507	1.0192	2.3234	0.5339	0.5791	1.315	0.6199	0.9493
G	0.0598	0.3361	0.6765	0.293	0.9838	0.8734	0.562	0.9421	0.1884
H	0.0379	1.4432	0.8006	4.6665	1.4516	0.704	3.5852	1.4512	0.1518
I	8.7578	1.5947	2.3123	1.2997	0.8286	2.0385	1.0528	1.0883	0.3698
K	0.0307	1.7443	0.8895	2.1801	2.352	1.3415	2.2259	1.5225	8.9133
L	2.9065	0.8388	0.9232	1.3134	0.5489	1.0561	1.4003	1.0613	0.4416
M	1.2553	0.5271	1.1039	1.6732	0.96	0.8278	0.5969	0.576	0.6654
N	0.0347	1.0223	0.8403	0.6045	1.402	0.7964	1.5152	0.9572	0.1187
P	0.0794	0.0548	1.0128	0.0404	1.4413	0.8028	0.532	1.2838	0.0467
Q	0.0298	1.2417	0.8582	0.9152	1.1489	0.8223	1.2829	1.0415	0.1705
R	0.0294	1.734	0.8133	1.5348	1.2555	0.8668	1.8021	1.4116	4.1974
S	0.0298	0.7046	0.806	0.2543	0.8024	0.6652	0.3203	0.7854	0.1066
T	0.1199	1.109	0.8623	0.3649	1.1698	1.2738	0.4269	0.8768	0.1331
V	3.8187	1.94	1.4503	0.776	0.8694	1.902	0.7433	1.0057	0.458
W	0.1738	0.5062	0.5576	3.6397	0.8238	0.4651	1.0179	0.3576	0.8543
Y	0.1263	1.153	1.7284	2.1164	0.8452	0.418	1.4056	1.0389	0.854

pepL	alpha	w_s
12	99.5307	0.083	0.1488	0	0.3949	0.3733
13	98.9574	0.0263	0.0764	0.2382	0.4675	0.1916
14	98.3293	0.0043	0.0259	0.161	0	0.4702	0.2976	0.0409
15	98.0138	0.0017	0.0096	0.0839	0.3761	0.4093	0.0998	0.0197
16	98.2233	8e-04	0.0022	0.03	0.2337	0	0.522	0.1562	0.0472	0.0079
17	98.7349	8e-04	0.0019	0.0146	0.1152	0.4294	0.2806	0.114	0.0362	0.0072
18	99.2174	5e-04	0.0013	0.0066	0.0433	0.2908	0	0.3312	0.218	0.0767	0.0267	0.005
19	99.5134	0.001	0.0012	0.0074	0.029	0.145	0.2323	0.2917	0.1843	0.0762	0.0263	0.0055
20	99.6911	0.001	0.0012	0.0048	0.0176	0.0704	0.1449	0	0.2809	0.2453	0.1596	0.0505	0.0192	0.0045
21	99.7886	0.0013	0.002	0.0054	0.0189	0.0569	0.1038	0.1384	0.2552	0.2215	0.1327	0.043	0.0166	0.0041
