Allele	BoLA_DRB3_024_29
Type	Standard
n_specificities	1
npep_u	1
npep_t	5000
spec_ids	1
L_core	9
L_N	0
L_C	0
CS_perL	1
pepL_lower	12
pepL_upper	21
n_diff_aa	20

PWM_norm.1	P1	P2	P3	P4	P5	P6	P7	P8	P9
A	0.0896	1.2265	1.5591	2.4128	1.1217	2.9064	1.2329	0.9293	1.5774
C	0.0511	0.1146	0.1564	0.1785	0.2062	0.648	0.1611	0.0844	0.1977
D	0.0347	0.7134	0.1942	0.1533	1.2336	0.7116	0.6094	0.6106	2.1842
E	0.0549	1.5231	0.5153	0.2399	1.049	0.6853	0.6683	0.7422	2.4237
F	8.5177	0.8882	1.0755	1.2582	0.513	0.4138	1.2055	0.263	0.6084
G	0.0609	0.4298	0.4973	0.213	0.6012	2.0832	1.3459	0.7903	1.2265
H	0.1257	1.6831	0.9013	0.9519	1.1671	0.3147	1.9494	0.9906	0.6929
I	2.7942	1.1406	1.8459	2.1621	1.0766	0.9656	1.2415	1.5087	1.6076
K	0.0562	1.289	0.9565	0.2391	1.7967	0.1423	1.4173	1.5882	0.266
L	1.3764	0.7131	0.9693	1.8036	0.748	0.5153	1.3797	1.2173	0.7456
M	0.9048	0.5848	1.0755	0.8007	0.7697	0.5018	1.1176	0.7519	0.6571
N	0.0706	1.1324	0.733	0.3479	1.0827	1.4252	0.9398	1.0671	0.5893
P	0.0383	0.0679	1.1493	0.0672	0.8814	1.1125	0.827	1.7701	0.3302
Q	0.0511	1.3528	1.2405	0.2008	0.9284	0.8507	0.9615	1.0953	1.7948
R	0.0397	1.3721	1.3259	0.0969	1.3312	0.1213	1.4702	1.2269	0.3106
S	0.0409	0.8922	0.9151	1.5688	0.7596	1.2393	0.4346	0.5083	0.575
T	0.0763	1.3182	0.5939	1.4854	1.0236	1.0936	0.4819	0.9786	0.5929
V	0.9921	1.3895	1.5106	2.7527	1.4822	1.4702	0.6774	1.229	1.2492
W	4.4804	0.6247	0.689	0.2106	0.5121	0.1776	1.1741	0.1389	0.1863
Y	10.1766	1.2606	1.9876	0.2186	0.9496	0.2578	0.9048	1.043	0.3853

pepL	alpha	w_s
12	99.5307	0.083	0.1488	0	0.3949	0.3733
13	98.9574	0.0263	0.0764	0.2382	0.4675	0.1916
14	98.3293	0.0043	0.0259	0.161	0	0.4702	0.2976	0.0409
15	98.0138	0.0017	0.0096	0.0839	0.3761	0.4093	0.0998	0.0197
16	98.2233	8e-04	0.0022	0.03	0.2337	0	0.522	0.1562	0.0472	0.0079
17	98.7349	8e-04	0.0019	0.0146	0.1152	0.4294	0.2806	0.114	0.0362	0.0072
18	99.2174	5e-04	0.0013	0.0066	0.0433	0.2908	0	0.3312	0.218	0.0767	0.0267	0.005
19	99.5134	0.001	0.0012	0.0074	0.029	0.145	0.2323	0.2917	0.1843	0.0762	0.0263	0.0055
20	99.6911	0.001	0.0012	0.0048	0.0176	0.0704	0.1449	0	0.2809	0.2453	0.1596	0.0505	0.0192	0.0045
21	99.7886	0.0013	0.002	0.0054	0.0189	0.0569	0.1038	0.1384	0.2552	0.2215	0.1327	0.043	0.0166	0.0041
