Allele	BoLA_DRB3_088_02
Type	Standard
n_specificities	1
npep_u	1
npep_t	5000
spec_ids	1
L_core	9
L_N	0
L_C	0
CS_perL	1
pepL_lower	12
pepL_upper	21
n_diff_aa	20

PWM_norm.1	P1	P2	P3	P4	P5	P6	P7	P8	P9
A	0.0896	1.0236	1.4317	1.8616	0.8099	0.7455	0.9118	1.0065	1.1628
C	0.0511	0.1415	0.3077	0.2728	0.2168	0.1974	0.2606	0.1143	0.2801
D	0.0347	0.643	0.5498	2.8988	1.1927	1.4656	1.1185	0.5702	2.9159
E	0.0549	1.1048	0.7077	1.4289	1.3677	1.0094	1.7241	0.74	2.14
F	8.5177	0.8546	1.42	0.4618	0.6406	0.2472	1.3534	0.3696	0.3417
G	0.0609	0.3979	0.7206	0.3838	0.6896	0.1567	0.4648	0.837	0.9549
H	0.1257	2.0648	1.3378	0.2962	0.8927	0.5015	1.5807	1.0728	0.6989
I	2.7942	1.3649	1.406	1.5988	1.3074	3.396	1.2978	1.3968	1.4496
K	0.0562	1.5603	0.9435	0.1131	1.5647	0.5779	0.3787	1.6049	0.5432
L	1.3764	0.74	0.6782	0.3978	0.7455	1.9284	0.8652	1.1307	1.2275
M	0.9048	0.6213	1.552	0.5916	0.904	1.0853	0.6053	0.7884	0.6032
N	0.0706	1.2166	0.7734	1.1834	1.0659	1.1796	1.8098	1.0648	0.9599
P	0.0383	0.0644	0.9474	0.1733	0.8186	0.2596	1.7753	1.6554	0.2649
Q	0.0511	1.3816	1.1693	0.6452	1.2517	0.8912	0.9719	1.0588	1.2503
R	0.0397	1.5854	0.7948	0.0991	1.1261	0.3509	0.4117	1.2424	0.4928
S	0.0409	0.8198	1.0158	1.4412	0.7066	0.3308	0.6097	0.6209	0.4349
T	0.0763	1.1789	0.8062	2.0067	1.1975	0.896	0.7344	0.9981	0.5263
V	0.9921	1.5489	1.2528	1.9828	1.3673	2.714	1.1394	1.1595	1.3854
W	4.4804	0.7322	1.3733	0.1053	0.3233	0.1917	1.0743	0.197	0.1195
Y	10.1766	1.1891	2.2299	0.1481	1.0506	0.4062	1.4122	1.0403	0.3245

pepL	alpha	w_s
12	99.5307	0.083	0.1488	0	0.3949	0.3733
13	98.9574	0.0263	0.0764	0.2382	0.4675	0.1916
14	98.3293	0.0043	0.0259	0.161	0	0.4702	0.2976	0.0409
15	98.0138	0.0017	0.0096	0.0839	0.3761	0.4093	0.0998	0.0197
16	98.2233	8e-04	0.0022	0.03	0.2337	0	0.522	0.1562	0.0472	0.0079
17	98.7349	8e-04	0.0019	0.0146	0.1152	0.4294	0.2806	0.114	0.0362	0.0072
18	99.2174	5e-04	0.0013	0.0066	0.0433	0.2908	0	0.3312	0.218	0.0767	0.0267	0.005
19	99.5134	0.001	0.0012	0.0074	0.029	0.145	0.2323	0.2917	0.1843	0.0762	0.0263	0.0055
20	99.6911	0.001	0.0012	0.0048	0.0176	0.0704	0.1449	0	0.2809	0.2453	0.1596	0.0505	0.0192	0.0045
21	99.7886	0.0013	0.002	0.0054	0.0189	0.0569	0.1038	0.1384	0.2552	0.2215	0.1327	0.043	0.0166	0.0041
