Allele	BoLA_DRB3_083_01
Type	Standard
n_specificities	1
npep_u	1
npep_t	5000
spec_ids	1
L_core	9
L_N	0
L_C	0
CS_perL	1
pepL_lower	12
pepL_upper	21
n_diff_aa	20

PWM_norm.1	P1	P2	P3	P4	P5	P6	P7	P8	P9
A	0.0934	0.9786	1.5224	2.6563	0.689	0.802	1.4924	0.9162	0.6414
C	0.049	0.1182	0.2463	0.2452	0.0818	0.1257	0.1769	0.0927	0.172
D	0.0361	0.5555	0.2322	1.7577	0.823	0.921	0.58	0.6166	0.4687
E	0.0576	1.1065	0.5466	0.4134	1.3401	0.6654	0.7369	0.7327	0.626
F	8.2964	0.8442	1.3381	0.6345	0.4613	0.2022	1.1529	0.2443	1.2719
G	0.0619	0.3341	0.4073	0.4665	0.6787	0.2123	1.5831	0.7801	0.1816
H	0.1244	1.4506	0.7173	1.4459	1.3275	1.4862	1.5667	0.9705	0.1944
I	2.7704	1.5874	2.4065	0.6625	1.3578	1.8797	1.059	1.5146	4.0605
K	0.0618	1.7251	0.9092	0.1339	2.39	2.973	1.1491	1.6041	0.208
L	1.3527	0.856	0.9653	0.2629	0.9519	0.9843	1.0945	1.2326	2.7957
M	0.9209	0.5286	1.4668	0.2389	0.6814	0.6452	0.7898	0.7715	1.9084
N	0.0713	1.0179	0.8709	2.6153	0.7191	1.0206	1.0576	1.0745	0.3369
P	0.0388	0.0529	1.2231	0.0848	0.5798	0.3952	0.732	1.7534	0.0957
Q	0.0536	1.1967	1.0822	0.4368	1.1271	0.9329	0.63	1.138	0.5116
R	0.0379	1.746	0.8533	0.1015	1.3148	1.9876	1.1053	1.2046	0.4825
S	0.0414	0.7128	0.9	2.5128	0.4782	0.3345	0.7561	0.4978	0.2172
T	0.0773	1.1169	0.6741	1.8712	1.0568	1.0228	0.8727	0.9604	0.491
V	0.9818	1.9381	1.429	1.5449	1.7289	1.9264	0.7815	1.2654	2.6093
W	4.5203	0.5113	0.6712	0.1507	0.2974	0.1342	1.1078	0.1237	0.9433
Y	10.5593	1.1473	1.7827	0.1531	0.6737	0.2185	1.5792	1.0328	1.2802

pepL	alpha	w_s
12	99.5307	0.083	0.1488	0	0.3949	0.3734
13	98.9575	0.0263	0.0764	0.2382	0.4675	0.1916
14	98.3294	0.0043	0.0259	0.161	0	0.4702	0.2977	0.0409
15	98.0139	0.0017	0.0096	0.0839	0.376	0.4093	0.0998	0.0197
16	98.2233	8e-04	0.0022	0.03	0.2337	0	0.5219	0.1563	0.0471	0.0079
17	98.735	8e-04	0.0019	0.0146	0.1152	0.4293	0.2806	0.114	0.0363	0.0072
18	99.2174	5e-04	0.0013	0.0066	0.0433	0.2908	0	0.3312	0.218	0.0767	0.0267	0.005
19	99.5133	0.001	0.0012	0.0074	0.029	0.145	0.2323	0.2918	0.1844	0.0762	0.0263	0.0055
20	99.691	0.001	0.0012	0.0048	0.0176	0.0704	0.1449	0	0.2809	0.2454	0.1596	0.0505	0.0192	0.0045
21	99.7886	0.0013	0.002	0.0054	0.0189	0.0569	0.1038	0.1383	0.2554	0.2215	0.1327	0.043	0.0166	0.0041
