Allele	BoLA_DRB3_068_01
Type	Standard
n_specificities	1
npep_u	1
npep_t	5000
spec_ids	1
L_core	9
L_N	0
L_C	0
CS_perL	1
pepL_lower	12
pepL_upper	21
n_diff_aa	20

PWM_norm.1	P1	P2	P3	P4	P5	P6	P7	P8	P9
A	0.1514	0.971	1.3774	0.9984	0.6293	0.4431	0.8634	1.1786	0.9834
C	0.0752	0.118	0.3387	0.2314	0.185	0.1112	0.1414	0.1131	0.4999
D	0.0461	0.5546	0.3711	2.5686	1.4712	1.0675	0.9123	0.5371	0.3335
E	0.034	1.1045	0.654	2.1813	1.5288	0.8568	1.2177	0.9166	0.2625
F	1.2848	0.8507	1.2456	1.5098	0.4263	0.1351	1.3713	0.6046	0.7492
G	0.0928	0.3361	0.4798	0.3245	0.6934	0.0904	0.4837	0.9621	0.3068
H	0.0565	1.4432	1.0124	0.8829	0.8341	0.1514	1.2339	1.5437	0.3817
I	8.7075	1.5947	2.0496	1.4695	1.3497	4.4555	1.8722	1.0119	2.1386
K	0.0468	1.7443	0.9983	0.1141	1.5574	0.0847	0.4256	1.5625	0.4425
L	2.8025	0.8388	0.944	0.5817	0.7584	2.551	0.9298	1.0918	2.554
M	1.498	0.5271	1.279	0.9021	1.0041	0.9281	0.7276	0.5453	1.1804
N	0.0555	1.0223	0.8029	1.4795	0.7913	1.0458	1.8054	0.8962	1.0753
P	0.0887	0.0548	1.076	0.1541	0.9202	0.1781	2.0857	1.2711	0.084
Q	0.0383	1.2417	1.113	1.1365	1.0338	0.5363	0.8573	1.0865	0.4149
R	0.0451	1.734	0.9674	0.1054	1.4236	0.0769	0.4228	1.4361	0.5529
S	0.0404	0.7046	0.728	1.2977	0.6293	0.2366	0.5723	0.7431	0.4321
T	0.1519	1.109	0.8119	1.2505	1.1061	0.8149	0.9676	0.862	0.7033
V	3.4569	1.94	1.5686	1.3831	1.4802	3.6424	1.226	0.984	3.4227
W	0.3205	0.5062	0.7858	0.4444	0.315	0.0702	0.6759	0.333	0.127
Y	0.1975	1.153	1.8626	0.3903	0.8234	0.233	1.3481	1.0692	2.175

pepL	alpha	w_s
12	99.5307	0.083	0.1488	0	0.3949	0.3733
13	98.9574	0.0263	0.0764	0.2382	0.4675	0.1916
14	98.3293	0.0043	0.0259	0.161	0	0.4702	0.2976	0.0409
15	98.0138	0.0017	0.0096	0.0839	0.3761	0.4093	0.0998	0.0197
16	98.2233	8e-04	0.0022	0.03	0.2337	0	0.522	0.1562	0.0472	0.0079
17	98.7349	8e-04	0.0019	0.0146	0.1152	0.4294	0.2806	0.114	0.0362	0.0072
18	99.2174	5e-04	0.0013	0.0066	0.0433	0.2908	0	0.3312	0.218	0.0767	0.0267	0.005
19	99.5134	0.001	0.0012	0.0074	0.029	0.145	0.2323	0.2917	0.1843	0.0762	0.0263	0.0055
20	99.6911	0.001	0.0012	0.0048	0.0176	0.0704	0.1449	0	0.2809	0.2453	0.1596	0.0505	0.0192	0.0045
21	99.7886	0.0013	0.002	0.0054	0.0189	0.0569	0.1038	0.1384	0.2552	0.2215	0.1327	0.043	0.0166	0.0041
