Allele	BoLA_DRB3_019_04
Type	Standard
n_specificities	1
npep_u	1
npep_t	5000
spec_ids	1
L_core	9
L_N	0
L_C	0
CS_perL	1
pepL_lower	12
pepL_upper	21
n_diff_aa	20

PWM_norm.1	P1	P2	P3	P4	P5	P6	P7	P8	P9
A	0.0896	0.971	1.4815	1.7721	0.9617	1.7939	0.8349	0.9909	0.6693
C	0.0511	0.118	0.3191	0.4405	0.2741	0.3037	0.2441	0.0866	0.2873
D	0.0347	0.5546	0.4037	0.294	1.6422	0.4184	0.7706	0.6026	1.7518
E	0.0549	1.1045	0.6979	0.4279	1.3864	0.5447	1.6001	1.1136	1.1729
F	8.5177	0.8507	1.0737	1.0475	0.6099	0.3824	0.84	0.5806	1.0538
G	0.0609	0.3361	0.5972	0.2064	0.7351	1.0064	0.7959	0.719	0.357
H	0.1257	1.4432	0.7858	0.3008	1.0586	1.0864	1.5286	1.065	0.5366
I	2.7942	1.5947	2.2462	3.1297	1.0011	1.5946	1.177	1.1982	2.4985
K	0.0562	1.7443	0.9462	0.1592	1.5749	1.259	0.9547	1.5647	0.1615
L	1.3764	0.8388	0.9202	2.1411	0.488	0.7676	1.2611	1.3762	2.155
M	0.9048	0.5271	1.333	1.4383	0.7081	0.6115	0.9363	0.7545	1.298
N	0.0706	1.0223	0.8979	0.925	1.1782	1.0293	2.2356	0.8248	0.7973
P	0.0383	0.0548	1.1284	0.051	1.2803	1.165	0.5694	1.2557	0.1312
Q	0.0511	1.2417	0.8793	0.3992	1.0063	0.9026	1.271	1.2326	0.4715
R	0.0397	1.734	0.8779	0.0982	1.0478	1.0529	0.564	1.1932	0.1843
S	0.0409	0.7046	0.8629	1.0339	0.8577	0.6275	0.733	0.6399	0.4339
T	0.0763	1.109	0.7902	1.0204	1.2352	1.3473	0.6654	0.8056	0.6584
V	0.9921	1.94	1.4579	2.7048	0.8782	2.0322	1.1224	1.1018	2.6804
W	4.4804	0.5062	0.5861	0.2754	0.6105	0.227	0.6765	0.32	0.2568
Y	10.1766	1.153	1.744	0.2745	0.8795	0.2685	1.1252	1.0527	1.4824

pepL	alpha	w_s
12	99.5307	0.083	0.1488	0	0.3949	0.3733
13	98.9574	0.0263	0.0764	0.2382	0.4675	0.1916
14	98.3293	0.0043	0.0259	0.161	0	0.4702	0.2976	0.0409
15	98.0138	0.0017	0.0096	0.0839	0.3761	0.4093	0.0998	0.0197
16	98.2233	8e-04	0.0022	0.03	0.2337	0	0.522	0.1562	0.0472	0.0079
17	98.7349	8e-04	0.0019	0.0146	0.1152	0.4294	0.2806	0.114	0.0362	0.0072
18	99.2174	5e-04	0.0013	0.0066	0.0433	0.2908	0	0.3312	0.218	0.0767	0.0267	0.005
19	99.5134	0.001	0.0012	0.0074	0.029	0.145	0.2323	0.2917	0.1843	0.0762	0.0263	0.0055
20	99.6911	0.001	0.0012	0.0048	0.0176	0.0704	0.1449	0	0.2809	0.2453	0.1596	0.0505	0.0192	0.0045
21	99.7886	0.0013	0.002	0.0054	0.0189	0.0569	0.1038	0.1384	0.2552	0.2215	0.1327	0.043	0.0166	0.0041
