Allele	BoLA_DRB3_007_06
Type	Standard
n_specificities	1
npep_u	1
npep_t	5000
spec_ids	1
L_core	9
L_N	0
L_C	0
CS_perL	1
pepL_lower	12
pepL_upper	21
n_diff_aa	20

PWM_norm.1	P1	P2	P3	P4	P5	P6	P7	P8	P9
A	0.1598	1.2763	1.4713	2.2905	0.9885	3.6	1.0038	0.9805	0.463
C	0.0686	0.1405	0.1474	0.2372	0.1827	0.3937	0.1436	0.1459	0.1863
D	0.0465	0.7383	0.1817	0.1724	1.0928	0.7283	0.535	0.6786	0.1083
E	0.0361	1.5	0.4916	0.2385	1.179	1.3223	0.6846	0.7512	0.0726
F	1.2075	0.8432	1.2117	1.1127	0.4055	0.1752	1.3266	0.4879	1.7748
G	0.0913	0.4409	0.4747	0.1985	0.6471	2.4663	1.051	0.8153	0.1106
H	0.0557	1.5903	0.8973	0.8803	1.1499	0.2006	2.3409	0.9494	0.1179
I	8.8482	1.1394	1.8868	2.3633	1.0263	0.5353	1.1659	1.3566	5.333
K	0.0511	1.2703	1.0158	0.2158	2.038	0.0836	1.6876	1.585	0.064
L	2.6807	0.7134	0.9254	1.777	0.6086	0.2741	1.2775	1.0225	2.8482
M	1.5984	0.6048	1.0897	0.9993	0.7124	0.2613	0.9287	0.8048	1.0788
N	0.0572	1.1087	0.7578	0.5134	1.021	1.5926	1.1803	1.1559	0.3028
P	0.0827	0.0739	1.2548	0.0663	0.9466	0.8765	0.8616	1.5918	0.0769
Q	0.0401	1.3137	1.2646	0.2183	0.9455	0.7571	0.9863	1.0076	0.1678
R	0.0421	1.352	1.2108	0.1001	1.4861	0.0888	1.614	1.2815	0.0585
S	0.0434	0.8751	0.9184	1.4929	0.8156	1.2744	0.4366	0.6796	0.1176
T	0.1511	1.279	0.6013	1.5196	1.183	1.0128	0.5097	1.06	0.4209
V	3.5484	1.5337	1.4749	2.7931	1.3534	0.9665	0.6478	1.1414	4.0278
W	0.3015	0.651	0.7354	0.2515	0.4302	0.0627	1.0168	0.2409	0.3949
Y	0.2197	1.2012	2.0953	0.2134	0.7798	0.1302	1.1815	1.1115	1.3005

pepL	alpha	w_s
12	99.5307	0.083	0.1488	0	0.3949	0.3734
13	98.9575	0.0263	0.0764	0.2382	0.4675	0.1916
14	98.3294	0.0043	0.0259	0.161	0	0.4702	0.2977	0.0409
15	98.0139	0.0017	0.0096	0.0839	0.376	0.4093	0.0998	0.0197
16	98.2233	8e-04	0.0022	0.03	0.2337	0	0.5219	0.1563	0.0471	0.0079
17	98.735	8e-04	0.0019	0.0146	0.1152	0.4293	0.2806	0.114	0.0363	0.0072
18	99.2174	5e-04	0.0013	0.0066	0.0433	0.2908	0	0.3312	0.218	0.0767	0.0267	0.005
19	99.5133	0.001	0.0012	0.0074	0.029	0.145	0.2323	0.2918	0.1844	0.0762	0.0263	0.0055
20	99.691	0.001	0.0012	0.0048	0.0176	0.0704	0.1449	0	0.2809	0.2454	0.1596	0.0505	0.0192	0.0045
21	99.7886	0.0013	0.002	0.0054	0.0189	0.0569	0.1038	0.1383	0.2554	0.2215	0.1327	0.043	0.0166	0.0041
