Allele	BoLA_DRB3_024_16
Type	Standard
n_specificities	1
npep_u	1
npep_t	5000
spec_ids	1
L_core	9
L_N	0
L_C	0
CS_perL	1
pepL_lower	12
pepL_upper	21
n_diff_aa	20

PWM_norm.1	P1	P2	P3	P4	P5	P6	P7	P8	P9
A	0.0896	1.2434	1.5322	2.4167	1.1217	2.9064	1.2329	1.0316	1.0758
C	0.0511	0.1256	0.1895	0.192	0.2062	0.648	0.1611	0.0921	0.1288
D	0.0347	0.7599	0.2215	0.1572	1.2336	0.7116	0.6094	0.667	3.8576
E	0.0549	1.476	0.5199	0.2741	1.049	0.6853	0.6683	1.0585	3.54
F	8.5177	0.8604	1.1446	1.2468	0.513	0.4138	1.2055	0.5554	0.5467
G	0.0609	0.4364	0.5464	0.2197	0.6012	2.0832	1.3459	0.8469	1.3748
H	0.1257	1.7059	0.9704	1.1628	1.1671	0.3147	1.9494	1.2916	0.8772
I	2.7942	1.1685	1.8358	2.1621	1.0766	0.9656	1.2415	1.1125	0.5788
K	0.0562	1.2765	0.931	0.2362	1.7967	0.1423	1.4173	1.4686	0.2707
L	1.3764	0.714	0.9481	1.6862	0.748	0.5153	1.3797	1.2311	0.3725
M	0.9048	0.599	1.0951	0.7944	0.7697	0.5018	1.1176	0.6151	0.6081
N	0.0706	1.1747	0.7457	0.3376	1.0827	1.4252	0.9398	0.8748	0.5382
P	0.0383	0.0702	1.1061	0.073	0.8814	1.1125	0.827	1.3342	0.2604
Q	0.0511	1.3505	1.1707	0.222	0.9284	0.8507	0.9615	1.1475	1.7329
R	0.0397	1.3395	1.2286	0.1046	1.3312	0.1213	1.4702	1.3806	0.2995
S	0.0409	0.8827	0.9151	1.5591	0.7596	1.2393	0.4346	0.6195	0.6196
T	0.0763	1.3029	0.6302	1.5169	1.0236	1.0936	0.4819	0.8099	0.4556
V	0.9921	1.3802	1.4996	2.7565	1.4822	1.4702	0.6774	1.0382	0.5183
W	4.4804	0.7307	0.8455	0.2417	0.5121	0.1776	1.1741	0.3348	0.2018
Y	10.1766	1.2606	2.1217	0.2259	0.9496	0.2578	0.9048	1.171	0.473

pepL	alpha	w_s
12	99.5307	0.083	0.1488	0	0.3949	0.3733
13	98.9574	0.0263	0.0764	0.2382	0.4675	0.1916
14	98.3293	0.0043	0.0259	0.161	0	0.4702	0.2976	0.0409
15	98.0138	0.0017	0.0096	0.0839	0.3761	0.4093	0.0998	0.0197
16	98.2233	8e-04	0.0022	0.03	0.2337	0	0.522	0.1562	0.0472	0.0079
17	98.7349	8e-04	0.0019	0.0146	0.1152	0.4294	0.2806	0.114	0.0362	0.0072
18	99.2174	5e-04	0.0013	0.0066	0.0433	0.2908	0	0.3312	0.218	0.0767	0.0267	0.005
19	99.5134	0.001	0.0012	0.0074	0.029	0.145	0.2323	0.2917	0.1843	0.0762	0.0263	0.0055
20	99.6911	0.001	0.0012	0.0048	0.0176	0.0704	0.1449	0	0.2809	0.2453	0.1596	0.0505	0.0192	0.0045
21	99.7886	0.0013	0.002	0.0054	0.0189	0.0569	0.1038	0.1384	0.2552	0.2215	0.1327	0.043	0.0166	0.0041
