Allele	BoLA_DRB3_020_02_02
Type	Standard
n_specificities	1
npep_u	1
npep_t	5000
spec_ids	1
L_core	9
L_N	0
L_C	0
CS_perL	1
pepL_lower	12
pepL_upper	21
n_diff_aa	20

PWM_norm.1	P1	P2	P3	P4	P5	P6	P7	P8	P9
A	0.0896	0.971	1.5087	0.2125	1.093	2.9064	1.1139	1.1786	2.0367
C	0.0511	0.118	0.2912	0.0505	0.3338	0.648	0.229	0.1131	0.6994
D	0.0347	0.5546	0.3144	0.0366	1.2103	0.7116	0.7519	0.5371	0.5755
E	0.0549	1.1045	0.6243	0.1105	0.9044	0.6853	0.7113	0.9166	0.537
F	8.5177	0.8507	0.9848	0.469	0.6641	0.4138	1.2403	0.6046	0.7693
G	0.0609	0.3361	0.659	0.0297	0.8152	2.0832	1.1632	0.9621	1.7156
H	0.1257	1.4432	0.9172	0.0356	1.1114	0.3147	1.802	1.5437	0.5137
I	2.7942	1.5947	1.9613	1.8418	0.9328	0.9656	1.2586	1.0119	1.2609
K	0.0562	1.7443	0.9043	0.0311	1.5138	0.1423	1.3817	1.5625	0.3839
L	1.3764	0.8388	0.9473	7.8891	0.5331	0.5153	1.1872	1.0918	0.9696
M	0.9048	0.5271	1.0933	1.992	0.8884	0.5018	1.0579	0.5453	0.9977
N	0.0706	1.0223	0.8202	0.0433	1.3866	1.4252	1.1572	0.8962	0.9843
P	0.0383	0.0548	0.9039	0.0102	1.4609	1.1125	1.057	1.2711	0.2828
Q	0.0511	1.2417	1.1323	0.1745	0.929	0.8507	1.0132	1.0865	0.6322
R	0.0397	1.734	1.2915	0.0229	1.1429	0.1213	1.3373	1.4361	0.5142
S	0.0409	0.7046	0.8634	0.0466	1.0243	1.2393	0.4949	0.7431	1.3653
T	0.0763	1.109	0.8764	0.0846	1.1893	1.0936	0.5418	0.862	1.2617
V	0.9921	1.94	1.4038	0.4614	0.9047	1.4702	0.7561	0.984	1.7823
W	4.4804	0.5062	0.8324	0.0538	0.6566	0.1776	1.3673	0.333	0.2154
Y	10.1766	1.153	1.6843	0.1936	0.9002	0.2578	0.9061	1.0692	0.9439

pepL	alpha	w_s
12	99.5307	0.083	0.1488	0	0.3949	0.3733
13	98.9574	0.0263	0.0764	0.2382	0.4675	0.1916
14	98.3293	0.0043	0.0259	0.161	0	0.4702	0.2976	0.0409
15	98.0138	0.0017	0.0096	0.0839	0.3761	0.4093	0.0998	0.0197
16	98.2233	8e-04	0.0022	0.03	0.2337	0	0.522	0.1562	0.0472	0.0079
17	98.7349	8e-04	0.0019	0.0146	0.1152	0.4294	0.2806	0.114	0.0362	0.0072
18	99.2174	5e-04	0.0013	0.0066	0.0433	0.2908	0	0.3312	0.218	0.0767	0.0267	0.005
19	99.5134	0.001	0.0012	0.0074	0.029	0.145	0.2323	0.2917	0.1843	0.0762	0.0263	0.0055
20	99.6911	0.001	0.0012	0.0048	0.0176	0.0704	0.1449	0	0.2809	0.2453	0.1596	0.0505	0.0192	0.0045
21	99.7886	0.0013	0.002	0.0054	0.0189	0.0569	0.1038	0.1384	0.2552	0.2215	0.1327	0.043	0.0166	0.0041
