Allele	BoLA_DRB3_097_06
Type	Standard
n_specificities	1
npep_u	1
npep_t	5000
spec_ids	1
L_core	9
L_N	0
L_C	0
CS_perL	1
pepL_lower	12
pepL_upper	21
n_diff_aa	20

PWM_norm.1	P1	P2	P3	P4	P5	P6	P7	P8	P9
A	0.0896	1.3819	1.5994	2.2896	0.9695	2.2483	0.8246	1.1386	1.0899
C	0.0511	0.0859	0.1646	0.2271	0.2533	0.2919	0.1775	0.1111	0.3933
D	0.0347	0.6727	0.2153	0.2541	0.8951	0.7515	0.6552	0.5239	0.2002
E	0.0549	1.7044	0.5717	0.2275	1.1899	2.4936	1.0361	0.7809	0.176
F	8.5177	0.8393	1.164	2.0391	0.5219	0.2402	1.4561	0.4269	0.4411
G	0.0609	0.4529	0.5957	0.3328	0.8983	1.1035	0.5351	0.9269	0.2049
H	0.1257	1.6694	1.1105	1.5461	1.1403	0.136	1.7199	1.2675	0.2416
I	2.7942	0.9773	1.7342	1.9913	0.7476	1.4594	1.2208	1.2269	2.9233
K	0.0562	1.1873	0.9298	0.2141	1.7341	0.0722	1.3125	1.583	0.2329
L	1.3764	0.683	0.897	1.2671	0.5147	0.9647	1.1966	1.0731	2.9367
M	0.9048	0.4878	0.9682	0.8545	0.6371	0.5279	0.8011	0.6623	0.7247
N	0.0706	1.3314	0.7308	0.4155	1.3653	1.4126	1.7322	1.001	0.8067
P	0.0383	0.0706	1.2131	0.1246	1.4297	0.5677	1.1012	1.511	0.0705
Q	0.0511	1.3149	1.1684	0.1872	0.9741	0.9773	1.4523	1.0428	0.3396
R	0.0397	1.2296	1.0696	0.1142	1.2391	0.0808	1.1401	1.3415	0.3681
S	0.0409	0.9684	0.9158	1.6163	0.9503	0.8606	0.5385	0.6948	0.3086
T	0.0763	1.4653	0.5839	1.4785	1.2435	0.8584	0.6136	0.9725	0.6494
V	0.9921	1.1942	1.4295	2.6601	1.0223	1.6573	0.9686	1.0962	4.2428
W	4.4804	0.4664	0.9497	0.4422	0.7385	0.1014	0.9661	0.2239	0.0632
Y	10.1766	1.2296	2.3325	0.4403	0.7792	0.215	0.8755	1.0252	0.9691

pepL	alpha	w_s
12	99.5307	0.083	0.1488	0	0.3949	0.3733
13	98.9574	0.0263	0.0764	0.2382	0.4675	0.1916
14	98.3293	0.0043	0.0259	0.161	0	0.4702	0.2976	0.0409
15	98.0138	0.0017	0.0096	0.0839	0.3761	0.4093	0.0998	0.0197
16	98.2233	8e-04	0.0022	0.03	0.2337	0	0.522	0.1562	0.0472	0.0079
17	98.7349	8e-04	0.0019	0.0146	0.1152	0.4294	0.2806	0.114	0.0362	0.0072
18	99.2174	5e-04	0.0013	0.0066	0.0433	0.2908	0	0.3312	0.218	0.0767	0.0267	0.005
19	99.5134	0.001	0.0012	0.0074	0.029	0.145	0.2323	0.2917	0.1843	0.0762	0.0263	0.0055
20	99.6911	0.001	0.0012	0.0048	0.0176	0.0704	0.1449	0	0.2809	0.2453	0.1596	0.0505	0.0192	0.0045
21	99.7886	0.0013	0.002	0.0054	0.0189	0.0569	0.1038	0.1384	0.2552	0.2215	0.1327	0.043	0.0166	0.0041
