Allele	BoLA_DRB3_024_30
Type	Standard
n_specificities	1
npep_u	1
npep_t	5000
spec_ids	1
L_core	9
L_N	0
L_C	0
CS_perL	1
pepL_lower	12
pepL_upper	21
n_diff_aa	20

PWM_norm.1	P1	P2	P3	P4	P5	P6	P7	P8	P9
A	0.1514	1.2265	1.5591	1.9877	1.1529	2.9064	1.1139	1.1786	2.0254
C	0.0752	0.1146	0.1564	0.2368	0.328	0.648	0.229	0.1131	0.6878
D	0.0461	0.7134	0.1942	0.2237	1.2319	0.7116	0.7519	0.5371	0.2975
E	0.034	1.5231	0.5153	0.2489	0.9599	0.6853	0.7113	0.9166	0.429
F	1.2848	0.8882	1.0755	1.7438	0.5828	0.4138	1.2403	0.6046	0.9225
G	0.0928	0.4298	0.4973	0.2543	0.7732	2.0832	1.1632	0.9621	1.2295
H	0.0565	1.6831	0.9013	0.8521	1.285	0.3147	1.802	1.5437	0.6021
I	8.7075	1.1406	1.8459	2.1917	0.8299	0.9656	1.2586	1.0119	1.4773
K	0.0468	1.289	0.9565	0.2596	1.4784	0.1423	1.3817	1.5625	0.4559
L	2.8025	0.7131	0.9693	2.1479	0.5658	0.5153	1.1872	1.0918	1.3758
M	1.498	0.5848	1.0755	1.0476	0.7384	0.5018	1.0579	0.5453	1.1896
N	0.0555	1.1324	0.733	0.4608	1.1871	1.4252	1.1572	0.8962	0.798
P	0.0887	0.0679	1.1493	0.0962	1.3745	1.1125	1.057	1.2711	0.2391
Q	0.0383	1.3528	1.2405	0.2331	0.9347	0.8507	1.0132	1.0865	0.924
R	0.0451	1.3721	1.3259	0.1229	1.1053	0.1213	1.3373	1.4361	0.8845
S	0.0404	0.8922	0.9151	1.2409	0.9311	1.2393	0.4949	0.7431	0.9974
T	0.1519	1.3182	0.5939	1.2154	1.0986	1.0936	0.5418	0.862	0.9347
V	3.4569	1.3895	1.5106	2.581	1.2155	1.4702	0.7561	0.984	1.9539
W	0.3205	0.6247	0.689	0.3486	0.995	0.1776	1.3673	0.333	0.2079
Y	0.1975	1.2606	1.9876	0.4869	1.0192	0.2578	0.9061	1.0692	1.0022

pepL	alpha	w_s
12	99.5307	0.083	0.1488	0	0.3949	0.3733
13	98.9574	0.0263	0.0764	0.2382	0.4675	0.1916
14	98.3293	0.0043	0.0259	0.161	0	0.4702	0.2976	0.0409
15	98.0138	0.0017	0.0096	0.0839	0.3761	0.4093	0.0998	0.0197
16	98.2233	8e-04	0.0022	0.03	0.2337	0	0.522	0.1562	0.0472	0.0079
17	98.7349	8e-04	0.0019	0.0146	0.1152	0.4294	0.2806	0.114	0.0362	0.0072
18	99.2174	5e-04	0.0013	0.0066	0.0433	0.2908	0	0.3312	0.218	0.0767	0.0267	0.005
19	99.5134	0.001	0.0012	0.0074	0.029	0.145	0.2323	0.2917	0.1843	0.0762	0.0263	0.0055
20	99.6911	0.001	0.0012	0.0048	0.0176	0.0704	0.1449	0	0.2809	0.2453	0.1596	0.0505	0.0192	0.0045
21	99.7886	0.0013	0.002	0.0054	0.0189	0.0569	0.1038	0.1384	0.2552	0.2215	0.1327	0.043	0.0166	0.0041
