Allele	BoLA_DRB3_024_03
Type	Standard
n_specificities	1
npep_u	1
npep_t	5000
spec_ids	1
L_core	9
L_N	0
L_C	0
CS_perL	1
pepL_lower	12
pepL_upper	21
n_diff_aa	20

PWM_norm.1	P1	P2	P3	P4	P5	P6	P7	P8	P9
A	0.0934	1.4655	1.5318	2.5284	1.0876	3.1636	1.2009	1.1812	2.8823
C	0.049	0.1005	0.1392	0.2149	0.2074	0.6463	0.177	0.116	0.236
D	0.0361	0.6538	0.2241	0.1791	1.3184	0.6567	0.6155	0.5499	0.4497
E	0.0576	1.7354	0.5674	0.1813	1.0411	0.7352	0.6848	0.9164	0.4846
F	8.2964	0.7927	1.1638	1.3809	0.4601	0.2533	1.2087	0.6052	0.2476
G	0.0619	0.46	0.5773	0.2402	0.653	2.07	1.2997	0.9468	2.954
H	0.1244	1.5931	1.0571	1.3508	1.0902	0.2484	1.8608	1.5282	0.883
I	2.7704	0.9289	1.689	2.0318	1.0535	0.8485	1.2498	1.0162	0.3248
K	0.0618	1.1939	1.0076	0.2002	1.7722	0.106	1.4455	1.5537	0.2833
L	1.3527	0.6749	0.883	1.0905	0.6836	0.4411	1.3499	1.0855	0.1751
M	0.9209	0.4812	0.9181	0.7531	0.7618	0.3883	1.13	0.5538	0.3138
N	0.0713	1.3847	0.7311	0.4721	1.1166	1.5386	1.0157	0.9038	0.9326
P	0.0388	0.0719	1.3136	0.1025	0.9919	1.171	0.9359	1.2759	0.3804
Q	0.0536	1.2558	1.2127	0.1619	0.8832	0.7341	0.9254	1.0813	2.8359
R	0.0379	1.2263	1.075	0.0863	1.3174	0.0925	1.3924	1.4304	0.2655
S	0.0414	0.96	0.9193	1.9664	0.8012	1.3109	0.4507	0.746	2.1883
T	0.0773	1.4589	0.6104	1.8064	1.1115	1.2033	0.5087	0.863	0.6405
V	0.9818	1.2283	1.4136	2.7838	1.4066	1.4252	0.6771	0.997	0.4338
W	4.5203	0.3642	0.8516	0.2745	0.546	0.0979	1.0293	0.3334	0.0731
Y	10.5593	1.2166	2.3047	0.1808	0.9046	0.1678	0.9712	1.0766	0.2052

pepL	alpha	w_s
12	99.5307	0.083	0.1488	0	0.3949	0.3734
13	98.9575	0.0263	0.0764	0.2382	0.4675	0.1916
14	98.3294	0.0043	0.0259	0.161	0	0.4702	0.2977	0.0409
15	98.0139	0.0017	0.0096	0.0839	0.376	0.4093	0.0998	0.0197
16	98.2233	8e-04	0.0022	0.03	0.2337	0	0.5219	0.1563	0.0471	0.0079
17	98.735	8e-04	0.0019	0.0146	0.1152	0.4293	0.2806	0.114	0.0363	0.0072
18	99.2174	5e-04	0.0013	0.0066	0.0433	0.2908	0	0.3312	0.218	0.0767	0.0267	0.005
19	99.5133	0.001	0.0012	0.0074	0.029	0.145	0.2323	0.2918	0.1844	0.0762	0.0263	0.0055
20	99.691	0.001	0.0012	0.0048	0.0176	0.0704	0.1449	0	0.2809	0.2454	0.1596	0.0505	0.0192	0.0045
21	99.7886	0.0013	0.002	0.0054	0.0189	0.0569	0.1038	0.1383	0.2554	0.2215	0.1327	0.043	0.0166	0.0041
