Allele	BoLA_DRB3_041_01
Type	Standard
n_specificities	1
npep_u	1
npep_t	5000
spec_ids	1
L_core	9
L_N	0
L_C	0
CS_perL	1
pepL_lower	12
pepL_upper	21
n_diff_aa	20

PWM_norm.1	P1	P2	P3	P4	P5	P6	P7	P8	P9
A	0.0934	0.9786	1.3422	0.5763	0.9203	0.5075	0.9169	1.1812	2.8823
C	0.049	0.1182	0.3683	0.2071	0.2835	0.1478	0.1629	0.116	0.236
D	0.0361	0.5555	0.3956	0.4976	1.2416	7.2912	2.3864	0.5499	0.4497
E	0.0576	1.1065	0.6612	0.6481	1.1853	0.8797	1.534	0.9164	0.4846
F	8.2964	0.8442	1.252	5.9177	0.5198	0.1193	0.9793	0.6052	0.2476
G	0.0619	0.3341	0.4953	0.2181	0.766	0.272	1.1939	0.9468	2.954
H	0.1244	1.4506	0.7492	1.2077	0.9372	0.8391	1.1924	1.5282	0.883
I	2.7704	1.5874	2.2618	1.4065	0.9986	0.6301	1.3432	1.0162	0.3248
K	0.0618	1.7251	1.0314	0.3056	1.6058	0.3214	0.5264	1.5537	0.2833
L	1.3527	0.856	0.9544	1.0114	0.5348	0.2365	0.971	1.0855	0.1751
M	0.9209	0.5286	1.2184	2.0094	0.7149	0.3411	1.6011	0.5538	0.3138
N	0.0713	1.0179	0.6998	0.5227	1.1338	4.3662	1.4719	0.9038	0.9326
P	0.0388	0.0529	1.012	0.0681	1.5236	0.1899	0.5798	1.2759	0.3804
Q	0.0536	1.1967	0.7209	0.765	1.021	0.5159	1.0355	1.0813	2.8359
R	0.0379	1.746	0.7354	0.282	1.252	0.2154	0.5904	1.4304	0.2655
S	0.0414	0.7128	0.9833	0.3804	0.9217	0.9717	0.6791	0.746	2.1883
T	0.0773	1.1169	0.7518	0.45	1.2301	1.6506	0.7858	0.863	0.6405
V	0.9818	1.9381	1.6228	0.9156	0.9331	0.7315	0.6644	0.997	0.4338
W	4.5203	0.5113	0.7128	4.9107	0.4916	0.0707	0.4086	0.3334	0.0731
Y	10.5593	1.1473	2.3975	6.1129	0.9332	0.1269	1.0314	1.0766	0.2052

pepL	alpha	w_s
12	99.5307	0.083	0.1488	0	0.3949	0.3734
13	98.9575	0.0263	0.0764	0.2382	0.4675	0.1916
14	98.3294	0.0043	0.0259	0.161	0	0.4702	0.2977	0.0409
15	98.0139	0.0017	0.0096	0.0839	0.376	0.4093	0.0998	0.0197
16	98.2233	8e-04	0.0022	0.03	0.2337	0	0.5219	0.1563	0.0471	0.0079
17	98.735	8e-04	0.0019	0.0146	0.1152	0.4293	0.2806	0.114	0.0363	0.0072
18	99.2174	5e-04	0.0013	0.0066	0.0433	0.2908	0	0.3312	0.218	0.0767	0.0267	0.005
19	99.5133	0.001	0.0012	0.0074	0.029	0.145	0.2323	0.2918	0.1844	0.0762	0.0263	0.0055
20	99.691	0.001	0.0012	0.0048	0.0176	0.0704	0.1449	0	0.2809	0.2454	0.1596	0.0505	0.0192	0.0045
21	99.7886	0.0013	0.002	0.0054	0.0189	0.0569	0.1038	0.1383	0.2554	0.2215	0.1327	0.043	0.0166	0.0041
