Allele	BoLA_DRB3_008_02
Type	Standard
n_specificities	1
npep_u	1
npep_t	5000
spec_ids	1
L_core	9
L_N	0
L_C	0
CS_perL	1
pepL_lower	12
pepL_upper	21
n_diff_aa	20

PWM_norm.1	P1	P2	P3	P4	P5	P6	P7	P8	P9
A	0.1598	0.9786	1.448	1.0199	0.861	1.0761	1.0581	0.936	0.9055
C	0.0686	0.1182	0.2674	0.1501	0.3024	0.2084	0.081	0.0788	0.2585
D	0.0465	0.5555	0.409	0.2662	0.7542	0.9654	0.3044	0.6555	1.6027
E	0.0361	1.1065	0.6693	0.3452	0.8687	0.452	0.3711	0.802	1.1439
F	1.2075	0.8442	1.0879	2.4888	0.5946	0.3847	1.2507	0.3425	2.1622
G	0.0913	0.3341	0.5305	0.3825	0.856	0.4797	1.0515	0.72	0.5452
H	0.0557	1.4506	0.7946	5.0446	1.5731	0.9601	4.7045	0.82	0.6761
I	8.8482	1.5874	2.3718	0.9949	0.8586	1.694	1.2384	1.616	2.3009
K	0.0511	1.7251	1.1947	2.3032	2.0237	2.9551	2.0371	1.7238	0.3012
L	2.6807	0.856	0.8803	0.5248	0.6732	0.9584	1.0113	1.3143	1.4174
M	1.5984	0.5286	1.3568	0.9368	0.992	0.7191	0.6242	0.7541	1.7544
N	0.0572	1.0179	0.7024	0.8733	1.3441	0.8568	1.3083	1.0277	0.7309
P	0.0827	0.0529	1.2009	0.0753	1.3546	0.5271	0.272	1.516	0.2798
Q	0.0401	1.1967	0.7427	0.846	1.2838	0.7565	0.9013	1.1369	0.7069
R	0.0421	1.746	0.976	1.4794	1.0773	1.7174	2.0782	1.1275	0.4101
S	0.0434	0.7128	1.0313	0.4416	0.7375	0.5548	0.4207	0.5918	0.4019
T	0.1511	1.1169	0.872	0.7163	1.2401	1.2083	0.5296	0.8398	0.6562
V	3.5484	1.9381	1.213	0.999	0.9034	1.5527	0.6661	1.2703	2.096
W	0.3015	0.5113	0.493	4.0468	0.8369	0.3918	0.7271	0.1596	0.705
Y	0.2197	1.1473	1.4839	1.9363	0.9448	0.3781	1.0186	0.8963	1.5896

pepL	alpha	w_s
12	99.5307	0.083	0.1488	0	0.3949	0.3734
13	98.9575	0.0263	0.0764	0.2382	0.4675	0.1916
14	98.3294	0.0043	0.0259	0.161	0	0.4702	0.2977	0.0409
15	98.0139	0.0017	0.0096	0.0839	0.376	0.4093	0.0998	0.0197
16	98.2233	8e-04	0.0022	0.03	0.2337	0	0.5219	0.1563	0.0471	0.0079
17	98.735	8e-04	0.0019	0.0146	0.1152	0.4293	0.2806	0.114	0.0363	0.0072
18	99.2174	5e-04	0.0013	0.0066	0.0433	0.2908	0	0.3312	0.218	0.0767	0.0267	0.005
19	99.5133	0.001	0.0012	0.0074	0.029	0.145	0.2323	0.2918	0.1844	0.0762	0.0263	0.0055
20	99.691	0.001	0.0012	0.0048	0.0176	0.0704	0.1449	0	0.2809	0.2454	0.1596	0.0505	0.0192	0.0045
21	99.7886	0.0013	0.002	0.0054	0.0189	0.0569	0.1038	0.1383	0.2554	0.2215	0.1327	0.043	0.0166	0.0041
