Allele	BoLA_DRB3_097_03
Type	Standard
n_specificities	1
npep_u	1
npep_t	5000
spec_ids	1
L_core	9
L_N	0
L_C	0
CS_perL	1
pepL_lower	12
pepL_upper	21
n_diff_aa	20

PWM_norm.1	P1	P2	P3	P4	P5	P6	P7	P8	P9
A	0.0896	1.3819	1.5994	2.5519	0.8695	1.3044	0.7788	1.1386	2.3693
C	0.0511	0.0859	0.1646	0.2206	0.1581	0.2087	0.1931	0.1111	0.4494
D	0.0347	0.6727	0.2153	0.2869	1.1911	1.2149	0.5819	0.5239	0.7953
E	0.0549	1.7044	0.5717	0.2206	1.391	2.897	1.1137	0.7809	0.6505
F	8.5177	0.8393	1.164	1.6847	0.422	0.2461	1.3485	0.4269	0.2375
G	0.0609	0.4529	0.5957	0.3392	0.6557	0.6948	0.5828	0.9269	1.4376
H	0.1257	1.6694	1.1105	2.0869	1.0467	0.2083	2.1713	1.2675	0.7505
I	2.7942	0.9773	1.7342	1.6901	0.8215	1.826	1.2271	1.2269	1.2438
K	0.0562	1.1873	0.9298	0.2391	1.9408	0.0811	1.5279	1.583	0.7135
L	1.3764	0.683	0.897	0.6621	0.5164	0.9856	1.2999	1.0731	0.9631
M	0.9048	0.4878	0.9682	0.6153	0.4575	0.6354	0.8053	0.6623	0.5058
N	0.0706	1.3314	0.7308	0.3779	1.3641	1.8896	1.579	1.001	1.4845
P	0.0383	0.0706	1.2131	0.1344	1.1645	0.4278	0.6508	1.511	0.322
Q	0.0511	1.3149	1.1684	0.1797	1.0043	1.0282	1.5508	1.0428	1.456
R	0.0397	1.2296	1.0696	0.1112	1.494	0.0927	1.12	1.3415	0.7558
S	0.0409	0.9684	0.9158	2.0423	0.8693	0.8383	0.4979	0.6948	1.0358
T	0.0763	1.4653	0.5839	1.8959	1.1622	1.006	0.6376	0.9725	0.7807
V	0.9921	1.1942	1.4295	2.7178	1.1397	1.6378	0.9447	1.0962	1.5827
W	4.4804	0.4664	0.9497	0.3931	0.3899	0.1285	0.8367	0.2239	0.0768
Y	10.1766	1.2296	2.3325	0.2608	0.7791	0.3173	0.9686	1.0252	0.2379

pepL	alpha	w_s
12	99.5307	0.083	0.1488	0	0.3949	0.3733
13	98.9574	0.0263	0.0764	0.2382	0.4675	0.1916
14	98.3293	0.0043	0.0259	0.161	0	0.4702	0.2976	0.0409
15	98.0138	0.0017	0.0096	0.0839	0.3761	0.4093	0.0998	0.0197
16	98.2233	8e-04	0.0022	0.03	0.2337	0	0.522	0.1562	0.0472	0.0079
17	98.7349	8e-04	0.0019	0.0146	0.1152	0.4294	0.2806	0.114	0.0362	0.0072
18	99.2174	5e-04	0.0013	0.0066	0.0433	0.2908	0	0.3312	0.218	0.0767	0.0267	0.005
19	99.5134	0.001	0.0012	0.0074	0.029	0.145	0.2323	0.2917	0.1843	0.0762	0.0263	0.0055
20	99.6911	0.001	0.0012	0.0048	0.0176	0.0704	0.1449	0	0.2809	0.2453	0.1596	0.0505	0.0192	0.0045
21	99.7886	0.0013	0.002	0.0054	0.0189	0.0569	0.1038	0.1384	0.2552	0.2215	0.1327	0.043	0.0166	0.0041
