Allele	BoLA_DRB3_024_23
Type	Standard
n_specificities	1
npep_u	1
npep_t	5000
spec_ids	1
L_core	9
L_N	0
L_C	0
CS_perL	1
pepL_lower	12
pepL_upper	21
n_diff_aa	20

PWM_norm.1	P1	P2	P3	P4	P5	P6	P7	P8	P9
A	0.1598	1.4655	1.5318	1.6363	0.9667	1.3532	1.1099	1.1812	2.8823
C	0.0686	0.1005	0.1392	0.2761	0.1631	0.4468	0.2226	0.116	0.236
D	0.0465	0.6538	0.2241	0.5007	1.3308	1.6971	0.6629	0.5499	0.4497
E	0.0361	1.7354	0.5674	0.4584	1.0893	0.6796	0.6336	0.9164	0.4846
F	1.2075	0.7927	1.1638	2.5173	0.4184	0.3047	1.6059	0.6052	0.2476
G	0.0913	0.46	0.5773	0.4704	0.5672	0.6306	1.0387	0.9468	2.954
H	0.0557	1.5931	1.0571	4.1479	1.1132	0.5366	2.1039	1.5282	0.883
I	8.8482	0.9289	1.689	1.5961	1.2139	1.8428	1.4031	1.0162	0.3248
K	0.0511	1.1939	1.0076	0.5198	1.7556	0.3722	1.2242	1.5537	0.2833
L	2.6807	0.6749	0.883	0.6179	0.8371	1.0703	1.1414	1.0855	0.1751
M	1.5984	0.4812	0.9181	0.8612	0.793	0.8563	1.1067	0.5538	0.3138
N	0.0572	1.3847	0.7311	0.7606	0.9761	1.9624	1.1857	0.9038	0.9326
P	0.0827	0.0719	1.3136	0.2504	0.9054	0.5975	0.7151	1.2759	0.3804
Q	0.0401	1.2558	1.2127	0.5235	0.9565	0.7808	1.0451	1.0813	2.8359
R	0.0421	1.2263	1.075	0.3062	1.3289	0.286	1.2943	1.4304	0.2655
S	0.0434	0.96	0.9193	1.4037	0.6148	0.9594	0.5279	0.746	2.1883
T	0.1511	1.4589	0.6104	1.3443	1.073	1.5497	0.728	0.863	0.6405
V	3.5484	1.2283	1.4136	1.6752	1.6318	2.234	0.7881	0.997	0.4338
W	0.3015	0.3642	0.8516	1.3841	0.3952	0.2449	1.2284	0.3334	0.0731
Y	0.2197	1.2166	2.3047	0.8728	0.9951	0.3748	1.374	1.0766	0.2052

pepL	alpha	w_s
12	99.5307	0.083	0.1488	0	0.3949	0.3734
13	98.9575	0.0263	0.0764	0.2382	0.4675	0.1916
14	98.3294	0.0043	0.0259	0.161	0	0.4702	0.2977	0.0409
15	98.0139	0.0017	0.0096	0.0839	0.376	0.4093	0.0998	0.0197
16	98.2233	8e-04	0.0022	0.03	0.2337	0	0.5219	0.1563	0.0471	0.0079
17	98.735	8e-04	0.0019	0.0146	0.1152	0.4293	0.2806	0.114	0.0363	0.0072
18	99.2174	5e-04	0.0013	0.0066	0.0433	0.2908	0	0.3312	0.218	0.0767	0.0267	0.005
19	99.5133	0.001	0.0012	0.0074	0.029	0.145	0.2323	0.2918	0.1844	0.0762	0.0263	0.0055
20	99.691	0.001	0.0012	0.0048	0.0176	0.0704	0.1449	0	0.2809	0.2454	0.1596	0.0505	0.0192	0.0045
21	99.7886	0.0013	0.002	0.0054	0.0189	0.0569	0.1038	0.1383	0.2554	0.2215	0.1327	0.043	0.0166	0.0041
