Allele	BoLA_DRB3_016_02
Type	Standard
n_specificities	1
npep_u	1
npep_t	5000
spec_ids	1
L_core	9
L_N	0
L_C	0
CS_perL	1
pepL_lower	12
pepL_upper	21
n_diff_aa	20

PWM_norm.1	P1	P2	P3	P4	P5	P6	P7	P8	P9
A	0.0896	0.971	1.3069	1.5591	0.8259	0.297	1.1227	1.1786	1.0957
C	0.0511	0.118	0.3234	0.3115	0.383	0.102	0.1349	0.1131	0.5635
D	0.0347	0.5546	0.3223	3.0495	1.178	9.985	1.4457	0.5371	0.1935
E	0.0549	1.1045	0.5871	1.6612	1.0772	0.5493	1.5866	0.9166	0.2099
F	8.5177	0.8507	1.2983	0.9088	0.5907	0.0604	0.4913	0.6046	1.543
G	0.0609	0.3361	0.44	0.3084	0.8654	0.15	1.5259	0.9621	0.438
H	0.1257	1.4432	0.7152	0.3122	0.8892	0.4084	0.5048	1.5437	0.3602
I	2.7942	1.5947	2.1924	1.2296	1.1212	0.4479	1.3424	1.0119	1.9572
K	0.0562	1.7443	1.0866	0.0799	1.6544	0.0893	0.2394	1.5625	0.194
L	1.3764	0.8388	0.9787	0.6937	0.6134	0.2104	1.57	1.0918	2.2274
M	0.9048	0.5271	1.4288	0.9867	0.8905	0.2199	1.1733	0.5453	1.4793
N	0.0706	1.0223	0.67	1.4641	1.0016	4.6976	2.1823	0.8962	0.8272
P	0.0383	0.0548	1.1471	0.0571	1.307	0.1173	0.5299	1.2711	0.1121
Q	0.0511	1.2417	0.7287	1.0542	0.9402	0.3841	0.9722	1.0865	0.5299
R	0.0397	1.734	0.7811	0.0602	1.2892	0.0742	0.2688	1.4361	0.2936
S	0.0409	0.7046	1.0143	1.6622	0.8869	0.8361	0.7944	0.7431	0.6567
T	0.0763	1.109	0.653	1.2817	1.2179	1.3479	0.8128	0.862	0.8387
V	0.9921	1.94	1.6872	1.3458	1.0846	0.6297	0.8005	0.984	3.1594
W	4.4804	0.5062	0.6444	0.2313	0.695	0.0331	0.1878	0.333	0.1929
Y	10.1766	1.153	2.2931	0.2398	0.9335	0.0682	0.6729	1.0692	2.8655

pepL	alpha	w_s
12	99.5307	0.083	0.1488	0	0.3949	0.3733
13	98.9574	0.0263	0.0764	0.2382	0.4675	0.1916
14	98.3293	0.0043	0.0259	0.161	0	0.4702	0.2976	0.0409
15	98.0138	0.0017	0.0096	0.0839	0.3761	0.4093	0.0998	0.0197
16	98.2233	8e-04	0.0022	0.03	0.2337	0	0.522	0.1562	0.0472	0.0079
17	98.7349	8e-04	0.0019	0.0146	0.1152	0.4294	0.2806	0.114	0.0362	0.0072
18	99.2174	5e-04	0.0013	0.0066	0.0433	0.2908	0	0.3312	0.218	0.0767	0.0267	0.005
19	99.5134	0.001	0.0012	0.0074	0.029	0.145	0.2323	0.2917	0.1843	0.0762	0.0263	0.0055
20	99.6911	0.001	0.0012	0.0048	0.0176	0.0704	0.1449	0	0.2809	0.2453	0.1596	0.0505	0.0192	0.0045
21	99.7886	0.0013	0.002	0.0054	0.0189	0.0569	0.1038	0.1384	0.2552	0.2215	0.1327	0.043	0.0166	0.0041
