Allele	BoLA_DRB3_109_01
Type	Standard
n_specificities	1
npep_u	1
npep_t	5000
spec_ids	1
L_core	9
L_N	0
L_C	0
CS_perL	1
pepL_lower	12
pepL_upper	21
n_diff_aa	20

PWM_norm.1	P1	P2	P3	P4	P5	P6	P7	P8	P9
A	0.1598	1.0759	1.5318	2.2225	0.8465	1.3286	1.0038	1.1812	1.5318
C	0.0686	0.1294	0.1392	0.2246	0.1297	0.2885	0.1718	0.116	0.6871
D	0.0465	0.6773	0.2241	0.2393	1.3023	2.1926	0.4756	0.5499	0.3217
E	0.0361	1.0749	0.5674	0.3076	1.3418	2.7417	0.7805	0.9164	0.3096
F	1.2075	0.7488	1.1638	1.5266	0.4448	0.2355	1.3883	0.6052	0.6613
G	0.0913	0.4279	0.5773	0.3113	0.6466	0.6796	0.8653	0.9468	0.6109
H	0.0557	2.6421	1.0571	1.4913	1.0401	0.2794	1.9155	1.5282	0.3585
I	8.8482	1.2402	1.689	2.0385	0.9771	1.1779	1.1995	1.0162	1.7726
K	0.0511	1.4625	1.0076	0.1767	2.0001	0.1298	1.5935	1.5537	0.6759
L	2.6807	0.6813	0.883	0.7526	0.61	0.6887	1.2202	1.0855	2.0049
M	1.5984	0.5336	0.9181	0.8296	0.5531	0.5725	0.9124	0.5538	1.0092
N	0.0572	1.5049	0.7311	0.4712	1.1602	2.3751	1.4978	0.9038	1.1605
P	0.0827	0.0576	1.3136	0.1282	0.9524	0.3919	0.8217	1.2759	0.1739
Q	0.0401	1.4076	1.2127	0.2395	0.9467	0.9354	1.2575	1.0813	0.4959
R	0.0421	1.5747	1.075	0.0942	1.4043	0.1436	1.4481	1.4304	0.9787
S	0.0434	0.8839	0.9193	2.2096	0.8253	1.0598	0.5258	0.746	0.6494
T	0.1511	1.2466	0.6104	1.9766	1.1669	1.2025	0.6416	0.863	0.9273
V	3.5484	1.2846	1.4136	2.6421	1.3345	1.2147	0.7487	0.997	2.8025
W	0.3015	0.6518	0.8516	0.3378	0.3307	0.1434	0.7659	0.3334	0.1982
Y	0.2197	1.1898	2.3047	0.1962	0.7749	0.2539	1.025	1.0766	0.9687

pepL	alpha	w_s
12	99.5307	0.083	0.1488	0	0.3949	0.3734
13	98.9575	0.0263	0.0764	0.2382	0.4675	0.1916
14	98.3294	0.0043	0.0259	0.161	0	0.4702	0.2977	0.0409
15	98.0139	0.0017	0.0096	0.0839	0.376	0.4093	0.0998	0.0197
16	98.2233	8e-04	0.0022	0.03	0.2337	0	0.5219	0.1563	0.0471	0.0079
17	98.735	8e-04	0.0019	0.0146	0.1152	0.4293	0.2806	0.114	0.0363	0.0072
18	99.2174	5e-04	0.0013	0.0066	0.0433	0.2908	0	0.3312	0.218	0.0767	0.0267	0.005
19	99.5133	0.001	0.0012	0.0074	0.029	0.145	0.2323	0.2918	0.1844	0.0762	0.0263	0.0055
20	99.691	0.001	0.0012	0.0048	0.0176	0.0704	0.1449	0	0.2809	0.2454	0.1596	0.0505	0.0192	0.0045
21	99.7886	0.0013	0.002	0.0054	0.0189	0.0569	0.1038	0.1383	0.2554	0.2215	0.1327	0.043	0.0166	0.0041
