Allele	BoLA_DRB3_001_01
Type	Standard
n_specificities	1
npep_u	1
npep_t	2278
spec_ids	1
L_core	9
L_N	0
L_C	0
CS_perL	1
pepL_lower	12
pepL_upper	21
n_diff_aa	20

PWM_norm.1	P1	P2	P3	P4	P5	P6	P7	P8	P9
A	0.0656	1.5795	1.8272	3.6352	0.6065	0.7169	1.8821	1.1606	0.1027
C	0.08	0.0478	0.0514	0.0609	0.0461	0.0453	0.0491	0.0463	0.0336
D	0.0288	0.6859	0.1757	1.0529	0.8465	0.2619	0.4368	0.4484	0.0598
E	0.0233	2.0149	0.6167	0.0494	1.2981	0.3221	0.5774	0.8458	0.1291
F	1.9068	0.8098	1.0319	0.8521	0.392	0.1181	1.0758	0.4964	0.8703
G	0.0346	0.5059	0.528	0.3518	0.6197	0.084	1.9559	0.888	0.1635
H	0.0326	1.6558	1.138	3.8821	1.5202	1.8738	1.3601	1.4894	0.066
I	6.9017	0.7769	2.2768	0.5221	1.4503	1.8748	0.6924	1.3573	0.2428
K	0.0353	1.1537	1.1118	0.1256	2.4476	3.9994	1.3362	2.2131	9.9038
L	3.2387	0.4957	0.7391	0.1269	1.1303	0.9301	1.0556	1.1283	0.3037
M	0.9413	0.3504	0.8451	0.0689	0.7533	0.5119	0.6703	0.1151	0.3991
N	0.0351	1.425	0.7444	1.2223	0.6257	0.6249	0.7859	0.7058	0.084
P	0.1387	0.0627	0.8781	0.1048	0.466	0.147	0.586	1.2445	0.0302
Q	0.0772	1.3477	0.9685	0.0976	1.1145	0.6921	0.4842	1.1465	0.0788
R	0.031	1.0439	0.713	0.0488	1.3626	3.4402	1.235	1.5223	4.1681
S	0.0266	1.0177	1.0253	2.5776	0.3476	0.128	0.8726	0.6997	0.051
T	0.1557	1.5804	0.6213	1.9623	0.9794	0.851	0.9955	0.6788	0.1008
V	3.9282	1.1535	1.341	1.8408	1.8777	2.0227	0.5685	0.8851	0.337
W	0.0825	0.0435	0.6387	0.0389	0.2474	0.0383	1.3904	0.0759	1.2142
Y	0.5871	1.1289	3.3362	0.0892	0.6191	0.0797	1.6228	1.0304	1.0469

pepL	alpha	w_s
12	99.5307	0.083	0.1488	0	0.3949	0.3734
13	98.9575	0.0263	0.0764	0.2382	0.4675	0.1916
14	98.3294	0.0043	0.0259	0.161	0	0.4702	0.2977	0.0409
15	98.0139	0.0017	0.0096	0.0839	0.376	0.4093	0.0998	0.0197
16	98.2233	8e-04	0.0022	0.03	0.2337	0	0.5219	0.1563	0.0471	0.0079
17	98.735	8e-04	0.0019	0.0146	0.1152	0.4293	0.2806	0.114	0.0363	0.0072
18	99.2174	5e-04	0.0013	0.0066	0.0433	0.2908	0	0.3312	0.218	0.0767	0.0267	0.005
19	99.5133	0.001	0.0012	0.0074	0.029	0.145	0.2323	0.2918	0.1844	0.0762	0.0263	0.0055
20	99.691	0.001	0.0012	0.0048	0.0176	0.0704	0.1449	0	0.2809	0.2454	0.1596	0.0505	0.0192	0.0045
21	99.7886	0.0013	0.002	0.0054	0.0189	0.0569	0.1038	0.1383	0.2554	0.2215	0.1327	0.043	0.0166	0.0041
