Allele	BoLA_DRB3_015_06
Type	Standard
n_specificities	1
npep_u	1
npep_t	5000
spec_ids	1
L_core	9
L_N	0
L_C	0
CS_perL	1
pepL_lower	12
pepL_upper	21
n_diff_aa	20

PWM_norm.1	P1	P2	P3	P4	P5	P6	P7	P8	P9
A	0.1598	0.9786	1.717	5.3553	1.0528	0.472	1.5582	1.146	0.2311
C	0.0686	0.1182	0.2089	0.0792	0.1645	0.0424	0.2124	0.1128	0.0516
D	0.0465	0.5555	0.369	0.3885	0.8153	0.3344	0.5632	0.8366	0.0926
E	0.0361	1.1065	0.6892	0.0866	1.0007	0.23	1.3456	0.7515	0.0998
F	1.2075	0.8442	1.3272	0.5535	0.7051	0.1054	0.4109	0.6313	5.3451
G	0.0913	0.3341	0.7665	0.8229	0.6833	0.1241	0.5484	0.8458	0.0767
H	0.0557	1.4506	1.0286	0.7248	1.1062	0.6717	0.9454	0.9835	0.1731
I	8.8482	1.5874	1.5927	0.5696	1.4096	1.131	1.4434	1.4644	5.4368
K	0.0511	1.7251	0.8277	0.4917	1.8875	7.2571	0.6808	1.6704	0.0699
L	2.6807	0.856	0.6246	0.1922	0.8399	0.7403	0.5017	1.143	2.6633
M	1.5984	0.5286	1.616	0.1253	0.9388	0.2807	0.737	0.4281	1.7854
N	0.0572	1.0179	0.81	0.4832	1.1551	0.2573	2.2746	1.1516	0.1785
P	0.0827	0.0529	1.0582	0.0653	1.0125	0.2394	0.9518	1.1388	0.0743
Q	0.0401	1.1967	1.1111	0.1167	1.3994	0.3842	1.797	0.8791	0.1819
R	0.0421	1.746	0.7879	0.5023	0.8841	3.507	0.7807	1.3565	0.0535
S	0.0434	0.7128	1.2883	1.193	0.5538	0.1709	0.8532	0.9886	0.084
T	0.1511	1.1169	0.722	2.9919	1.2981	0.6242	1.1555	0.619	0.2792
V	3.5484	1.9381	1.0701	1.835	1.0797	1.0769	1.5734	1.1103	2.3001
W	0.3015	0.5113	1.1167	0.1287	0.5076	0.082	0.769	0.2839	1.2119
Y	0.2197	1.1473	1.9939	0.1877	1.1283	0.108	0.3779	0.7503	1.2356

pepL	alpha	w_s
12	99.5307	0.083	0.1488	0	0.3949	0.3734
13	98.9575	0.0263	0.0764	0.2382	0.4675	0.1916
14	98.3294	0.0043	0.0259	0.161	0	0.4702	0.2977	0.0409
15	98.0139	0.0017	0.0096	0.0839	0.376	0.4093	0.0998	0.0197
16	98.2233	8e-04	0.0022	0.03	0.2337	0	0.5219	0.1563	0.0471	0.0079
17	98.735	8e-04	0.0019	0.0146	0.1152	0.4293	0.2806	0.114	0.0363	0.0072
18	99.2174	5e-04	0.0013	0.0066	0.0433	0.2908	0	0.3312	0.218	0.0767	0.0267	0.005
19	99.5133	0.001	0.0012	0.0074	0.029	0.145	0.2323	0.2918	0.1844	0.0762	0.0263	0.0055
20	99.691	0.001	0.0012	0.0048	0.0176	0.0704	0.1449	0	0.2809	0.2454	0.1596	0.0505	0.0192	0.0045
21	99.7886	0.0013	0.002	0.0054	0.0189	0.0569	0.1038	0.1383	0.2554	0.2215	0.1327	0.043	0.0166	0.0041
