Allele	BoLA_DRB3_127_01
Type	Standard
n_specificities	1
npep_u	1
npep_t	5000
spec_ids	1
L_core	9
L_N	0
L_C	0
CS_perL	1
pepL_lower	12
pepL_upper	21
n_diff_aa	20

PWM_norm.1	P1	P2	P3	P4	P5	P6	P7	P8	P9
A	0.1514	0.971	1.5087	0.4843	0.8685	0.6792	1.0418	1.1786	1.0258
C	0.0752	0.118	0.2912	0.1551	0.1998	0.1464	0.1553	0.1131	0.4484
D	0.0461	0.5546	0.3144	1.9835	0.7487	1.3902	0.605	0.5371	0.5119
E	0.034	1.1045	0.6243	1.8997	1.0651	1.8246	0.9444	0.9166	0.5362
F	1.2848	0.8507	0.9848	1.51	0.4422	0.1312	1.4099	0.6046	0.8779
G	0.0928	0.3361	0.659	0.1284	0.9805	0.1806	0.4612	0.9621	0.5747
H	0.0565	1.4432	0.9172	0.2858	0.9841	0.1374	1.3866	1.5437	0.607
I	8.7075	1.5947	1.9613	2.1489	0.7686	3.4301	1.8424	1.0119	1.3145
K	0.0468	1.7443	0.9043	0.0553	1.9676	0.06	0.7384	1.5625	1.6273
L	2.8025	0.8388	0.9473	3.1216	0.4983	2.0315	1.231	1.0918	1.5212
M	1.498	0.5271	1.0933	3.3157	0.6222	0.6631	0.698	0.5453	1.5732
N	0.0555	1.0223	0.8202	0.4345	1.4387	1.5333	1.6636	0.8962	0.944
P	0.0887	0.0548	0.9039	0.0266	1.7351	0.2093	1.373	1.2711	0.1425
Q	0.0383	1.2417	1.1323	1.4095	1.0266	0.6191	1.0146	1.0865	0.7126
R	0.0451	1.734	1.2915	0.0517	1.3656	0.0711	0.8242	1.4361	2.3407
S	0.0404	0.7046	0.8634	0.2805	0.9141	0.4051	0.6033	0.7431	0.5248
T	0.1519	1.109	0.8764	0.3238	1.3113	0.9414	1.0103	0.862	0.5791
V	3.4569	1.94	1.4038	0.6762	0.8262	2.8214	1.2145	0.984	1.6617
W	0.3205	0.5062	0.8324	0.2825	0.4744	0.068	0.6413	0.333	0.4062
Y	0.1975	1.153	1.6843	0.4427	0.6278	0.2407	0.9059	1.0692	1.7797

pepL	alpha	w_s
12	99.5307	0.083	0.1488	0	0.3949	0.3733
13	98.9574	0.0263	0.0764	0.2382	0.4675	0.1916
14	98.3293	0.0043	0.0259	0.161	0	0.4702	0.2976	0.0409
15	98.0138	0.0017	0.0096	0.0839	0.3761	0.4093	0.0998	0.0197
16	98.2233	8e-04	0.0022	0.03	0.2337	0	0.522	0.1562	0.0472	0.0079
17	98.7349	8e-04	0.0019	0.0146	0.1152	0.4294	0.2806	0.114	0.0362	0.0072
18	99.2174	5e-04	0.0013	0.0066	0.0433	0.2908	0	0.3312	0.218	0.0767	0.0267	0.005
19	99.5134	0.001	0.0012	0.0074	0.029	0.145	0.2323	0.2917	0.1843	0.0762	0.0263	0.0055
20	99.6911	0.001	0.0012	0.0048	0.0176	0.0704	0.1449	0	0.2809	0.2453	0.1596	0.0505	0.0192	0.0045
21	99.7886	0.0013	0.002	0.0054	0.0189	0.0569	0.1038	0.1384	0.2552	0.2215	0.1327	0.043	0.0166	0.0041
