Allele	BoLA_DRB3_100_06
Type	Standard
n_specificities	1
npep_u	1
npep_t	5000
spec_ids	1
L_core	9
L_N	0
L_C	0
CS_perL	1
pepL_lower	12
pepL_upper	21
n_diff_aa	20

PWM_norm.1	P1	P2	P3	P4	P5	P6	P7	P8	P9
A	0.0896	0.971	1.4495	2.0479	0.8325	0.297	1.1994	1.1386	1.1625
C	0.0511	0.118	0.2291	0.2124	0.322	0.102	0.1315	0.1111	0.434
D	0.0347	0.5546	0.2181	2.0354	1.1765	9.985	0.614	0.5239	0.1249
E	0.0549	1.1045	0.5419	1.162	1.1769	0.5493	0.8818	0.7809	0.1438
F	8.5177	0.8507	1.2896	0.7077	0.4852	0.0604	0.7667	0.4269	0.8355
G	0.0609	0.3361	0.3853	0.3242	0.8347	0.15	2.5351	0.9269	0.262
H	0.1257	1.4432	0.7045	0.4995	1.0057	0.4084	1.2675	1.2675	0.2063
I	2.7942	1.5947	2.2133	1.0003	1.1036	0.4479	1.8257	1.2269	2.9221
K	0.0562	1.7443	1.0243	0.0685	1.7235	0.0893	0.5078	1.583	0.1044
L	1.3764	0.8388	1.013	0.412	0.6203	0.2104	1.624	1.0731	2.7136
M	0.9048	0.5271	1.2868	0.456	0.7895	0.2199	1.3531	0.6623	0.9559
N	0.0706	1.0223	0.6495	1.5681	0.8307	4.6976	1.3501	1.001	0.65
P	0.0383	0.0548	1.2905	0.0544	1.2114	0.1173	0.5662	1.511	0.0901
Q	0.0511	1.2417	0.8186	0.7051	0.9172	0.3841	0.7675	1.0428	0.418
R	0.0397	1.734	0.8093	0.0516	1.3465	0.0742	0.6391	1.3415	0.1884
S	0.0409	0.7046	0.9925	2.6746	0.8349	0.8361	0.5016	0.6948	0.4509
T	0.0763	1.109	0.5781	1.7121	1.1969	1.3479	0.6092	0.9725	0.7693
V	0.9921	1.94	1.6986	1.5708	1.2905	0.6297	0.6313	1.0962	4.1571
W	4.4804	0.5062	0.5569	0.1325	0.7304	0.0331	0.3999	0.2239	0.0899
Y	10.1766	1.153	2.2586	0.1356	0.8403	0.0682	0.8513	1.0252	1.1486

pepL	alpha	w_s
12	99.5307	0.083	0.1488	0	0.3949	0.3733
13	98.9574	0.0263	0.0764	0.2382	0.4675	0.1916
14	98.3293	0.0043	0.0259	0.161	0	0.4702	0.2976	0.0409
15	98.0138	0.0017	0.0096	0.0839	0.3761	0.4093	0.0998	0.0197
16	98.2233	8e-04	0.0022	0.03	0.2337	0	0.522	0.1562	0.0472	0.0079
17	98.7349	8e-04	0.0019	0.0146	0.1152	0.4294	0.2806	0.114	0.0362	0.0072
18	99.2174	5e-04	0.0013	0.0066	0.0433	0.2908	0	0.3312	0.218	0.0767	0.0267	0.005
19	99.5134	0.001	0.0012	0.0074	0.029	0.145	0.2323	0.2917	0.1843	0.0762	0.0263	0.0055
20	99.6911	0.001	0.0012	0.0048	0.0176	0.0704	0.1449	0	0.2809	0.2453	0.1596	0.0505	0.0192	0.0045
21	99.7886	0.0013	0.002	0.0054	0.0189	0.0569	0.1038	0.1384	0.2552	0.2215	0.1327	0.043	0.0166	0.0041
