Allele	BoLA_DRB3_024_10
Type	Standard
n_specificities	1
npep_u	1
npep_t	5000
spec_ids	1
L_core	9
L_N	0
L_C	0
CS_perL	1
pepL_lower	12
pepL_upper	21
n_diff_aa	20

PWM_norm.1	P1	P2	P3	P4	P5	P6	P7	P8	P9
A	0.0896	1.3819	1.5994	2.6105	1.1035	1.3324	0.9411	0.9909	0.505
C	0.0511	0.0859	0.1646	0.218	0.1988	0.586	0.2836	0.0866	0.0751
D	0.0347	0.6727	0.2153	0.2506	1.3604	1.8102	0.729	0.6026	7.962
E	0.0549	1.7044	0.5717	0.2159	1.0474	0.8454	1.0314	1.1136	4.2632
F	8.5177	0.8393	1.164	1.6499	0.4844	0.3752	1.2298	0.5806	0.171
G	0.0609	0.4529	0.5957	0.3617	0.5849	0.928	0.7154	0.719	0.7671
H	0.1257	1.6694	1.1105	2.0565	1.1812	0.7435	1.6834	1.065	0.6706
I	2.7942	0.9773	1.7342	1.6665	1.0109	1.2602	1.1718	1.1982	0.2546
K	0.0562	1.1873	0.9298	0.2046	1.7624	0.3651	1.1192	1.5647	0.1564
L	1.3764	0.683	0.897	0.6148	0.7441	0.6812	1.4303	1.3762	0.2279
M	0.9048	0.4878	0.9682	0.5676	0.6645	0.6902	1.2405	0.7545	0.2425
N	0.0706	1.3314	0.7308	0.4306	1.1352	2.2901	1.433	0.8248	0.6274
P	0.0383	0.0706	1.2131	0.1281	0.843	0.7827	0.7351	1.2557	0.1533
Q	0.0511	1.3149	1.1684	0.1819	0.9939	0.8933	1.414	1.2326	0.7457
R	0.0397	1.2296	1.0696	0.0987	1.2858	0.3626	0.9567	1.1932	0.1091
S	0.0409	0.9684	0.9158	2.1786	0.7741	1.2151	0.5193	0.6399	0.4219
T	0.0763	1.4653	0.5839	1.8691	1.051	1.4932	0.6498	0.8056	0.302
V	0.9921	1.1942	1.4295	2.6806	1.4941	1.7028	0.9424	1.1018	0.3309
W	4.4804	0.4664	0.9497	0.3457	0.5469	0.3137	1.171	0.32	0.0618
Y	10.1766	1.2296	2.3325	0.2329	0.9779	0.4076	1.2254	1.0527	0.1392

pepL	alpha	w_s
12	99.5307	0.083	0.1488	0	0.3949	0.3733
13	98.9574	0.0263	0.0764	0.2382	0.4675	0.1916
14	98.3293	0.0043	0.0259	0.161	0	0.4702	0.2976	0.0409
15	98.0138	0.0017	0.0096	0.0839	0.3761	0.4093	0.0998	0.0197
16	98.2233	8e-04	0.0022	0.03	0.2337	0	0.522	0.1562	0.0472	0.0079
17	98.7349	8e-04	0.0019	0.0146	0.1152	0.4294	0.2806	0.114	0.0362	0.0072
18	99.2174	5e-04	0.0013	0.0066	0.0433	0.2908	0	0.3312	0.218	0.0767	0.0267	0.005
19	99.5134	0.001	0.0012	0.0074	0.029	0.145	0.2323	0.2917	0.1843	0.0762	0.0263	0.0055
20	99.6911	0.001	0.0012	0.0048	0.0176	0.0704	0.1449	0	0.2809	0.2453	0.1596	0.0505	0.0192	0.0045
21	99.7886	0.0013	0.002	0.0054	0.0189	0.0569	0.1038	0.1384	0.2552	0.2215	0.1327	0.043	0.0166	0.0041
