Allele	BoLA_DRB3_080_01
Type	Standard
n_specificities	1
npep_u	1
npep_t	5000
spec_ids	1
L_core	9
L_N	0
L_C	0
CS_perL	1
pepL_lower	12
pepL_upper	21
n_diff_aa	20

PWM_norm.1	P1	P2	P3	P4	P5	P6	P7	P8	P9
A	0.0934	0.9786	1.4683	1.3279	0.9913	2.5989	1.0271	1.1812	2.47
C	0.049	0.1182	0.3474	0.3506	0.3269	0.2749	0.23	0.116	0.3744
D	0.0361	0.5555	0.4121	1.3574	1.259	0.513	0.8497	0.5499	0.6208
E	0.0576	1.1065	0.6688	0.745	1.1723	0.8162	1.2413	0.9164	0.4974
F	8.2964	0.8442	1.1583	0.3874	0.6391	0.4056	0.9368	0.6052	0.2911
G	0.0619	0.3341	0.6012	0.6257	0.748	1.2411	1.098	0.9468	2.3513
H	0.1244	1.4506	0.8028	0.5135	1.2597	0.3803	1.7546	1.5282	0.8884
I	2.7704	1.5874	2.2495	0.8477	1.1025	1.4893	1.192	1.0162	0.4457
K	0.0618	1.7251	0.9267	0.1889	1.5252	0.0999	0.8164	1.5537	0.4383
L	1.3527	0.856	0.9042	0.554	0.6603	0.7256	0.7356	1.0855	0.3272
M	0.9209	0.5286	1.3498	0.5304	0.9766	0.5703	0.5822	0.5538	0.4658
N	0.0713	1.0179	0.915	7.4909	1.0271	1.9808	1.9588	0.9038	1.592
P	0.0388	0.0529	1.1054	0.1201	1.0736	1.3218	1.3235	1.2759	0.3741
Q	0.0536	1.1967	0.9109	1.1362	1.075	1.3504	1.0361	1.0813	2.3016
R	0.0379	1.746	0.8265	0.1701	1.1315	0.1	0.7206	1.4304	0.4467
S	0.0414	0.7128	0.8742	1.5115	0.7924	0.7966	0.6801	0.746	2.068
T	0.0773	1.1169	0.8169	1.1598	1.2577	1.1279	0.9507	0.863	0.7576
V	0.9818	1.9381	1.4084	0.9862	1.1222	1.8376	0.9956	0.997	0.6617
W	4.5203	0.5113	0.748	0.3016	0.546	0.0888	0.8201	0.3334	0.1499
Y	10.5593	1.1473	1.7927	0.1812	0.8845	0.213	1.3691	1.0766	0.3059

pepL	alpha	w_s
12	99.5307	0.083	0.1488	0	0.3949	0.3734
13	98.9575	0.0263	0.0764	0.2382	0.4675	0.1916
14	98.3294	0.0043	0.0259	0.161	0	0.4702	0.2977	0.0409
15	98.0139	0.0017	0.0096	0.0839	0.376	0.4093	0.0998	0.0197
16	98.2233	8e-04	0.0022	0.03	0.2337	0	0.5219	0.1563	0.0471	0.0079
17	98.735	8e-04	0.0019	0.0146	0.1152	0.4293	0.2806	0.114	0.0363	0.0072
18	99.2174	5e-04	0.0013	0.0066	0.0433	0.2908	0	0.3312	0.218	0.0767	0.0267	0.005
19	99.5133	0.001	0.0012	0.0074	0.029	0.145	0.2323	0.2918	0.1844	0.0762	0.0263	0.0055
20	99.691	0.001	0.0012	0.0048	0.0176	0.0704	0.1449	0	0.2809	0.2454	0.1596	0.0505	0.0192	0.0045
21	99.7886	0.0013	0.002	0.0054	0.0189	0.0569	0.1038	0.1383	0.2554	0.2215	0.1327	0.043	0.0166	0.0041
