Allele	BoLA_DRB3_022_06
Type	Standard
n_specificities	1
npep_u	1
npep_t	5000
spec_ids	1
L_core	9
L_N	0
L_C	0
CS_perL	1
pepL_lower	12
pepL_upper	21
n_diff_aa	20

PWM_norm.1	P1	P2	P3	P4	P5	P6	P7	P8	P9
A	0.0934	1.4655	1.3004	0.6596	0.607	0.4594	0.6657	0.9184	0.4694
C	0.049	0.1005	0.2282	0.2758	0.1465	0.0885	0.143	0.0851	0.1003
D	0.0361	0.6538	0.4098	1.8052	1.616	1.4642	0.8079	0.5949	7.8592
E	0.0576	1.7354	0.8051	2.1213	1.6455	0.9935	1.7583	0.8202	3.8699
F	8.2964	0.7927	1.481	1.7636	0.386	0.1441	1.5306	0.3267	0.1278
G	0.0619	0.46	0.4829	0.3005	0.6592	0.0919	0.3167	0.7208	0.5761
H	0.1244	1.5931	1.2746	2.0759	0.7762	0.1262	1.3643	0.875	0.4595
I	2.7704	0.9289	1.8968	2.4827	1.342	4.2654	1.6945	1.4961	0.504
K	0.0618	1.1939	1.0096	0.0987	1.5387	0.0931	0.3344	1.6932	0.2958
L	1.3527	0.6749	0.8862	1.301	0.6707	2.5356	1.0776	1.2865	0.5967
M	0.9209	0.4812	1.0243	1.471	0.9657	0.9451	0.5981	0.8894	0.2772
N	0.0713	1.3847	0.7088	0.6442	0.8168	1.0816	1.8937	1.0023	0.6604
P	0.0388	0.0719	1.1305	0.1804	0.8796	0.1679	1.8487	1.5663	0.1416
Q	0.0536	1.2558	1.0451	1.2296	1.1215	0.5694	0.897	1.1767	0.6085
R	0.0379	1.2263	0.7011	0.1046	1.4852	0.0699	0.3237	1.1307	0.1922
S	0.0414	0.96	0.7078	0.6728	0.6051	0.2745	0.5571	0.5463	0.2375
T	0.0773	1.4589	0.6456	0.8629	1.1109	0.7911	0.7927	0.9487	0.2814
V	0.9818	1.2283	1.6172	1.3021	1.4807	3.2518	1.2808	1.2539	0.6257
W	4.5203	0.3642	1.2015	0.4883	0.2548	0.0655	0.7144	0.1717	0.0566
Y	10.5593	1.2166	2.5478	0.4323	0.8021	0.2076	1.5546	1.0069	0.1069

pepL	alpha	w_s
12	99.5307	0.083	0.1488	0	0.3949	0.3734
13	98.9575	0.0263	0.0764	0.2382	0.4675	0.1916
14	98.3294	0.0043	0.0259	0.161	0	0.4702	0.2977	0.0409
15	98.0139	0.0017	0.0096	0.0839	0.376	0.4093	0.0998	0.0197
16	98.2233	8e-04	0.0022	0.03	0.2337	0	0.5219	0.1563	0.0471	0.0079
17	98.735	8e-04	0.0019	0.0146	0.1152	0.4293	0.2806	0.114	0.0363	0.0072
18	99.2174	5e-04	0.0013	0.0066	0.0433	0.2908	0	0.3312	0.218	0.0767	0.0267	0.005
19	99.5133	0.001	0.0012	0.0074	0.029	0.145	0.2323	0.2918	0.1844	0.0762	0.0263	0.0055
20	99.691	0.001	0.0012	0.0048	0.0176	0.0704	0.1449	0	0.2809	0.2454	0.1596	0.0505	0.0192	0.0045
21	99.7886	0.0013	0.002	0.0054	0.0189	0.0569	0.1038	0.1383	0.2554	0.2215	0.1327	0.043	0.0166	0.0041
