Allele	BoLA_DRB3_112_03
Type	Standard
n_specificities	1
npep_u	1
npep_t	5000
spec_ids	1
L_core	9
L_N	0
L_C	0
CS_perL	1
pepL_lower	12
pepL_upper	21
n_diff_aa	20

PWM_norm.1	P1	P2	P3	P4	P5	P6	P7	P8	P9
A	0.1598	0.9786	1.6705	2.8197	1.2133	1.1963	1.3892	1.0939	1.2562
C	0.0686	0.1182	0.1899	0.2347	0.1652	0.3979	0.341	0.1081	0.4392
D	0.0465	0.5555	0.2649	1.2472	1.1389	1.6742	0.9059	0.5678	0.1017
E	0.0361	1.1065	0.5765	0.4776	1.0404	0.6371	0.9226	0.7548	0.1199
F	1.2075	0.8442	1.1071	0.7408	0.625	0.3741	1.1607	0.3915	0.7951
G	0.0913	0.3341	0.7378	0.5498	0.5105	0.499	1.1566	0.9039	0.3037
H	0.0557	1.4506	0.9548	0.3282	0.8525	1.3477	1.4106	1.1699	0.1983
I	8.8482	1.5874	1.5659	1.2279	1.6414	1.4166	1.1623	1.2447	2.9523
K	0.0511	1.7251	0.8704	0.1266	1.6896	1.6141	1.0219	1.6311	0.1013
L	2.6807	0.856	0.7354	0.4247	0.819	0.7996	1.1199	1.0727	2.638
M	1.5984	0.5286	1.3557	0.5083	0.8905	0.8794	0.9806	0.6405	0.8473
N	0.0572	1.0179	0.738	1.0957	1.0021	1.8307	1.2105	1.0421	0.6297
P	0.0827	0.0529	1.0352	0.0839	0.7789	0.5087	0.6909	1.5552	0.1069
Q	0.0401	1.1967	1.1893	0.3987	1.1922	0.9561	0.8544	1.0564	0.423
R	0.0421	1.746	1.2041	0.1328	0.9808	1.0248	1.0163	1.3639	0.1786
S	0.0434	0.7128	1.2052	1.9313	0.5486	0.8138	0.7206	0.6613	0.5263
T	0.1511	1.1169	0.7538	2.8609	1.194	1.2171	0.8191	0.9828	0.8004
V	3.5484	1.9381	1.217	2.0335	1.5346	1.6238	0.8836	1.1159	4.1048
W	0.3015	0.5113	1.0487	0.1961	0.3063	0.305	1.0887	0.1923	0.0789
Y	0.2197	1.1473	1.8379	0.2486	1.184	0.406	1.3299	1.0418	1.1131

pepL	alpha	w_s
12	99.5307	0.083	0.1488	0	0.3949	0.3734
13	98.9575	0.0263	0.0764	0.2382	0.4675	0.1916
14	98.3294	0.0043	0.0259	0.161	0	0.4702	0.2977	0.0409
15	98.0139	0.0017	0.0096	0.0839	0.376	0.4093	0.0998	0.0197
16	98.2233	8e-04	0.0022	0.03	0.2337	0	0.5219	0.1563	0.0471	0.0079
17	98.735	8e-04	0.0019	0.0146	0.1152	0.4293	0.2806	0.114	0.0363	0.0072
18	99.2174	5e-04	0.0013	0.0066	0.0433	0.2908	0	0.3312	0.218	0.0767	0.0267	0.005
19	99.5133	0.001	0.0012	0.0074	0.029	0.145	0.2323	0.2918	0.1844	0.0762	0.0263	0.0055
20	99.691	0.001	0.0012	0.0048	0.0176	0.0704	0.1449	0	0.2809	0.2454	0.1596	0.0505	0.0192	0.0045
21	99.7886	0.0013	0.002	0.0054	0.0189	0.0569	0.1038	0.1383	0.2554	0.2215	0.1327	0.043	0.0166	0.0041
