Allele	BoLA_DRB3_114_01
Type	Standard
n_specificities	1
npep_u	1
npep_t	5000
spec_ids	1
L_core	9
L_N	0
L_C	0
CS_perL	1
pepL_lower	12
pepL_upper	21
n_diff_aa	20

PWM_norm.1	P1	P2	P3	P4	P5	P6	P7	P8	P9
A	0.1514	0.971	1.3499	1.5105	0.8895	0.8109	1.1935	1.0644	0.3291
C	0.0752	0.118	0.3424	0.1683	0.4777	0.3918	0.4319	0.1741	0.0936
D	0.0461	0.5546	0.3177	0.2615	1.0942	2.68	0.9988	0.7402	0.1486
E	0.034	1.1045	0.6055	0.2232	1.0695	0.6315	1.2186	0.887	0.1438
F	1.2848	0.8507	1.2946	3.5086	0.7326	0.4128	0.7686	0.74	3.9165
G	0.0928	0.3361	0.4606	0.4118	0.811	0.4142	0.789	0.8153	0.1174
H	0.0565	1.4432	0.7571	3.9358	1.139	1.3432	1.5351	1.0982	0.2092
I	8.7075	1.5947	2.1744	1.1829	1.1064	1.2347	1.2097	1.2216	5.2317
K	0.0468	1.7443	1.0473	1.113	1.6507	1.9857	0.8529	1.5537	0.0917
L	2.8025	0.8388	0.9515	0.5343	0.7091	0.7309	0.7583	1.0214	2.4152
M	1.498	0.5271	1.4225	0.6886	1.0396	0.9448	1.1337	0.6684	1.6532
N	0.0555	1.0223	0.6811	0.9967	1.1839	1.6871	1.9166	1.0545	0.2382
P	0.0887	0.0548	1.1619	0.1018	1.1935	0.4043	0.8061	1.269	0.0893
Q	0.0383	1.2417	0.757	0.6782	1.1739	0.8893	1.4796	0.9768	0.2523
R	0.0451	1.734	0.7689	0.6484	0.9533	1.1976	0.9025	1.3668	0.0815
S	0.0404	0.7046	0.9934	0.8948	0.6903	0.7679	0.7893	0.8432	0.1241
T	0.1519	1.109	0.6525	1.0481	1.2724	1.3385	0.8706	0.8858	0.3589
V	3.4569	1.94	1.6624	1.4429	0.9614	1.1956	0.9934	1.0389	2.8521
W	0.3205	0.5062	0.7101	3.2012	0.9537	0.5293	1.1422	0.4268	0.9354
Y	0.1975	1.153	2.2754	2.1824	1.1074	0.4149	0.8762	1.078	2.1141

pepL	alpha	w_s
12	99.5307	0.083	0.1488	0	0.3949	0.3733
13	98.9574	0.0263	0.0764	0.2382	0.4675	0.1916
14	98.3293	0.0043	0.0259	0.161	0	0.4702	0.2976	0.0409
15	98.0138	0.0017	0.0096	0.0839	0.3761	0.4093	0.0998	0.0197
16	98.2233	8e-04	0.0022	0.03	0.2337	0	0.522	0.1562	0.0472	0.0079
17	98.7349	8e-04	0.0019	0.0146	0.1152	0.4294	0.2806	0.114	0.0362	0.0072
18	99.2174	5e-04	0.0013	0.0066	0.0433	0.2908	0	0.3312	0.218	0.0767	0.0267	0.005
19	99.5134	0.001	0.0012	0.0074	0.029	0.145	0.2323	0.2917	0.1843	0.0762	0.0263	0.0055
20	99.6911	0.001	0.0012	0.0048	0.0176	0.0704	0.1449	0	0.2809	0.2453	0.1596	0.0505	0.0192	0.0045
21	99.7886	0.0013	0.002	0.0054	0.0189	0.0569	0.1038	0.1384	0.2552	0.2215	0.1327	0.043	0.0166	0.0041
