Allele	BoLA_DRB3_155_01
Type	Standard
n_specificities	1
npep_u	1
npep_t	5000
spec_ids	1
L_core	9
L_N	0
L_C	0
CS_perL	1
pepL_lower	12
pepL_upper	21
n_diff_aa	20

PWM_norm.1	P1	P2	P3	P4	P5	P6	P7	P8	P9
A	0.0934	1.2763	1.4999	1.9029	0.8673	1.1065	1.2227	1.1812	2.47
C	0.049	0.1405	0.256	0.3995	0.1845	0.2003	0.2079	0.116	0.3744
D	0.0361	0.7383	0.3346	0.4266	1.2802	1.114	0.6118	0.5499	0.6208
E	0.0576	1.5	0.6267	0.5835	1.3055	0.9793	0.8047	0.9164	0.4974
F	8.2964	0.8432	1.3754	1.3214	0.5975	0.1945	0.9146	0.6052	0.2911
G	0.0619	0.4409	0.5618	0.254	0.6778	0.4809	1.44	0.9468	2.3513
H	0.1244	1.5903	0.9395	1.2145	1.2167	1.134	1.6758	1.5282	0.8884
I	2.7704	1.1394	2.1662	2.4043	0.9756	1.823	1.3572	1.0162	0.4457
K	0.0618	1.2703	0.9845	0.4199	1.8341	1.1653	1.2107	1.5537	0.4383
L	1.3527	0.7134	0.8235	1.3396	0.5994	0.878	1.0182	1.0855	0.3272
M	0.9209	0.6048	1.3751	1.2828	0.6742	0.5786	1.0601	0.5538	0.4658
N	0.0713	1.1087	0.8477	0.8492	1.1388	1.5047	1.4352	0.9038	1.592
P	0.0388	0.0739	1.1058	0.1222	1.0208	0.7046	1.0218	1.2759	0.3741
Q	0.0536	1.3137	0.9683	0.4661	1.1319	0.9075	0.9866	1.0813	2.3016
R	0.0379	1.352	0.7261	0.1953	1.2416	1.1222	0.9816	1.4304	0.4467
S	0.0414	0.8751	0.9368	1.2063	0.8357	0.5651	0.5981	0.746	2.068
T	0.0773	1.279	0.6922	1.4154	1.1743	1.5132	0.7012	0.863	0.7576
V	0.9818	1.5337	1.386	2.4354	1.0749	2.3008	0.885	0.997	0.6617
W	4.5203	0.651	0.8969	0.5482	0.5989	0.1317	0.7492	0.3334	0.1499
Y	10.5593	1.2012	2.2505	0.3853	0.9616	0.231	1.2091	1.0766	0.3059

pepL	alpha	w_s
12	99.5307	0.083	0.1488	0	0.3949	0.3734
13	98.9575	0.0263	0.0764	0.2382	0.4675	0.1916
14	98.3294	0.0043	0.0259	0.161	0	0.4702	0.2977	0.0409
15	98.0139	0.0017	0.0096	0.0839	0.376	0.4093	0.0998	0.0197
16	98.2233	8e-04	0.0022	0.03	0.2337	0	0.5219	0.1563	0.0471	0.0079
17	98.735	8e-04	0.0019	0.0146	0.1152	0.4293	0.2806	0.114	0.0363	0.0072
18	99.2174	5e-04	0.0013	0.0066	0.0433	0.2908	0	0.3312	0.218	0.0767	0.0267	0.005
19	99.5133	0.001	0.0012	0.0074	0.029	0.145	0.2323	0.2918	0.1844	0.0762	0.0263	0.0055
20	99.691	0.001	0.0012	0.0048	0.0176	0.0704	0.1449	0	0.2809	0.2454	0.1596	0.0505	0.0192	0.0045
21	99.7886	0.0013	0.002	0.0054	0.0189	0.0569	0.1038	0.1383	0.2554	0.2215	0.1327	0.043	0.0166	0.0041
