Allele	BoLA_DRB3_022_13
Type	Standard
n_specificities	1
npep_u	1
npep_t	5000
spec_ids	1
L_core	9
L_N	0
L_C	0
CS_perL	1
pepL_lower	12
pepL_upper	21
n_diff_aa	20

PWM_norm.1	P1	P2	P3	P4	P5	P6	P7	P8	P9
A	0.0896	1.141	1.5132	1.5388	0.6306	0.4421	0.7677	1.0065	1.1628
C	0.0511	0.1105	0.2495	0.3916	0.1377	0.1286	0.1375	0.1143	0.2801
D	0.0347	0.6214	0.2618	0.4824	2.1354	0.5906	0.6885	0.5702	2.9159
E	0.0549	1.3053	0.6078	0.6748	1.874	0.6957	1.1188	0.74	2.14
F	8.5177	0.8386	1.2374	1.8243	0.3712	0.1742	1.2486	0.3696	0.3417
G	0.0609	0.3801	0.4679	0.2641	0.6452	0.1413	0.4488	0.837	0.9549
H	0.1257	1.2682	0.7514	1.5627	0.7945	0.291	1.4015	1.0728	0.6989
I	2.7942	1.4428	2.336	2.331	1.1755	4.5629	2.018	1.3968	1.4496
K	0.0562	1.5271	0.9208	0.1634	1.5687	0.2749	0.6384	1.6049	0.5432
L	1.3764	0.8386	0.9527	1.0174	0.5512	2.5149	0.8316	1.1307	1.2275
M	0.9048	0.5176	1.4045	0.9746	0.681	0.8278	0.7571	0.7884	0.6032
N	0.0706	0.9972	0.8528	1.5465	0.9059	0.9272	1.8892	1.0648	0.9599
P	0.0383	0.0589	1.1956	0.0872	1.0486	0.2149	1.9792	1.6554	0.2649
Q	0.0511	1.1941	0.9917	0.6238	0.9187	0.583	1.0761	1.0588	1.2503
R	0.0397	1.5462	0.8837	0.1203	1.3969	0.3738	0.5297	1.2424	0.4928
S	0.0409	0.7466	0.8905	1.6861	0.6387	0.2633	0.5391	0.6209	0.4349
T	0.0763	1.2313	0.6739	1.1579	1.1279	0.9484	1.081	0.9981	0.5263
V	0.9921	1.8546	1.496	2.3452	1.1071	3.4146	1.3539	1.1595	1.3854
W	4.4804	0.4914	0.5953	0.4966	0.3273	0.1367	0.6496	0.197	0.1195
Y	10.1766	1.1833	1.8288	0.3287	0.8077	0.3269	1.1098	1.0403	0.3245

pepL	alpha	w_s
12	99.5307	0.083	0.1488	0	0.3949	0.3733
13	98.9574	0.0263	0.0764	0.2382	0.4675	0.1916
14	98.3293	0.0043	0.0259	0.161	0	0.4702	0.2976	0.0409
15	98.0138	0.0017	0.0096	0.0839	0.3761	0.4093	0.0998	0.0197
16	98.2233	8e-04	0.0022	0.03	0.2337	0	0.522	0.1562	0.0472	0.0079
17	98.7349	8e-04	0.0019	0.0146	0.1152	0.4294	0.2806	0.114	0.0362	0.0072
18	99.2174	5e-04	0.0013	0.0066	0.0433	0.2908	0	0.3312	0.218	0.0767	0.0267	0.005
19	99.5134	0.001	0.0012	0.0074	0.029	0.145	0.2323	0.2917	0.1843	0.0762	0.0263	0.0055
20	99.6911	0.001	0.0012	0.0048	0.0176	0.0704	0.1449	0	0.2809	0.2453	0.1596	0.0505	0.0192	0.0045
21	99.7886	0.0013	0.002	0.0054	0.0189	0.0569	0.1038	0.1384	0.2552	0.2215	0.1327	0.043	0.0166	0.0041
