Allele	BoLA_DRB3_100_07
Type	Standard
n_specificities	1
npep_u	1
npep_t	5000
spec_ids	1
L_core	9
L_N	0
L_C	0
CS_perL	1
pepL_lower	12
pepL_upper	21
n_diff_aa	20

PWM_norm.1	P1	P2	P3	P4	P5	P6	P7	P8	P9
A	0.0934	0.9786	1.3001	1.7906	0.8785	1.4905	1.4802	1.1812	1.092
C	0.049	0.1182	0.3613	0.3439	0.1865	0.3808	0.1515	0.116	0.542
D	0.0361	0.5555	0.3143	2.4289	0.823	3.7853	0.4692	0.5499	0.1885
E	0.0576	1.1065	0.5816	1.205	1.0156	0.7672	0.6046	0.9164	0.2375
F	8.2964	0.8442	1.313	0.5929	0.5067	0.1844	1.0349	0.6052	1.4774
G	0.0619	0.3341	0.4165	0.4377	0.7983	0.7696	2.1472	0.9468	0.4496
H	0.1244	1.4506	0.7179	0.4932	1.0094	0.3995	1.6479	1.5282	0.3514
I	2.7704	1.5874	2.2277	1.242	1.1752	0.7957	1.3832	1.0162	1.9125
K	0.0618	1.7251	1.0731	0.1706	1.9321	0.1112	0.9954	1.5537	0.212
L	1.3527	0.856	0.9636	1.0242	0.6413	0.3603	1.5105	1.0855	2.2623
M	0.9209	0.5286	1.3898	1.1399	0.9504	0.3645	1.305	0.5538	1.4762
N	0.0713	1.0179	0.6803	1.8186	0.8636	3.7424	0.8814	0.9038	0.6783
P	0.0388	0.0529	1.0973	0.1123	1.0329	0.5324	0.6629	1.2759	0.1227
Q	0.0536	1.1967	0.7948	0.9254	0.9111	0.6845	0.6304	1.0813	0.55
R	0.0379	1.746	0.7962	0.127	1.6127	0.0789	1.1937	1.4304	0.375
S	0.0414	0.7128	1.0162	1.4536	0.8863	1.4198	0.5127	0.746	0.6773
T	0.0773	1.1169	0.7044	1.4892	1.2319	1.7569	0.5439	0.863	0.8719
V	0.9818	1.9381	1.644	1.2705	1.342	1.2203	0.6049	0.997	3.0834
W	4.5203	0.5113	0.7473	0.2026	0.5225	0.0755	0.6481	0.3334	0.2168
Y	10.5593	1.1473	2.2961	0.2353	0.7568	0.1484	0.9865	1.0766	2.7968

pepL	alpha	w_s
12	99.5307	0.083	0.1488	0	0.3949	0.3734
13	98.9575	0.0263	0.0764	0.2382	0.4675	0.1916
14	98.3294	0.0043	0.0259	0.161	0	0.4702	0.2977	0.0409
15	98.0139	0.0017	0.0096	0.0839	0.376	0.4093	0.0998	0.0197
16	98.2233	8e-04	0.0022	0.03	0.2337	0	0.5219	0.1563	0.0471	0.0079
17	98.735	8e-04	0.0019	0.0146	0.1152	0.4293	0.2806	0.114	0.0363	0.0072
18	99.2174	5e-04	0.0013	0.0066	0.0433	0.2908	0	0.3312	0.218	0.0767	0.0267	0.005
19	99.5133	0.001	0.0012	0.0074	0.029	0.145	0.2323	0.2918	0.1844	0.0762	0.0263	0.0055
20	99.691	0.001	0.0012	0.0048	0.0176	0.0704	0.1449	0	0.2809	0.2454	0.1596	0.0505	0.0192	0.0045
21	99.7886	0.0013	0.002	0.0054	0.0189	0.0569	0.1038	0.1383	0.2554	0.2215	0.1327	0.043	0.0166	0.0041
