Allele	BoLA_DRB3_087_02
Type	Standard
n_specificities	1
npep_u	1
npep_t	5000
spec_ids	1
L_core	9
L_N	0
L_C	0
CS_perL	1
pepL_lower	12
pepL_upper	21
n_diff_aa	20

PWM_norm.1	P1	P2	P3	P4	P5	P6	P7	P8	P9
A	0.0934	0.9786	1.4148	1.6648	0.9454	0.8219	1.6642	1.0939	3.3852
C	0.049	0.1182	0.3168	0.4649	0.278	0.206	0.1917	0.1081	0.2482
D	0.0361	0.5555	0.3842	0.5093	1.2719	0.7843	0.499	0.5678	0.2968
E	0.0576	1.1065	0.6135	0.7428	1.1095	0.4965	0.7909	0.7548	0.3446
F	8.2964	0.8442	1.2901	0.8734	0.6235	0.2073	0.8608	0.3915	0.2246
G	0.0619	0.3341	0.4771	0.2209	0.6101	0.2988	1.3907	0.9039	2.6557
H	0.1244	1.4506	0.9777	0.7111	1.1755	1.6324	1.428	1.1699	0.6741
I	2.7704	1.5874	2.0506	2.4496	1.0621	1.552	1.1894	1.2447	0.4916
K	0.0618	1.7251	0.976	0.4014	1.7569	3.575	1.3178	1.6311	0.2386
L	1.3527	0.856	0.9521	1.5969	0.7272	0.8762	1.1671	1.0727	0.2596
M	0.9209	0.5286	1.2608	1.1686	0.8227	0.9453	1.1258	0.6405	0.2917
N	0.0713	1.0179	0.8048	1.1445	1.116	0.7618	1.0462	1.0421	0.9507
P	0.0388	0.0529	1.0836	0.1872	0.9307	0.6271	1.0213	1.5552	0.3579
Q	0.0536	1.1967	1.1656	0.4293	1.0887	0.8251	1.0438	1.0564	2.6864
R	0.0379	1.746	0.9304	0.1887	1.2346	1.9387	1.1051	1.3639	0.2665
S	0.0414	0.7128	0.739	1.2431	0.767	0.3488	0.5738	0.6613	2.0657
T	0.0773	1.1169	0.819	1.1587	1.0996	0.9096	0.5337	0.9828	0.6842
V	0.9818	1.9381	1.5145	2.5803	1.3	1.8521	0.7355	1.1159	0.6481
W	4.5203	0.5113	0.8567	0.1734	0.6738	0.1633	0.7024	0.1923	0.0507
Y	10.5593	1.1473	1.8853	0.4277	0.9958	0.2685	1.1257	1.0418	0.1565

pepL	alpha	w_s
12	99.5307	0.083	0.1488	0	0.3949	0.3734
13	98.9575	0.0263	0.0764	0.2382	0.4675	0.1916
14	98.3294	0.0043	0.0259	0.161	0	0.4702	0.2977	0.0409
15	98.0139	0.0017	0.0096	0.0839	0.376	0.4093	0.0998	0.0197
16	98.2233	8e-04	0.0022	0.03	0.2337	0	0.5219	0.1563	0.0471	0.0079
17	98.735	8e-04	0.0019	0.0146	0.1152	0.4293	0.2806	0.114	0.0363	0.0072
18	99.2174	5e-04	0.0013	0.0066	0.0433	0.2908	0	0.3312	0.218	0.0767	0.0267	0.005
19	99.5133	0.001	0.0012	0.0074	0.029	0.145	0.2323	0.2918	0.1844	0.0762	0.0263	0.0055
20	99.691	0.001	0.0012	0.0048	0.0176	0.0704	0.1449	0	0.2809	0.2454	0.1596	0.0505	0.0192	0.0045
21	99.7886	0.0013	0.002	0.0054	0.0189	0.0569	0.1038	0.1383	0.2554	0.2215	0.1327	0.043	0.0166	0.0041
