Allele	BoLA_DRB3_131_01
Type	Standard
n_specificities	1
npep_u	1
npep_t	5000
spec_ids	1
L_core	9
L_N	0
L_C	0
CS_perL	1
pepL_lower	12
pepL_upper	21
n_diff_aa	20

PWM_norm.1	P1	P2	P3	P4	P5	P6	P7	P8	P9
A	0.0934	1.1607	1.5224	2.2322	0.8216	1.3189	0.6734	0.9184	0.5372
C	0.049	0.1118	0.2463	0.1455	0.2202	0.1687	0.176	0.0851	0.2245
D	0.0361	0.6338	0.2322	0.3615	1.0967	1.414	0.4631	0.5949	1.4085
E	0.0576	1.3684	0.5466	0.1555	1.3748	1.2715	1.0339	0.8202	0.8257
F	8.2964	0.8526	1.3381	2.2938	0.5908	0.372	1.4012	0.3267	0.3565
G	0.0619	0.3848	0.4073	0.4877	0.7476	0.3853	0.4229	0.7208	0.1771
H	0.1244	1.2561	0.7173	6.0669	1.264	0.3663	2.9863	0.875	0.2178
I	2.7704	1.3421	2.4065	0.762	1.0307	2.6642	1.2769	1.4961	3.0486
K	0.0618	1.482	0.9092	1.0952	1.8738	0.9139	1.4746	1.6932	0.2076
L	1.3527	0.8135	0.9653	0.2651	0.632	1.4814	1.1343	1.2865	3.3682
M	0.9209	0.5171	1.4668	0.237	0.7298	1.0358	0.6559	0.8894	0.7955
N	0.0713	0.99	0.8709	1.3437	1.0173	0.9992	1.9096	1.0023	0.5823
P	0.0388	0.0632	1.2231	0.0862	1.113	0.3214	0.7761	1.5663	0.0775
Q	0.0536	1.1825	1.0822	0.4311	1.2361	0.8163	1.5187	1.1767	0.2619
R	0.0379	1.5489	0.8533	0.4611	1.1425	0.7265	1.1456	1.1307	0.2319
S	0.0414	0.7706	0.9	1.3457	0.683	0.5759	0.4427	0.5463	0.1685
T	0.0773	1.2343	0.6741	1.3022	1.2418	1.0592	0.6261	0.9487	0.4456
V	0.9818	1.8888	1.429	1.5648	1.1149	1.7018	0.909	1.2539	3.3907
W	4.5203	0.4506	0.6712	1.2903	0.5612	0.3635	1.0691	0.1717	0.0799
Y	10.5593	1.1478	1.7827	0.8285	0.8841	0.4211	1.4265	1.0069	0.4821

pepL	alpha	w_s
12	99.5307	0.083	0.1488	0	0.3949	0.3734
13	98.9575	0.0263	0.0764	0.2382	0.4675	0.1916
14	98.3294	0.0043	0.0259	0.161	0	0.4702	0.2977	0.0409
15	98.0139	0.0017	0.0096	0.0839	0.376	0.4093	0.0998	0.0197
16	98.2233	8e-04	0.0022	0.03	0.2337	0	0.5219	0.1563	0.0471	0.0079
17	98.735	8e-04	0.0019	0.0146	0.1152	0.4293	0.2806	0.114	0.0363	0.0072
18	99.2174	5e-04	0.0013	0.0066	0.0433	0.2908	0	0.3312	0.218	0.0767	0.0267	0.005
19	99.5133	0.001	0.0012	0.0074	0.029	0.145	0.2323	0.2918	0.1844	0.0762	0.0263	0.0055
20	99.691	0.001	0.0012	0.0048	0.0176	0.0704	0.1449	0	0.2809	0.2454	0.1596	0.0505	0.0192	0.0045
21	99.7886	0.0013	0.002	0.0054	0.0189	0.0569	0.1038	0.1383	0.2554	0.2215	0.1327	0.043	0.0166	0.0041
