Allele	BoLA_DRB3_121_01
Type	Standard
n_specificities	1
npep_u	1
npep_t	5000
spec_ids	1
L_core	9
L_N	0
L_C	0
CS_perL	1
pepL_lower	12
pepL_upper	21
n_diff_aa	20

PWM_norm.1	P1	P2	P3	P4	P5	P6	P7	P8	P9
A	0.0896	1.3819	1.3362	1.0405	1.1113	1.8276	0.8292	1.1786	1.0957
C	0.0511	0.0859	0.2923	0.2825	0.2509	0.4025	0.1289	0.1131	0.5635
D	0.0347	0.6727	0.4376	0.245	1.0144	1.7601	1.1289	0.5371	0.1935
E	0.0549	1.7044	0.6557	0.8426	1.0508	0.961	1.8578	0.9166	0.2099
F	8.5177	0.8393	1.5465	1.9305	0.6327	0.2499	0.7898	0.6046	1.543
G	0.0609	0.4529	0.5251	0.2173	0.7159	1.1119	0.7963	0.9621	0.438
H	0.1257	1.6694	0.9093	0.4581	0.9666	0.2985	1.4711	1.5437	0.3602
I	2.7942	0.9773	2.0847	2.7657	1.1435	1.0951	1.037	1.0119	1.9572
K	0.0562	1.1873	1.0273	0.1866	1.6736	0.0814	0.8982	1.5625	0.194
L	1.3764	0.683	0.9017	3.0692	0.7311	0.5738	1.8091	1.0918	2.2274
M	0.9048	0.4878	1.1607	3.2039	0.8685	0.6813	1.3345	0.5453	1.4793
N	0.0706	1.3314	0.593	0.2982	1.1888	2.3787	1.382	0.8962	0.8272
P	0.0383	0.0706	1.0023	0.079	1.1968	0.8808	0.4299	1.2711	0.1121
Q	0.0511	1.3149	0.7472	0.4809	0.9179	0.9261	1.6688	1.0865	0.5299
R	0.0397	1.2296	0.5696	0.0974	1.2093	0.0731	0.7274	1.4361	0.2936
S	0.0409	0.9684	0.9901	0.5613	0.8977	1.1078	0.4312	0.7431	0.6567
T	0.0763	1.4653	0.6677	0.6686	1.1132	1.7967	0.4779	0.862	0.8387
V	0.9921	1.1942	1.6015	1.6316	1.1232	1.85	0.7776	0.984	3.1594
W	4.4804	0.4664	0.9845	0.6925	0.424	0.1059	0.4444	0.333	0.1929
Y	10.1766	1.2296	2.8881	0.6583	0.8405	0.1614	0.6428	1.0692	2.8655

pepL	alpha	w_s
12	99.5307	0.083	0.1488	0	0.3949	0.3733
13	98.9574	0.0263	0.0764	0.2382	0.4675	0.1916
14	98.3293	0.0043	0.0259	0.161	0	0.4702	0.2976	0.0409
15	98.0138	0.0017	0.0096	0.0839	0.3761	0.4093	0.0998	0.0197
16	98.2233	8e-04	0.0022	0.03	0.2337	0	0.522	0.1562	0.0472	0.0079
17	98.7349	8e-04	0.0019	0.0146	0.1152	0.4294	0.2806	0.114	0.0362	0.0072
18	99.2174	5e-04	0.0013	0.0066	0.0433	0.2908	0	0.3312	0.218	0.0767	0.0267	0.005
19	99.5134	0.001	0.0012	0.0074	0.029	0.145	0.2323	0.2917	0.1843	0.0762	0.0263	0.0055
20	99.6911	0.001	0.0012	0.0048	0.0176	0.0704	0.1449	0	0.2809	0.2453	0.1596	0.0505	0.0192	0.0045
21	99.7886	0.0013	0.002	0.0054	0.0189	0.0569	0.1038	0.1384	0.2552	0.2215	0.1327	0.043	0.0166	0.0041
