Allele	BoLA_DRB3_116_03
Type	Standard
n_specificities	1
npep_u	1
npep_t	5000
spec_ids	1
L_core	9
L_N	0
L_C	0
CS_perL	1
pepL_lower	12
pepL_upper	21
n_diff_aa	20

PWM_norm.1	P1	P2	P3	P4	P5	P6	P7	P8	P9
A	0.1598	0.9786	1.5224	1.4329	0.7577	1.0312	1.0809	0.9805	0.4413
C	0.0686	0.1182	0.2463	0.0991	0.1333	0.2093	0.1986	0.1459	0.1236
D	0.0465	0.5555	0.2322	9.3016	0.9708	2.2616	0.4842	0.6786	0.1869
E	0.0361	1.1065	0.5466	0.6397	1.2483	1.2928	0.8861	0.7512	0.0935
F	1.2075	0.8442	1.3381	0.4021	0.4915	0.2034	1.1266	0.4879	0.96
G	0.0913	0.3341	0.4073	0.5489	0.9037	0.3135	0.8041	0.8153	0.0666
H	0.0557	1.4506	0.7173	0.3688	1.2087	0.5421	1.5615	0.9494	0.0789
I	8.8482	1.5874	2.4065	0.2559	0.8266	2.4779	1.5253	1.3566	5.3864
K	0.0511	1.7251	0.9092	0.0801	1.882	0.654	0.8619	1.585	0.0541
L	2.6807	0.856	0.9653	0.1241	0.5931	1.1798	0.9822	1.0225	2.8816
M	1.5984	0.5286	1.4668	0.1723	0.5215	0.7006	0.7412	0.8048	0.7697
N	0.0572	1.0179	0.8709	1.6368	1.0031	2.0102	1.5303	1.1559	0.3634
P	0.0827	0.0529	1.2231	0.0708	1.3666	0.2999	1.5367	1.5918	0.0528
Q	0.0401	1.1967	1.0822	0.3172	1.0854	0.8403	0.9007	1.0076	0.1707
R	0.0421	1.746	0.8533	0.0768	1.2979	0.4861	0.8527	1.2815	0.0651
S	0.0434	0.7128	0.9	1.5471	0.834	0.6718	0.7428	0.6796	0.1015
T	0.1511	1.1169	0.6741	1.1631	1.1943	1.2982	1.0893	1.06	0.3841
V	3.5484	1.9381	1.429	0.5266	1.2652	1.8101	1.2175	1.1414	4.6451
W	0.3015	0.5113	0.6712	0.1033	0.597	0.1454	0.6177	0.2409	0.0989
Y	0.2197	1.1473	1.7827	0.1084	0.7478	0.2393	0.9886	1.1115	1.3306

pepL	alpha	w_s
12	99.5307	0.083	0.1488	0	0.3949	0.3734
13	98.9575	0.0263	0.0764	0.2382	0.4675	0.1916
14	98.3294	0.0043	0.0259	0.161	0	0.4702	0.2977	0.0409
15	98.0139	0.0017	0.0096	0.0839	0.376	0.4093	0.0998	0.0197
16	98.2233	8e-04	0.0022	0.03	0.2337	0	0.5219	0.1563	0.0471	0.0079
17	98.735	8e-04	0.0019	0.0146	0.1152	0.4293	0.2806	0.114	0.0363	0.0072
18	99.2174	5e-04	0.0013	0.0066	0.0433	0.2908	0	0.3312	0.218	0.0767	0.0267	0.005
19	99.5133	0.001	0.0012	0.0074	0.029	0.145	0.2323	0.2918	0.1844	0.0762	0.0263	0.0055
20	99.691	0.001	0.0012	0.0048	0.0176	0.0704	0.1449	0	0.2809	0.2454	0.1596	0.0505	0.0192	0.0045
21	99.7886	0.0013	0.002	0.0054	0.0189	0.0569	0.1038	0.1383	0.2554	0.2215	0.1327	0.043	0.0166	0.0041
