Allele	BoLA_DRB3_015_05
Type	Standard
n_specificities	1
npep_u	1
npep_t	5000
spec_ids	1
L_core	9
L_N	0
L_C	0
CS_perL	1
pepL_lower	12
pepL_upper	21
n_diff_aa	20

PWM_norm.1	P1	P2	P3	P4	P5	P6	P7	P8	P9
A	0.1514	0.971	1.6225	3.6559	1.1921	0.3855	1.2573	0.9729	0.4283
C	0.0752	0.118	0.2656	0.1214	0.184	0.0487	0.495	0.1419	0.1255
D	0.0461	0.5546	0.3958	0.1596	0.8969	0.2792	0.8135	0.644	0.1301
E	0.034	1.1045	0.6995	0.1108	1.0712	0.2249	1.0054	0.7757	0.1264
F	1.2848	0.8507	1.3262	0.8568	0.8231	0.1161	0.9443	0.514	1.9473
G	0.0928	0.3361	0.745	0.406	0.4837	0.1088	0.7445	0.7762	0.0996
H	0.0565	1.4432	1.0478	2.1071	0.8978	0.7552	1.7821	0.9403	0.1669
I	8.7075	1.5947	1.579	1.1574	1.8777	1.0938	1.1163	1.4054	5.7364
K	0.0468	1.7443	0.8833	0.856	1.6403	7.2213	1.0827	1.6146	0.0715
L	2.8025	0.8388	0.6469	0.2488	0.9402	0.7015	0.9051	1.0371	2.7143
M	1.498	0.5271	1.6672	0.1921	1.0697	0.2934	0.9933	0.8387	1.0562
N	0.0555	1.0223	0.8661	1.2148	0.9571	0.2394	1.7273	1.1172	0.2742
P	0.0887	0.0548	1.047	0.0638	0.7152	0.225	0.6677	1.5425	0.0842
Q	0.0383	1.2417	1.0463	0.2581	1.4795	0.3926	1.356	1.0018	0.2482
R	0.0451	1.734	0.8394	0.5517	0.7332	3.6995	0.9865	1.2487	0.0829
S	0.0404	0.7046	1.2171	1.3685	0.4549	0.1562	0.7368	0.7036	0.121
T	0.1519	1.109	0.7531	2.1444	1.2691	0.6725	0.8046	1.0539	0.3959
V	3.4569	1.94	1.1218	2.5534	1.2775	1.1244	1.0361	1.1407	3.7246
W	0.3205	0.5062	1.02	0.3251	0.3583	0.0975	1.3458	0.2582	0.3495
Y	0.1975	1.153	1.9765	0.3096	1.3852	0.1231	1.1815	1.1563	1.4163

pepL	alpha	w_s
12	99.5307	0.083	0.1488	0	0.3949	0.3733
13	98.9574	0.0263	0.0764	0.2382	0.4675	0.1916
14	98.3293	0.0043	0.0259	0.161	0	0.4702	0.2976	0.0409
15	98.0138	0.0017	0.0096	0.0839	0.3761	0.4093	0.0998	0.0197
16	98.2233	8e-04	0.0022	0.03	0.2337	0	0.522	0.1562	0.0472	0.0079
17	98.7349	8e-04	0.0019	0.0146	0.1152	0.4294	0.2806	0.114	0.0362	0.0072
18	99.2174	5e-04	0.0013	0.0066	0.0433	0.2908	0	0.3312	0.218	0.0767	0.0267	0.005
19	99.5134	0.001	0.0012	0.0074	0.029	0.145	0.2323	0.2917	0.1843	0.0762	0.0263	0.0055
20	99.6911	0.001	0.0012	0.0048	0.0176	0.0704	0.1449	0	0.2809	0.2453	0.1596	0.0505	0.0192	0.0045
21	99.7886	0.0013	0.002	0.0054	0.0189	0.0569	0.1038	0.1384	0.2552	0.2215	0.1327	0.043	0.0166	0.0041
