Allele	BoLA_DRB3_129_01
Type	Standard
n_specificities	1
npep_u	1
npep_t	5000
spec_ids	1
L_core	9
L_N	0
L_C	0
CS_perL	1
pepL_lower	12
pepL_upper	21
n_diff_aa	20

PWM_norm.1	P1	P2	P3	P4	P5	P6	P7	P8	P9
A	0.0934	1.2473	1.663	2.2907	1.1928	0.9861	0.8429	1.0939	1.494
C	0.049	0.1352	0.1783	0.3164	0.1234	0.1748	0.167	0.1081	0.5403
D	0.0361	0.7585	0.3486	1.2679	1.1495	0.8861	1.2599	0.5678	0.272
E	0.0576	1.4975	0.6738	0.5195	1.2937	0.7131	2.31	0.7548	0.3531
F	8.2964	0.8102	1.4363	1.1101	0.7236	0.359	0.6368	0.3915	0.9014
G	0.0619	0.4358	0.7849	0.6148	0.5806	0.3208	0.6807	0.9039	0.6895
H	0.1244	1.6594	1.1919	1.1837	0.9772	1.4328	1.1506	1.1699	0.4213
I	2.7704	1.0886	1.4507	0.8053	1.6239	2.2367	1.0669	1.2447	1.7823
K	0.0618	1.3206	0.8507	0.2181	1.6712	1.2433	0.4982	1.6311	0.7274
L	1.3527	0.6876	0.5737	0.2989	0.7502	1.2915	1.3411	1.0727	1.5479
M	0.9209	0.5937	1.5322	0.359	0.8544	0.9519	0.5494	0.6405	1.428
N	0.0713	1.117	0.7705	2.9884	0.9081	1.5365	2.0737	1.0421	1.1327
P	0.0388	0.0724	1.0135	0.123	0.7101	0.6251	0.7817	1.5552	0.1905
Q	0.0536	1.3901	1.1002	0.6214	1.3192	1.3162	1.132	1.0564	0.9535
R	0.0379	1.3883	0.6823	0.1967	0.9136	1.0101	0.3733	1.3639	1.2038
S	0.0414	0.8894	1.384	1.8019	0.5322	0.4112	0.6769	0.6613	0.9068
T	0.0773	1.277	0.6395	2.1431	1.2256	1.1022	0.7506	0.9828	0.8112
V	0.9818	1.4789	1.0638	1.6932	1.3176	2.1041	1.0109	1.1159	2.1145
W	4.5203	0.6033	1.3687	0.4507	0.2971	0.1748	0.428	0.1923	0.4362
Y	10.5593	1.2006	2.5065	0.3442	1.1805	0.3026	1.2095	1.0418	1.3752

pepL	alpha	w_s
12	99.5307	0.083	0.1488	0	0.3949	0.3734
13	98.9575	0.0263	0.0764	0.2382	0.4675	0.1916
14	98.3294	0.0043	0.0259	0.161	0	0.4702	0.2977	0.0409
15	98.0139	0.0017	0.0096	0.0839	0.376	0.4093	0.0998	0.0197
16	98.2233	8e-04	0.0022	0.03	0.2337	0	0.5219	0.1563	0.0471	0.0079
17	98.735	8e-04	0.0019	0.0146	0.1152	0.4293	0.2806	0.114	0.0363	0.0072
18	99.2174	5e-04	0.0013	0.0066	0.0433	0.2908	0	0.3312	0.218	0.0767	0.0267	0.005
19	99.5133	0.001	0.0012	0.0074	0.029	0.145	0.2323	0.2918	0.1844	0.0762	0.0263	0.0055
20	99.691	0.001	0.0012	0.0048	0.0176	0.0704	0.1449	0	0.2809	0.2454	0.1596	0.0505	0.0192	0.0045
21	99.7886	0.0013	0.002	0.0054	0.0189	0.0569	0.1038	0.1383	0.2554	0.2215	0.1327	0.043	0.0166	0.0041
