Allele	BoLA_DRB3_015_01
Type	Standard
n_specificities	1
npep_u	1
npep_t	3946
spec_ids	1
L_core	9
L_N	0
L_C	0
CS_perL	1
pepL_lower	12
pepL_upper	21
n_diff_aa	20

PWM_norm.1	P1	P2	P3	P4	P5	P6	P7	P8	P9
A	0.0699	1.057	1.6805	5.9167	1.2753	0.369	1.638	1.1646	0.2338
C	0.0361	0.1097	0.0755	0.0408	0.0858	0.0585	0.1885	0.0855	0.0331
D	0.0172	0.3854	0.3204	0.0938	0.8853	0.4102	0.6698	0.8907	0.09
E	0.0134	1.0492	0.7668	0.0266	1.0361	0.0936	1.7959	0.7308	0.0726
F	1.5538	1.2611	1.3345	0.3918	0.8297	0.0799	0.2957	0.6042	5.6154
G	0.0431	0.2056	0.7292	0.5771	0.3813	0.0733	0.4272	0.8301	0.0867
H	0.0471	1.0116	0.9759	0.5314	0.7945	0.1958	0.6244	0.9453	0.157
I	9.9257	2.1453	1.4132	0.5566	2.1487	1.0243	1.3854	1.5608	5.6595
K	0.0208	1.3715	0.7803	0.3968	1.6771	7.5967	0.4882	1.67	0.0683
L	2.7721	1.2147	0.5299	0.0581	0.905	0.9986	0.3209	1.167	2.6748
M	1.6348	0.7302	1.8616	0.054	1.0797	0.3897	0.8736	0.3687	1.8487
N	0.0274	1.4518	0.8108	0.3358	0.8984	0.1626	2.3825	1.1787	0.2337
P	0.0113	0.0232	1.1145	0.0239	0.6531	0.2363	0.705	1.1065	0.0659
Q	0.0254	0.5972	1.2099	0.052	1.5813	0.2389	1.6848	0.8465	0.1682
R	0.018	1.3504	0.8339	0.4274	0.7117	3.4384	0.736	1.3568	0.0195
S	0.0155	0.5471	1.4726	1.4035	0.3555	0.126	1.03	1.0377	0.0458
T	0.097	0.7395	0.6879	3.432	1.2666	0.6793	1.3465	0.5477	0.2244
V	2.8444	2.5912	1.0215	1.9501	1.3742	1.1536	1.6757	1.1185	2.1926
W	0.6344	0.2099	1.081	0.0224	0.3305	0.022	0.6699	0.2466	1.149
Y	0.1217	1.3273	1.9552	0.0355	1.5115	0.034	0.2046	0.6843	1.041

pepL	alpha	w_s
12	99.5307	0.083	0.1488	0	0.3949	0.3733
13	98.9574	0.0263	0.0764	0.2382	0.4675	0.1916
14	98.3293	0.0043	0.0259	0.161	0	0.4702	0.2976	0.0409
15	98.0138	0.0017	0.0096	0.0839	0.3761	0.4093	0.0998	0.0197
16	98.2233	8e-04	0.0022	0.03	0.2337	0	0.522	0.1562	0.0472	0.0079
17	98.7349	8e-04	0.0019	0.0146	0.1152	0.4294	0.2806	0.114	0.0362	0.0072
18	99.2174	5e-04	0.0013	0.0066	0.0433	0.2908	0	0.3312	0.218	0.0767	0.0267	0.005
19	99.5134	0.001	0.0012	0.0074	0.029	0.145	0.2323	0.2917	0.1843	0.0762	0.0263	0.0055
20	99.6911	0.001	0.0012	0.0048	0.0176	0.0704	0.1449	0	0.2809	0.2453	0.1596	0.0505	0.0192	0.0045
21	99.7886	0.0013	0.002	0.0054	0.0189	0.0569	0.1038	0.1384	0.2552	0.2215	0.1327	0.043	0.0166	0.0041
