Allele	BoLA_DRB3_130_01
Type	Standard
n_specificities	1
npep_u	1
npep_t	5000
spec_ids	1
L_core	9
L_N	0
L_C	0
CS_perL	1
pepL_lower	12
pepL_upper	21
n_diff_aa	20

PWM_norm.1	P1	P2	P3	P4	P5	P6	P7	P8	P9
A	0.1514	0.971	1.6225	3.1137	1.1438	1.8002	1.2967	0.9729	0.4283
C	0.0752	0.118	0.2656	0.1919	0.2114	0.3535	0.282	0.1419	0.1255
D	0.0461	0.5546	0.3958	1.8791	1.1321	0.5903	0.859	0.644	0.1301
E	0.034	1.1045	0.6995	0.5977	1.1217	0.4843	1.035	0.7757	0.1264
F	1.2848	0.8507	1.3262	0.3129	0.7052	0.3887	1.0551	0.514	1.9473
G	0.0928	0.3361	0.745	0.4257	0.5621	0.7442	1.4013	0.7762	0.0996
H	0.0565	1.4432	1.0478	0.2466	0.8959	0.9947	1.5971	0.9403	0.1669
I	8.7075	1.5947	1.579	1.0558	1.5292	2.092	1.2583	1.4054	5.7364
K	0.0468	1.7443	0.8833	0.0873	1.5915	0.9978	0.9228	1.6146	0.0715
L	2.8025	0.8388	0.6469	0.2911	0.8465	0.9317	0.8961	1.0371	2.7143
M	1.498	0.5271	1.6672	0.3601	1.0169	0.6417	0.7209	0.8387	1.0562
N	0.0555	1.0223	0.8661	1.9902	0.9398	1.3388	1.5597	1.1172	0.2742
P	0.0887	0.0548	1.047	0.0472	0.9422	0.8643	0.9395	1.5425	0.0842
Q	0.0383	1.2417	1.0463	0.5312	1.1079	1.0544	0.8941	1.0018	0.2482
R	0.0451	1.734	0.8394	0.0817	1.0439	0.684	0.8025	1.2487	0.0829
S	0.0404	0.7046	1.2171	1.9409	0.6057	0.6301	0.6769	0.7036	0.121
T	0.1519	1.109	0.7531	2.3244	1.1452	1.3489	0.8245	1.0539	0.3959
V	3.4569	1.94	1.1218	1.9244	1.3421	2.2235	0.9159	1.1407	3.7246
W	0.3205	0.5062	1.02	0.0947	0.3943	0.2046	1.0074	0.2582	0.3495
Y	0.1975	1.153	1.9765	0.0862	1.0607	0.2796	1.2685	1.1563	1.4163

pepL	alpha	w_s
12	99.5307	0.083	0.1488	0	0.3949	0.3733
13	98.9574	0.0263	0.0764	0.2382	0.4675	0.1916
14	98.3293	0.0043	0.0259	0.161	0	0.4702	0.2976	0.0409
15	98.0138	0.0017	0.0096	0.0839	0.3761	0.4093	0.0998	0.0197
16	98.2233	8e-04	0.0022	0.03	0.2337	0	0.522	0.1562	0.0472	0.0079
17	98.7349	8e-04	0.0019	0.0146	0.1152	0.4294	0.2806	0.114	0.0362	0.0072
18	99.2174	5e-04	0.0013	0.0066	0.0433	0.2908	0	0.3312	0.218	0.0767	0.0267	0.005
19	99.5134	0.001	0.0012	0.0074	0.029	0.145	0.2323	0.2917	0.1843	0.0762	0.0263	0.0055
20	99.6911	0.001	0.0012	0.0048	0.0176	0.0704	0.1449	0	0.2809	0.2453	0.1596	0.0505	0.0192	0.0045
21	99.7886	0.0013	0.002	0.0054	0.0189	0.0569	0.1038	0.1384	0.2552	0.2215	0.1327	0.043	0.0166	0.0041
