Allele	BoLA_DRB3_118_01
Type	Standard
n_specificities	1
npep_u	1
npep_t	5000
spec_ids	1
L_core	9
L_N	0
L_C	0
CS_perL	1
pepL_lower	12
pepL_upper	21
n_diff_aa	20

PWM_norm.1	P1	P2	P3	P4	P5	P6	P7	P8	P9
A	0.1514	1.3819	1.352	2.0067	0.908	1.133	1.5182	1.1386	0.8394
C	0.0752	0.0859	0.2941	0.3654	0.1951	0.3121	0.1477	0.1111	0.3025
D	0.0461	0.6727	0.4106	0.4835	1.117	1.5842	0.5724	0.5239	0.203
E	0.034	1.7044	0.7465	0.4144	1.1434	0.9811	0.8739	0.7809	0.117
F	1.2848	0.8393	1.4535	1.8299	0.4915	0.2253	1.06	0.4269	0.3658
G	0.0928	0.4529	0.5135	0.4339	0.6528	0.4454	1.3554	0.9269	0.1751
H	0.0565	1.6694	1.2532	2.336	1.1159	0.637	1.42	1.2675	0.1549
I	8.7075	0.9773	1.8984	1.913	1.1545	2.0406	1.2551	1.2269	1.9688
K	0.0468	1.1873	0.9766	0.3759	1.7854	0.5433	1.0925	1.583	0.1791
L	2.8025	0.683	0.8884	0.8589	0.7326	1.0263	1.2713	1.0731	2.8568
M	1.498	0.4878	1.1773	0.9261	0.8696	0.9099	1.0006	0.6623	0.6158
N	0.0555	1.3314	0.7327	0.6869	0.9501	1.3314	1.1123	1.001	2.3657
P	0.0887	0.0706	1.1004	0.2488	0.7792	1.0798	1.0475	1.511	0.0767
Q	0.0383	1.3149	1.0531	0.3595	1.1398	0.7736	0.9889	1.0428	0.3068
R	0.0451	1.2296	0.7195	0.2051	1.332	0.3557	0.9277	1.3415	0.267
S	0.0404	0.9684	0.7257	1.4608	0.7629	0.5796	0.5786	0.6948	0.5038
T	0.1519	1.4653	0.6503	1.5034	1.2493	1.4112	0.5728	0.9725	0.5776
V	3.4569	1.1942	1.5672	2.3406	1.516	2.731	0.7538	1.0962	4.7515
W	0.3205	0.4664	1.1659	0.6174	0.4454	0.181	0.7748	0.2239	0.0652
Y	0.1975	1.2296	2.482	0.5507	0.8126	0.2937	1.2673	1.0252	0.6905

pepL	alpha	w_s
12	99.5307	0.083	0.1488	0	0.3949	0.3733
13	98.9574	0.0263	0.0764	0.2382	0.4675	0.1916
14	98.3293	0.0043	0.0259	0.161	0	0.4702	0.2976	0.0409
15	98.0138	0.0017	0.0096	0.0839	0.3761	0.4093	0.0998	0.0197
16	98.2233	8e-04	0.0022	0.03	0.2337	0	0.522	0.1562	0.0472	0.0079
17	98.7349	8e-04	0.0019	0.0146	0.1152	0.4294	0.2806	0.114	0.0362	0.0072
18	99.2174	5e-04	0.0013	0.0066	0.0433	0.2908	0	0.3312	0.218	0.0767	0.0267	0.005
19	99.5134	0.001	0.0012	0.0074	0.029	0.145	0.2323	0.2917	0.1843	0.0762	0.0263	0.0055
20	99.6911	0.001	0.0012	0.0048	0.0176	0.0704	0.1449	0	0.2809	0.2453	0.1596	0.0505	0.0192	0.0045
21	99.7886	0.0013	0.002	0.0054	0.0189	0.0569	0.1038	0.1384	0.2552	0.2215	0.1327	0.043	0.0166	0.0041
