Allele	BoLA_DRB3_031_03
Type	Standard
n_specificities	1
npep_u	1
npep_t	5000
spec_ids	1
L_core	9
L_N	0
L_C	0
CS_perL	1
pepL_lower	12
pepL_upper	21
n_diff_aa	20

PWM_norm.1	P1	P2	P3	P4	P5	P6	P7	P8	P9
A	0.1391	1.4655	1.3004	1.5449	0.7701	0.9316	1.0704	0.9162	0.4333
C	0.0583	0.1005	0.2282	0.3742	0.2065	0.208	0.233	0.0927	0.1371
D	0.0402	0.6538	0.4098	2.4824	0.976	3.2125	0.6061	0.6166	0.1648
E	0.0321	1.7354	0.8051	0.8784	1.1234	1.4667	0.811	0.7327	0.1457
F	0.8712	0.7927	1.481	1.3709	0.5427	0.1933	1.1512	0.2443	0.6707
G	0.0626	0.46	0.4829	0.6253	0.8486	0.2886	0.8005	0.7801	0.0589
H	0.041	1.5931	1.2746	1.8359	1.1596	0.3927	1.4351	0.9705	0.0574
I	8.7661	0.9289	1.8968	1.1399	0.8787	2.0599	1.4008	1.5146	4.7458
K	0.0339	1.1939	1.0096	0.2771	1.8166	0.2561	0.8936	1.6041	0.0693
L	2.7494	0.6749	0.8862	0.4609	0.6055	1.072	0.8856	1.2326	3.5017
M	1.3964	0.4812	1.0243	0.6337	0.6464	0.8333	0.7945	0.7715	0.7819
N	0.0398	1.3847	0.7088	1.648	1.0052	2.4065	1.6929	1.0745	0.2485
P	0.0759	0.0719	1.1305	0.4047	1.225	0.3371	1.9816	1.7534	0.0443
Q	0.0349	1.2558	1.0451	0.6188	1.151	0.9297	0.9872	1.138	0.1531
R	0.0305	1.2263	0.7011	0.2286	1.3763	0.1571	0.7974	1.2046	0.1092
S	0.033	0.96	0.7078	1.3388	0.903	0.7346	0.7176	0.4978	0.0803
T	0.1218	1.4589	0.6456	1.52	1.1863	1.2151	0.881	0.9604	0.3238
V	3.9808	1.2283	1.6172	1.5507	1.2615	1.8201	1.0043	1.2654	4.5109
W	0.1798	0.3642	1.2015	0.6665	0.7265	0.1133	0.7782	0.1237	0.0867
Y	0.1653	1.2166	2.5478	0.606	0.804	0.2321	1.1171	1.0328	0.9837

pepL	alpha	w_s
12	99.5307	0.083	0.1488	0	0.3949	0.3734
13	98.9575	0.0263	0.0764	0.2382	0.4675	0.1916
14	98.3294	0.0043	0.0259	0.161	0	0.4702	0.2977	0.0409
15	98.0139	0.0017	0.0096	0.0839	0.376	0.4093	0.0998	0.0197
16	98.2233	8e-04	0.0022	0.03	0.2337	0	0.5219	0.1563	0.0471	0.0079
17	98.735	8e-04	0.0019	0.0146	0.1152	0.4293	0.2806	0.114	0.0363	0.0072
18	99.2174	5e-04	0.0013	0.0066	0.0433	0.2908	0	0.3312	0.218	0.0767	0.0267	0.005
19	99.5133	0.001	0.0012	0.0074	0.029	0.145	0.2323	0.2918	0.1844	0.0762	0.0263	0.0055
20	99.691	0.001	0.0012	0.0048	0.0176	0.0704	0.1449	0	0.2809	0.2454	0.1596	0.0505	0.0192	0.0045
21	99.7886	0.0013	0.002	0.0054	0.0189	0.0569	0.1038	0.1383	0.2554	0.2215	0.1327	0.043	0.0166	0.0041
