Allele	BoLA_DRB3_081_02
Type	Standard
n_specificities	1
npep_u	1
npep_t	5000
spec_ids	1
L_core	9
L_N	0
L_C	0
CS_perL	1
pepL_lower	12
pepL_upper	21
n_diff_aa	20

PWM_norm.1	P1	P2	P3	P4	P5	P6	P7	P8	P9
A	0.0934	0.9786	1.5651	1.7413	0.8574	1.1318	1.0815	0.8904	0.3673
C	0.049	0.1182	0.1773	0.3174	0.1758	0.2515	0.1864	0.1301	0.1003
D	0.0361	0.5555	0.1902	1.6505	1.3615	3.1564	0.7532	0.898	0.124
E	0.0576	1.1065	0.4662	0.9291	1.5322	2.7833	0.908	0.7694	0.0689
F	8.2964	0.8442	1.0543	0.9438	0.479	0.2052	1.4776	0.3727	1.3513
G	0.0619	0.3341	0.4994	0.5121	0.7246	0.4434	0.8173	0.8219	0.0553
H	0.1244	1.4506	0.738	0.9313	0.9651	0.2787	1.5464	1.0155	0.09
I	2.7704	1.5874	1.993	1.1687	1.0291	1.3133	1.7439	1.5008	5.3199
K	0.0618	1.7251	0.8942	0.1426	1.6754	0.1225	0.8723	1.756	0.0497
L	1.3527	0.856	0.9962	0.4357	0.5967	0.7192	1.0384	0.7888	3.0396
M	0.9209	0.5286	1.0889	0.616	0.611	0.5723	0.9044	0.479	0.7459
N	0.0713	1.0179	0.8018	2.0883	0.9508	2.6849	1.4324	1.1133	0.3159
P	0.0388	0.0529	1.1932	0.148	0.9114	0.2946	1.0962	1.4751	0.0621
Q	0.0536	1.1967	1.2239	0.7611	1.0179	0.774	0.8963	1.098	0.1462
R	0.0379	1.746	1.347	0.1249	1.3148	0.1143	0.9918	1.153	0.0558
S	0.0414	0.7128	0.9148	2.1254	0.7875	0.8942	0.5891	0.6093	0.0817
T	0.0773	1.1169	0.7377	1.9141	1.2114	1.1523	1.0079	1.2041	0.3351
V	0.9818	1.9381	1.4699	1.6186	1.43	1.136	1.1172	1.5054	4.3876
W	4.5203	0.5113	0.6378	0.3654	0.3522	0.101	0.8448	0.1768	0.2191
Y	10.5593	1.1473	1.6649	0.253	0.7873	0.225	0.9063	1.0886	1.5722

pepL	alpha	w_s
12	99.5307	0.083	0.1488	0	0.3949	0.3734
13	98.9575	0.0263	0.0764	0.2382	0.4675	0.1916
14	98.3294	0.0043	0.0259	0.161	0	0.4702	0.2977	0.0409
15	98.0139	0.0017	0.0096	0.0839	0.376	0.4093	0.0998	0.0197
16	98.2233	8e-04	0.0022	0.03	0.2337	0	0.5219	0.1563	0.0471	0.0079
17	98.735	8e-04	0.0019	0.0146	0.1152	0.4293	0.2806	0.114	0.0363	0.0072
18	99.2174	5e-04	0.0013	0.0066	0.0433	0.2908	0	0.3312	0.218	0.0767	0.0267	0.005
19	99.5133	0.001	0.0012	0.0074	0.029	0.145	0.2323	0.2918	0.1844	0.0762	0.0263	0.0055
20	99.691	0.001	0.0012	0.0048	0.0176	0.0704	0.1449	0	0.2809	0.2454	0.1596	0.0505	0.0192	0.0045
21	99.7886	0.0013	0.002	0.0054	0.0189	0.0569	0.1038	0.1383	0.2554	0.2215	0.1327	0.043	0.0166	0.0041
