Allele	BoLA_DRB3_107_03
Type	Standard
n_specificities	1
npep_u	1
npep_t	5000
spec_ids	1
L_core	9
L_N	0
L_C	0
CS_perL	1
pepL_lower	12
pepL_upper	21
n_diff_aa	20

PWM_norm.1	P1	P2	P3	P4	P5	P6	P7	P8	P9
A	0.0934	0.9786	1.3954	2.2741	1.0126	0.7778	1.4364	1.0939	1.2562
C	0.049	0.1182	0.2623	0.3765	0.2396	0.2704	0.1511	0.1081	0.4392
D	0.0361	0.5555	0.2059	0.3157	1.195	2.7624	0.6939	0.5678	0.1017
E	0.0576	1.1065	0.493	0.5205	1.2592	0.9494	1.0324	0.7548	0.1199
F	8.2964	0.8442	1.3723	1.6115	0.5253	0.2218	0.5895	0.3915	0.7951
G	0.0619	0.3341	0.324	0.3631	0.6149	0.3643	1.8085	0.9039	0.3037
H	0.1244	1.4506	0.6516	0.9666	1.1935	1.2855	1.2432	1.1699	0.1983
I	2.7704	1.5874	2.2919	1.7217	1.0911	1.34	1.2044	1.2447	2.9523
K	0.0618	1.7251	1.0703	0.2174	1.8266	0.6149	1.0975	1.6311	0.1013
L	1.3527	0.856	1.0092	1.1919	0.7815	0.7337	1.3464	1.0727	2.638
M	0.9209	0.5286	1.3665	0.9348	0.6649	1.0223	1.2714	0.6405	0.8473
N	0.0713	1.0179	0.6737	0.8702	1.0545	2.7674	1.2905	1.0421	0.6297
P	0.0388	0.0529	1.2682	0.091	1.0315	0.5939	0.6582	1.5552	0.1069
Q	0.0536	1.1967	0.8704	0.4003	1.0471	0.9575	1.2004	1.0564	0.423
R	0.0379	1.746	0.8502	0.1047	1.1423	0.4937	0.8574	1.3639	0.1786
S	0.0414	0.7128	1.0078	1.9853	0.6976	0.7389	0.6014	0.6613	0.5263
T	0.0773	1.1169	0.605	1.3463	1.082	1.7466	0.5985	0.9828	0.8004
V	0.9818	1.9381	1.5993	2.2214	1.2823	1.8203	0.6564	1.1159	4.1048
W	4.5203	0.5113	0.5722	0.2843	0.531	0.1608	0.38	0.1923	0.0789
Y	10.5593	1.1473	2.2936	0.4245	0.8924	0.2149	0.8093	1.0418	1.1131

pepL	alpha	w_s
12	99.5307	0.083	0.1488	0	0.3949	0.3734
13	98.9575	0.0263	0.0764	0.2382	0.4675	0.1916
14	98.3294	0.0043	0.0259	0.161	0	0.4702	0.2977	0.0409
15	98.0139	0.0017	0.0096	0.0839	0.376	0.4093	0.0998	0.0197
16	98.2233	8e-04	0.0022	0.03	0.2337	0	0.5219	0.1563	0.0471	0.0079
17	98.735	8e-04	0.0019	0.0146	0.1152	0.4293	0.2806	0.114	0.0363	0.0072
18	99.2174	5e-04	0.0013	0.0066	0.0433	0.2908	0	0.3312	0.218	0.0767	0.0267	0.005
19	99.5133	0.001	0.0012	0.0074	0.029	0.145	0.2323	0.2918	0.1844	0.0762	0.0263	0.0055
20	99.691	0.001	0.0012	0.0048	0.0176	0.0704	0.1449	0	0.2809	0.2454	0.1596	0.0505	0.0192	0.0045
21	99.7886	0.0013	0.002	0.0054	0.0189	0.0569	0.1038	0.1383	0.2554	0.2215	0.1327	0.043	0.0166	0.0041
