Allele	BoLA_DRB3_153_01
Type	Standard
n_specificities	1
npep_u	1
npep_t	5000
spec_ids	1
L_core	9
L_N	0
L_C	0
CS_perL	1
pepL_lower	12
pepL_upper	21
n_diff_aa	20

PWM_norm.1	P1	P2	P3	P4	P5	P6	P7	P8	P9
A	0.0934	1.2763	1.2917	0.453	0.601	0.4746	0.7596	0.9162	0.8739
C	0.049	0.1405	0.2413	0.1889	0.1688	0.1225	0.1184	0.0927	0.1522
D	0.0361	0.7383	0.3569	0.3852	1.9864	1.1795	0.7489	0.6166	3.5301
E	0.0576	1.5	0.676	1.5065	1.7601	0.9241	1.2208	0.7327	2.9306
F	8.2964	0.8432	1.4982	2.1039	0.3697	0.1524	1.3659	0.2443	0.3977
G	0.0619	0.4409	0.4187	0.1203	0.6042	0.1282	0.4716	0.7801	0.6032
H	0.1244	1.5903	1.1559	1.0808	0.7428	0.1254	1.2736	0.9705	0.4428
I	2.7704	1.1394	2.0003	3.3185	1.3523	4.0756	2.1348	1.5146	1.5972
K	0.0618	1.2703	1.0855	0.0978	1.4258	0.0868	0.6058	1.6041	0.3845
L	1.3527	0.7134	0.9002	3.1612	0.5847	2.5173	1.0696	1.2326	1.4251
M	0.9209	0.6048	1.2181	2.3008	0.9192	0.9624	0.8964	0.7715	0.7005
N	0.0713	1.1087	0.7438	0.2994	0.8888	0.9742	1.8133	1.0745	0.5251
P	0.0388	0.0739	1.1534	0.063	0.9694	0.2206	1.7845	1.7534	0.1874
Q	0.0536	1.3137	1.1455	0.9167	1.076	0.5374	1.0541	1.138	1.1015
R	0.0379	1.352	0.8263	0.0821	1.4109	0.0864	0.5393	1.2046	0.3945
S	0.0414	0.8751	0.7132	0.3643	0.6266	0.2946	0.4724	0.4978	0.2466
T	0.0773	1.279	0.642	0.4725	1.1366	0.8834	0.8415	0.9604	0.3845
V	0.9818	1.5337	1.5578	1.3265	1.2876	3.5294	1.1596	1.2654	1.4157
W	4.5203	0.651	0.9561	0.3441	0.2542	0.0942	0.6338	0.1237	0.1474
Y	10.5593	1.2012	2.3962	0.4593	0.8355	0.2743	1.2937	1.0328	0.3054

pepL	alpha	w_s
12	99.5307	0.083	0.1488	0	0.3949	0.3734
13	98.9575	0.0263	0.0764	0.2382	0.4675	0.1916
14	98.3294	0.0043	0.0259	0.161	0	0.4702	0.2977	0.0409
15	98.0139	0.0017	0.0096	0.0839	0.376	0.4093	0.0998	0.0197
16	98.2233	8e-04	0.0022	0.03	0.2337	0	0.5219	0.1563	0.0471	0.0079
17	98.735	8e-04	0.0019	0.0146	0.1152	0.4293	0.2806	0.114	0.0363	0.0072
18	99.2174	5e-04	0.0013	0.0066	0.0433	0.2908	0	0.3312	0.218	0.0767	0.0267	0.005
19	99.5133	0.001	0.0012	0.0074	0.029	0.145	0.2323	0.2918	0.1844	0.0762	0.0263	0.0055
20	99.691	0.001	0.0012	0.0048	0.0176	0.0704	0.1449	0	0.2809	0.2454	0.1596	0.0505	0.0192	0.0045
21	99.7886	0.0013	0.002	0.0054	0.0189	0.0569	0.1038	0.1383	0.2554	0.2215	0.1327	0.043	0.0166	0.0041
