Allele	BoLA_DRB3_087_03
Type	Standard
n_specificities	2
npep_u	0.98	0.02
npep_t	5000	5000
spec_ids	1	2
L_core	9
L_N	0
L_C	0
CS_perL	1
pepL_lower	12
pepL_upper	21
n_diff_aa	20

PWM_norm.1	P1	P2	P3	P4	P5	P6	P7	P8	P9
A	0.0896	0.971	1.3774	1.5484	1.0221	1.6732	1.6125	1.1882	2.9886
C	0.0511	0.118	0.3387	0.3463	0.2634	0.286	0.1589	0.1339	0.2537
D	0.0347	0.5546	0.3711	0.3349	1.072	0.4276	0.4945	0.5688	0.3959
E	0.0549	1.1045	0.654	0.5118	1.1168	0.5676	0.7486	0.8775	0.4253
F	8.5177	0.8507	1.2456	0.709	0.6032	0.4106	0.7142	0.6199	0.303
G	0.0609	0.3361	0.4798	0.1679	0.6314	0.7202	1.7482	0.9421	2.8643
H	0.1257	1.4432	1.0124	0.4065	1.2363	1.2332	1.2333	1.4512	0.8194
I	2.7942	1.5947	2.0496	2.7354	1.1159	1.4404	1.2674	1.0883	0.4409
K	0.0562	1.7443	0.9983	0.3761	1.8147	2.2621	1.287	1.5225	0.2692
L	1.3764	0.8388	0.944	2.6322	0.7518	0.8066	1.1373	1.0613	0.2066
M	0.9048	0.5271	1.279	1.1617	0.867	0.9209	1.01	0.576	0.3835
N	0.0706	1.0223	0.8029	0.8199	1.0368	0.6804	1.0992	0.9572	0.8743
P	0.0383	0.0548	1.076	0.1206	0.8431	1.0639	1.3376	1.2838	0.3916
Q	0.0511	1.2417	1.113	0.3338	1.0907	1.1031	1.0713	1.0415	2.7636
R	0.0397	1.734	0.9674	0.1472	1.2666	1.0912	0.9308	1.4116	0.2315
S	0.0409	0.7046	0.728	0.9801	0.7681	0.484	0.5497	0.7854	2.1383
T	0.0763	1.109	0.8119	0.9221	1.1004	1.0481	0.45	0.8768	0.6881
V	0.9921	1.94	1.5686	2.5936	1.3517	1.8985	0.6966	1.0057	0.5037
W	4.4804	0.5062	0.7858	0.0991	0.5888	0.2748	0.6694	0.3576	0.0826
Y	10.1766	1.153	1.8626	0.3593	0.8846	0.3349	0.9074	1.0389	0.2

PWM_norm.2	P1	P2	P3	P4	P5	P6	P7	P8	P9
A	0.0948	0.9925	1.3831	1.6726	1.0875	2.1376	2.2792	1.2035	3.2868
C	0.0551	0.1071	0.2816	0.2663	0.2974	0.3643	0.169	0.1155	0.2795
D	0.0383	0.5233	0.3858	0.2369	1.0533	0.7661	0.3332	0.5624	0.3247
E	0.0612	1.103	0.6439	0.5093	1.0793	0.7535	0.5924	0.8504	0.3864
F	8.3233	0.7468	1.1981	0.7934	0.5529	0.3304	1.0069	0.6053	0.2192
G	0.0711	0.3521	0.5474	0.2058	0.6151	0.7668	1.9219	0.9643	2.6985
H	0.1338	1.5039	0.9859	0.5706	1.1074	0.5471	1.486	1.4838	0.6983
I	2.7874	1.56	1.8454	1.8521	1.1273	1.8716	1.1613	0.996	0.4192
K	0.0634	1.7348	0.9342	1.3849	1.6236	0.3711	0.9359	1.5728	0.2328
L	1.4127	0.8645	0.9465	2.0458	0.7734	1.0698	1.0496	1.0854	0.2244
M	0.9032	0.5469	1.1532	1.004	0.8884	0.8151	0.9944	0.548	0.3759
N	0.0767	1.0144	0.8794	0.8931	0.9731	0.8002	0.8574	0.9312	0.7033
P	0.0407	0.0541	1.19	0.1389	1.0935	1.1696	1.3043	1.3087	0.4151
Q	0.0534	1.2075	1.1907	0.3818	0.9918	1.342	0.7957	1.0602	2.7307
R	0.0419	1.7865	1.0018	0.4348	1.2741	0.2282	0.8959	1.4125	0.2044
S	0.0436	0.7161	0.7526	1.1858	0.7552	0.6027	0.5058	0.7858	2.2717
T	0.0823	1.0825	0.8059	1.0162	1.0892	1.2976	0.6195	0.831	0.6673
V	0.9861	1.9691	1.5141	2.3162	1.3662	2.3266	0.818	1.0178	0.5277
W	4.7227	0.466	0.7498	0.1334	0.6056	0.1729	0.529	0.3179	0.079
Y	10.0822	1.1057	1.8722	0.4043	1.0326	0.291	0.6446	1.032	0.1875

pepL	alpha	w_s
12	99.5307	0.083	0.1488	0	0.3949	0.3733	0.083	0.1488	0	0.3949	0.3733
13	98.9574	0.0263	0.0764	0.2382	0.4675	0.1916	0.0263	0.0764	0.2382	0.4675	0.1916
14	98.3293	0.0043	0.0259	0.161	0	0.4702	0.2976	0.0409	0.0043	0.0259	0.161	0	0.4702	0.2976	0.0409
15	98.0138	0.0017	0.0096	0.0839	0.3761	0.4093	0.0998	0.0197	0.0017	0.0096	0.0839	0.3761	0.4093	0.0998	0.0197
16	98.2233	8e-04	0.0022	0.03	0.2337	0	0.522	0.1562	0.0472	0.0079	8e-04	0.0022	0.03	0.2337	0	0.522	0.1562	0.0472	0.0079
17	98.7349	8e-04	0.0019	0.0146	0.1152	0.4294	0.2806	0.114	0.0362	0.0072	8e-04	0.0019	0.0146	0.1152	0.4294	0.2806	0.114	0.0362	0.0072
18	99.2174	5e-04	0.0013	0.0066	0.0433	0.2908	0	0.3312	0.218	0.0767	0.0267	0.005	5e-04	0.0013	0.0066	0.0433	0.2908	0	0.3312	0.218	0.0767	0.0267	0.005
19	99.5134	0.001	0.0012	0.0074	0.029	0.145	0.2323	0.2917	0.1843	0.0762	0.0263	0.0055	0.001	0.0012	0.0074	0.029	0.145	0.2323	0.2917	0.1843	0.0762	0.0263	0.0055
20	99.6911	0.001	0.0012	0.0048	0.0176	0.0704	0.1449	0	0.2809	0.2453	0.1596	0.0505	0.0192	0.0045	0.001	0.0012	0.0048	0.0176	0.0704	0.1449	0	0.2809	0.2453	0.1596	0.0505	0.0192	0.0045
21	99.7886	0.0013	0.002	0.0054	0.0189	0.0569	0.1038	0.1384	0.2552	0.2215	0.1327	0.043	0.0166	0.0041	0.0013	0.002	0.0054	0.0189	0.0569	0.1038	0.1384	0.2552	0.2215	0.1327	0.043	0.0166	0.0041
