Allele	BoLA_DRB3_044_01
Type	Standard
n_specificities	1
npep_u	1
npep_t	5000
spec_ids	1
L_core	9
L_N	0
L_C	0
CS_perL	1
pepL_lower	12
pepL_upper	21
n_diff_aa	20

PWM_norm.1	P1	P2	P3	P4	P5	P6	P7	P8	P9
A	0.1002	1.2784	1.5602	0.5261	1.0194	0.7054	1.3162	1.1882	0.2344
C	0.0597	0.1648	0.3027	0.1725	0.2096	0.1579	0.3116	0.1339	0.0763
D	0.0471	0.814	0.4931	0.3787	1.3402	0.7251	0.922	0.5688	0.0765
E	0.0606	0.55	0.8117	0.3668	1.1222	0.4831	0.9233	0.8775	0.1581
F	7.8216	0.1522	1.0192	5.4912	0.5139	0.2083	1.2028	0.6199	0.9493
G	0.066	0.2947	0.6765	0.1875	0.7412	0.3669	1.1617	0.9421	0.1884
H	0.15	2.2224	0.8006	1.9642	1.2643	1.9991	1.8737	1.4512	0.1518
I	3.1846	0.5985	2.3123	1.5305	0.9232	1.3471	1.3553	1.0883	0.3698
K	0.0697	2.0762	0.8895	0.4539	1.636	4.189	1.0694	1.5225	8.9133
L	1.8579	0.4643	0.9232	0.6482	0.4961	0.4849	0.9848	1.0613	0.4416
M	1.0267	0.7821	1.1039	1.2931	0.6894	0.4351	0.9902	0.576	0.6654
N	0.095	2.3327	0.8403	0.8748	1.2158	0.8995	1.2517	0.9572	0.1187
P	0.0472	0.0861	1.0128	0.0708	1.2505	0.4296	0.637	1.2838	0.0467
Q	0.0653	1.2558	0.8582	0.8466	1.2545	0.6804	0.915	1.0415	0.1705
R	0.0465	3.0769	0.8133	0.5099	1.0996	2.9758	0.9539	1.4116	4.1974
S	0.046	0.7308	0.806	0.299	0.936	0.3824	0.6598	0.7854	0.1066
T	0.0897	1.063	0.8623	0.4319	1.3471	1.1318	0.7641	0.8768	0.1331
V	1.1448	1.0003	1.4503	0.9629	0.8974	1.2126	0.9203	1.0057	0.458
W	3.7081	0.1321	0.5576	8.1563	0.5063	0.229	1.0313	0.3576	0.8543
Y	8.2875	1.2914	1.7284	6.1537	0.9306	0.2985	1.4133	1.0389	0.854

pepL	alpha	w_s
12	99.5307	0.083	0.1488	0	0.3949	0.3733
13	98.9574	0.0263	0.0764	0.2382	0.4675	0.1916
14	98.3293	0.0043	0.0259	0.161	0	0.4702	0.2976	0.0409
15	98.0138	0.0017	0.0096	0.0839	0.3761	0.4093	0.0998	0.0197
16	98.2233	8e-04	0.0022	0.03	0.2337	0	0.522	0.1562	0.0472	0.0079
17	98.7349	8e-04	0.0019	0.0146	0.1152	0.4294	0.2806	0.114	0.0362	0.0072
18	99.2174	5e-04	0.0013	0.0066	0.0433	0.2908	0	0.3312	0.218	0.0767	0.0267	0.005
19	99.5134	0.001	0.0012	0.0074	0.029	0.145	0.2323	0.2917	0.1843	0.0762	0.0263	0.0055
20	99.6911	0.001	0.0012	0.0048	0.0176	0.0704	0.1449	0	0.2809	0.2453	0.1596	0.0505	0.0192	0.0045
21	99.7886	0.0013	0.002	0.0054	0.0189	0.0569	0.1038	0.1384	0.2552	0.2215	0.1327	0.043	0.0166	0.0041
