Allele	BoLA_DRB3_013_02
Type	Standard
n_specificities	1
npep_u	1
npep_t	5000
spec_ids	1
L_core	9
L_N	0
L_C	0
CS_perL	1
pepL_lower	12
pepL_upper	21
n_diff_aa	20

PWM_norm.1	P1	P2	P3	P4	P5	P6	P7	P8	P9
A	0.1598	0.9786	1.4683	1.2083	1.0221	2.8113	1.1308	1.1812	0.6129
C	0.0686	0.1182	0.3474	0.2314	0.2635	0.3118	0.1676	0.116	0.2278
D	0.0465	0.5555	0.4121	1.7523	1.214	0.6395	1.0895	0.5499	0.2384
E	0.0361	1.1065	0.6688	0.9199	1.2064	0.5726	1.6632	0.9164	0.5381
F	1.2075	0.8442	1.1583	0.3395	0.6311	0.2138	0.6597	0.6052	1.2193
G	0.0913	0.3341	0.6012	0.5069	0.7257	1.2125	0.804	0.9468	0.462
H	0.0557	1.4506	0.8028	0.4491	1.1701	0.3758	0.9011	1.5282	0.4214
I	8.8482	1.5874	2.2495	0.6296	1.0624	1.6127	1.2297	1.0162	0.654
K	0.0511	1.7251	0.9267	0.1481	1.505	0.1699	0.3533	1.5537	1.6178
L	2.6807	0.856	0.9042	0.2723	0.6504	0.649	0.6397	1.0855	0.872
M	1.5984	0.5286	1.3498	0.3596	0.8354	0.439	0.4158	0.5538	1.4525
N	0.0572	1.0179	0.915	8.2738	1.0117	2.2574	2.2135	0.9038	0.471
P	0.0827	0.0529	1.1054	0.1036	1.1414	1.6453	1.4211	1.2759	0.0755
Q	0.0401	1.1967	0.9109	1.1267	1.2143	0.739	0.9768	1.0813	0.5297
R	0.0421	1.746	0.8265	0.1313	1.0293	0.1402	0.332	1.4304	5.5862
S	0.0434	0.7128	0.8742	1.7527	0.781	0.7787	0.8077	0.746	0.4091
T	0.1511	1.1169	0.8169	1.1125	1.2109	1.0275	1.2754	0.863	0.3788
V	3.5484	1.9381	1.4084	0.8734	1.2274	2.0353	1.56	0.997	0.9088
W	0.3015	0.5113	0.748	0.2657	0.5252	0.0517	0.5864	0.3334	0.3238
Y	0.2197	1.1473	1.7927	0.1271	0.9908	0.135	1.0356	1.0766	3.9189

pepL	alpha	w_s
12	99.5307	0.083	0.1488	0	0.3949	0.3734
13	98.9575	0.0263	0.0764	0.2382	0.4675	0.1916
14	98.3294	0.0043	0.0259	0.161	0	0.4702	0.2977	0.0409
15	98.0139	0.0017	0.0096	0.0839	0.376	0.4093	0.0998	0.0197
16	98.2233	8e-04	0.0022	0.03	0.2337	0	0.5219	0.1563	0.0471	0.0079
17	98.735	8e-04	0.0019	0.0146	0.1152	0.4293	0.2806	0.114	0.0363	0.0072
18	99.2174	5e-04	0.0013	0.0066	0.0433	0.2908	0	0.3312	0.218	0.0767	0.0267	0.005
19	99.5133	0.001	0.0012	0.0074	0.029	0.145	0.2323	0.2918	0.1844	0.0762	0.0263	0.0055
20	99.691	0.001	0.0012	0.0048	0.0176	0.0704	0.1449	0	0.2809	0.2454	0.1596	0.0505	0.0192	0.0045
21	99.7886	0.0013	0.002	0.0054	0.0189	0.0569	0.1038	0.1383	0.2554	0.2215	0.1327	0.043	0.0166	0.0041
