Allele	BoLA_DRB3_001_03
Type	Standard
n_specificities	1
npep_u	1
npep_t	5000
spec_ids	1
L_core	9
L_N	0
L_C	0
CS_perL	1
pepL_lower	12
pepL_upper	21
n_diff_aa	20

PWM_norm.1	P1	P2	P3	P4	P5	P6	P7	P8	P9
A	0.1365	1.3819	1.5882	3.5767	0.7724	0.5504	1.2653	1.1786	0.1883
C	0.0653	0.0859	0.2204	0.1134	0.089	0.1093	0.2178	0.1131	0.0638
D	0.0499	0.6727	0.2955	0.926	0.8698	0.4339	0.5004	0.5371	0.0704
E	0.0392	1.7044	0.6706	0.1566	1.194	0.323	1.3295	0.9166	0.1504
F	1.8481	0.8393	1.3697	0.7327	0.4673	0.1684	0.8422	0.6046	0.7524
G	0.0694	0.4529	0.5366	0.4375	0.6668	0.155	0.8755	0.9621	0.1596
H	0.0568	1.6694	1.0181	3.4838	1.284	1.655	1.1246	1.5437	0.1307
I	7.3492	0.9773	2.0981	0.6311	1.3298	1.64	1.0509	1.0119	0.245
K	0.0424	1.1873	0.9788	0.1377	2.3543	4.8406	0.8729	1.5625	9.4292
L	3.1314	0.683	0.8298	0.1395	1.0405	0.7882	1.5193	1.0918	0.3385
M	1.2268	0.4878	1.2127	0.1304	0.7106	0.4759	0.8646	0.5453	0.5353
N	0.0487	1.3314	0.7867	1.1385	0.7376	0.6991	1.8327	0.8962	0.1007
P	0.1002	0.0706	1.1034	0.1146	0.6168	0.321	0.6918	1.2711	0.037
Q	0.0426	1.3149	1.0122	0.1772	1.1014	0.6957	1.0762	1.0865	0.1487
R	0.0389	1.2296	0.6748	0.0772	1.2854	2.9545	0.6401	1.4361	4.4694
S	0.0403	0.9684	0.9167	2.5695	0.4964	0.226	0.7784	0.7431	0.0933
T	0.1459	1.4653	0.5642	1.9009	1.0048	0.8402	0.7019	0.862	0.1077
V	3.5629	1.1942	1.3979	1.8576	1.688	1.6869	1.0773	0.984	0.3331
W	0.4113	0.4664	0.914	0.1606	0.2962	0.1227	0.7006	0.333	0.7594
Y	0.4869	1.2296	2.6447	0.1171	0.7353	0.1772	1.252	1.0692	0.8731

pepL	alpha	w_s
12	99.5307	0.083	0.1488	0	0.3949	0.3733
13	98.9574	0.0263	0.0764	0.2382	0.4675	0.1916
14	98.3293	0.0043	0.0259	0.161	0	0.4702	0.2976	0.0409
15	98.0138	0.0017	0.0096	0.0839	0.3761	0.4093	0.0998	0.0197
16	98.2233	8e-04	0.0022	0.03	0.2337	0	0.522	0.1562	0.0472	0.0079
17	98.7349	8e-04	0.0019	0.0146	0.1152	0.4294	0.2806	0.114	0.0362	0.0072
18	99.2174	5e-04	0.0013	0.0066	0.0433	0.2908	0	0.3312	0.218	0.0767	0.0267	0.005
19	99.5134	0.001	0.0012	0.0074	0.029	0.145	0.2323	0.2917	0.1843	0.0762	0.0263	0.0055
20	99.6911	0.001	0.0012	0.0048	0.0176	0.0704	0.1449	0	0.2809	0.2453	0.1596	0.0505	0.0192	0.0045
21	99.7886	0.0013	0.002	0.0054	0.0189	0.0569	0.1038	0.1384	0.2552	0.2215	0.1327	0.043	0.0166	0.0041
