Allele	BoLA_DRB3_067_01
Type	Standard
n_specificities	1
npep_u	1
npep_t	5000
spec_ids	1
L_core	9
L_N	0
L_C	0
CS_perL	1
pepL_lower	12
pepL_upper	21
n_diff_aa	20

PWM_norm.1	P1	P2	P3	P4	P5	P6	P7	P8	P9
A	0.0896	0.971	1.6225	3.2791	1.0714	0.5504	1.4894	1.1786	1.0957
C	0.0511	0.118	0.2656	0.1568	0.1514	0.1093	0.2206	0.1131	0.5635
D	0.0347	0.5546	0.3958	1.8728	1.0925	0.4339	0.6927	0.5371	0.1935
E	0.0549	1.1045	0.6995	0.4738	1.1784	0.323	1.1696	0.9166	0.2099
F	8.5177	0.8507	1.3262	0.4903	0.6974	0.1684	0.8628	0.6046	1.543
G	0.0609	0.3361	0.745	0.4468	0.5466	0.155	1.2911	0.9621	0.438
H	0.1257	1.4432	1.0478	0.3849	0.9375	1.655	1.2467	1.5437	0.3602
I	2.7942	1.5947	1.579	0.8665	1.6107	1.64	1.2429	1.0119	1.9572
K	0.0562	1.7443	0.8833	0.0907	1.746	4.8406	0.8395	1.5625	0.194
L	1.3764	0.8388	0.6469	0.1971	0.9202	0.7882	0.9578	1.0918	2.2274
M	0.9048	0.5271	1.6672	0.2566	0.9398	0.4759	0.7135	0.5453	1.4793
N	0.0706	1.0223	0.8661	1.675	0.9403	0.6991	1.6306	0.8962	0.8272
P	0.0383	0.0548	1.047	0.0422	0.7531	0.321	0.8472	1.2711	0.1121
Q	0.0511	1.2417	1.0463	0.477	1.2565	0.6957	0.9189	1.0865	0.5299
R	0.0397	1.734	0.8394	0.0802	0.9573	2.9545	0.6879	1.4361	0.2936
S	0.0409	0.7046	1.2171	2.131	0.5216	0.226	0.7952	0.7431	0.6567
T	0.0763	1.109	0.7531	2.3728	1.1719	0.8402	0.9066	0.862	0.8387
V	0.9921	1.94	1.1218	1.9542	1.363	1.6869	1.0119	0.984	3.1594
W	4.4804	0.5062	1.02	0.1181	0.3231	0.1227	0.8033	0.333	0.1929
Y	10.1766	1.153	1.9765	0.1052	1.1089	0.1772	1.2605	1.0692	2.8655

pepL	alpha	w_s
12	99.5307	0.083	0.1488	0	0.3949	0.3733
13	98.9574	0.0263	0.0764	0.2382	0.4675	0.1916
14	98.3293	0.0043	0.0259	0.161	0	0.4702	0.2976	0.0409
15	98.0138	0.0017	0.0096	0.0839	0.3761	0.4093	0.0998	0.0197
16	98.2233	8e-04	0.0022	0.03	0.2337	0	0.522	0.1562	0.0472	0.0079
17	98.7349	8e-04	0.0019	0.0146	0.1152	0.4294	0.2806	0.114	0.0362	0.0072
18	99.2174	5e-04	0.0013	0.0066	0.0433	0.2908	0	0.3312	0.218	0.0767	0.0267	0.005
19	99.5134	0.001	0.0012	0.0074	0.029	0.145	0.2323	0.2917	0.1843	0.0762	0.0263	0.0055
20	99.6911	0.001	0.0012	0.0048	0.0176	0.0704	0.1449	0	0.2809	0.2453	0.1596	0.0505	0.0192	0.0045
21	99.7886	0.0013	0.002	0.0054	0.0189	0.0569	0.1038	0.1384	0.2552	0.2215	0.1327	0.043	0.0166	0.0041
