Allele	BoLA_DRB3_086_02
Type	Standard
n_specificities	1
npep_u	1
npep_t	5000
spec_ids	1
L_core	9
L_N	0
L_C	0
CS_perL	1
pepL_lower	12
pepL_upper	21
n_diff_aa	20

PWM_norm.1	P1	P2	P3	P4	P5	P6	P7	P8	P9
A	0.0896	0.971	1.3499	1.5079	0.8991	0.586	1.5592	1.1386	2.2897
C	0.0511	0.118	0.3424	0.3142	0.4537	0.2431	0.2008	0.1111	0.5813
D	0.0347	0.5546	0.3177	2.8559	1.2406	6.052	0.8957	0.5239	0.1957
E	0.0549	1.1045	0.6055	1.5697	1.0476	0.6154	1.0344	0.7809	0.301
F	8.5177	0.8507	1.2946	0.9241	0.6261	0.135	1.0034	0.4269	0.5732
G	0.0609	0.3361	0.4606	0.3964	0.822	0.2991	1.633	0.9269	0.7875
H	0.1257	1.4432	0.7571	0.4456	1.006	0.6986	1.1692	1.2675	0.3995
I	2.7942	1.5947	2.1744	1.1791	1.0628	0.9133	1.3648	1.2269	2.3366
K	0.0562	1.7443	1.0473	0.0887	1.5594	0.1975	0.6489	1.583	0.2676
L	1.3764	0.8388	0.9515	0.4945	0.6474	0.4597	1.4164	1.0731	1.8837
M	0.9048	0.5271	1.4225	0.8392	0.9568	0.437	1.0828	0.6623	0.8435
N	0.0706	1.0223	0.6811	1.7177	1.0504	4.18	1.1643	1.001	0.6935
P	0.0383	0.0548	1.1619	0.0795	1.1805	0.2675	0.5992	1.511	0.1894
Q	0.0511	1.2417	0.757	1.0911	0.9981	0.6415	0.7594	1.0428	0.7013
R	0.0397	1.734	0.7689	0.0758	1.1983	0.1611	0.7897	1.3415	0.6217
S	0.0409	0.7046	0.9934	1.7824	0.8382	1.0625	0.6367	0.6948	0.6952
T	0.0763	1.109	0.6525	1.4348	1.2102	1.7861	0.7276	0.9725	0.8973
V	0.9921	1.94	1.6624	1.3717	1.1393	1.1689	0.798	1.0962	2.7936
W	4.4804	0.5062	0.7101	0.2894	0.8786	0.0855	0.5949	0.2239	0.0998
Y	10.1766	1.153	2.2754	0.2514	1.0039	0.157	1.095	1.0252	0.4837

pepL	alpha	w_s
12	99.5307	0.083	0.1488	0	0.3949	0.3733
13	98.9574	0.0263	0.0764	0.2382	0.4675	0.1916
14	98.3293	0.0043	0.0259	0.161	0	0.4702	0.2976	0.0409
15	98.0138	0.0017	0.0096	0.0839	0.3761	0.4093	0.0998	0.0197
16	98.2233	8e-04	0.0022	0.03	0.2337	0	0.522	0.1562	0.0472	0.0079
17	98.7349	8e-04	0.0019	0.0146	0.1152	0.4294	0.2806	0.114	0.0362	0.0072
18	99.2174	5e-04	0.0013	0.0066	0.0433	0.2908	0	0.3312	0.218	0.0767	0.0267	0.005
19	99.5134	0.001	0.0012	0.0074	0.029	0.145	0.2323	0.2917	0.1843	0.0762	0.0263	0.0055
20	99.6911	0.001	0.0012	0.0048	0.0176	0.0704	0.1449	0	0.2809	0.2453	0.1596	0.0505	0.0192	0.0045
21	99.7886	0.0013	0.002	0.0054	0.0189	0.0569	0.1038	0.1384	0.2552	0.2215	0.1327	0.043	0.0166	0.0041
