Allele	BoLA_DRB3_011_04
Type	Standard
n_specificities	1
npep_u	1
npep_t	5000
spec_ids	1
L_core	9
L_N	0
L_C	0
CS_perL	1
pepL_lower	12
pepL_upper	21
n_diff_aa	20

PWM_norm.1	P1	P2	P3	P4	P5	P6	P7	P8	P9
A	0.1514	1.0776	1.352	0.6628	0.6293	0.5491	0.8634	1.1786	2.1505
C	0.0752	0.1232	0.2941	0.1716	0.185	0.169	0.1414	0.1131	0.5123
D	0.0461	0.6847	0.4106	2.0549	1.4712	1.7148	0.9123	0.5371	1.0933
E	0.034	1.077	0.7465	2.8775	1.5288	1.1416	1.2177	0.9166	0.5989
F	1.2848	0.7443	1.4535	1.7781	0.4263	0.1546	1.3713	0.6046	0.2992
G	0.0928	0.4347	0.5135	0.2337	0.6934	0.125	0.4837	0.9621	1.6156
H	0.0565	2.6404	1.2532	1.1442	0.8341	0.2965	1.2339	1.5437	0.7644
I	8.7075	1.2042	1.8984	2.4881	1.3497	3.4918	1.8722	1.0119	0.7483
K	0.0468	1.4381	0.9766	0.0664	1.5574	0.1315	0.4256	1.5625	0.4491
L	2.8025	0.6612	0.8884	1.1576	0.7584	2.0707	0.9298	1.0918	0.6481
M	1.498	0.5571	1.1773	1.368	1.0041	1.0274	0.7276	0.5453	0.5833
N	0.0555	1.477	0.7327	0.5616	0.7913	1.4991	1.8054	0.8962	2.5429
P	0.0887	0.0634	1.1004	0.1317	0.9202	0.2433	2.0857	1.2711	0.3264
Q	0.0383	1.4608	1.0531	1.0603	1.0338	0.7352	0.8573	1.0865	1.5632
R	0.0451	1.5543	0.7195	0.0642	1.4236	0.112	0.4228	1.4361	0.3797
S	0.0404	0.9015	0.7257	0.759	0.6293	0.311	0.5723	0.7431	1.5239
T	0.1519	1.2624	0.6503	0.8909	1.1061	0.9939	0.9676	0.862	0.8845
V	3.4569	1.292	1.5672	1.2236	1.4802	3.1081	1.226	0.984	1.2774
W	0.3205	0.7138	1.1659	0.3111	0.315	0.0917	0.6759	0.333	0.1256
Y	0.1975	1.1661	2.482	0.2756	0.8234	0.2728	1.3481	1.0692	0.3832

pepL	alpha	w_s
12	99.5307	0.083	0.1488	0	0.3949	0.3733
13	98.9574	0.0263	0.0764	0.2382	0.4675	0.1916
14	98.3293	0.0043	0.0259	0.161	0	0.4702	0.2976	0.0409
15	98.0138	0.0017	0.0096	0.0839	0.3761	0.4093	0.0998	0.0197
16	98.2233	8e-04	0.0022	0.03	0.2337	0	0.522	0.1562	0.0472	0.0079
17	98.7349	8e-04	0.0019	0.0146	0.1152	0.4294	0.2806	0.114	0.0362	0.0072
18	99.2174	5e-04	0.0013	0.0066	0.0433	0.2908	0	0.3312	0.218	0.0767	0.0267	0.005
19	99.5134	0.001	0.0012	0.0074	0.029	0.145	0.2323	0.2917	0.1843	0.0762	0.0263	0.0055
20	99.6911	0.001	0.0012	0.0048	0.0176	0.0704	0.1449	0	0.2809	0.2453	0.1596	0.0505	0.0192	0.0045
21	99.7886	0.0013	0.002	0.0054	0.0189	0.0569	0.1038	0.1384	0.2552	0.2215	0.1327	0.043	0.0166	0.0041
