Allele	BoLA_DRB3_011_02
Type	Standard
n_specificities	1
npep_u	1
npep_t	5000
spec_ids	1
L_core	9
L_N	0
L_C	0
CS_perL	1
pepL_lower	12
pepL_upper	21
n_diff_aa	20

PWM_norm.1	P1	P2	P3	P4	P5	P6	P7	P8	P9
A	0.1598	1.0759	1.3004	1.0069	0.7162	0.9316	1.0476	0.988	0.3832
C	0.0686	0.1294	0.2282	0.3503	0.224	0.208	0.3231	0.0887	0.1109
D	0.0465	0.6773	0.4098	2.3268	1.4182	3.2125	0.7846	0.6084	7.9167
E	0.0361	1.0749	0.8051	1.6738	1.4911	1.4667	1.0053	1.0961	4.145
F	1.2075	0.7488	1.481	1.1523	0.5236	0.1933	1.4102	0.5982	0.2035
G	0.0913	0.4279	0.4829	0.3771	0.7056	0.2886	0.7458	0.7079	0.5335
H	0.0557	2.6421	1.2746	1.3738	1.0011	0.3927	1.6502	1.0988	0.5698
I	8.8482	1.2402	1.8968	2.099	1.1304	2.0599	1.3685	1.2147	0.2993
K	0.0511	1.4625	1.0096	0.1092	1.6278	0.2561	0.7216	1.572	0.2304
L	2.6807	0.6813	0.8862	1.0135	0.6407	1.072	0.8531	1.3329	0.4195
M	1.5984	0.5336	1.0243	1.0903	0.8006	0.8333	0.8307	0.8079	0.3274
N	0.0572	1.5049	0.7088	0.8978	0.8805	2.4065	1.5655	0.8244	0.9868
P	0.0827	0.0576	1.1305	0.2516	0.8776	0.3371	1.7369	1.2362	0.1332
Q	0.0401	1.4076	1.0451	1.04	1.1505	0.9297	0.8637	1.2449	0.5612
R	0.0421	1.5747	0.7011	0.1039	1.3508	0.1571	0.6865	1.1846	0.1366
S	0.0434	0.8839	0.7078	1.0878	0.7357	0.7346	0.705	0.6369	0.3069
T	0.1511	1.2466	0.6456	1.3028	1.1717	1.2151	0.8898	0.8109	0.3077
V	3.5484	1.2846	1.6172	1.4673	1.3881	1.8201	0.9911	1.1319	0.5008
W	0.3015	0.6518	1.2015	0.3666	0.4466	0.1133	1.1265	0.3553	0.0925
Y	0.2197	1.1898	2.5478	0.3225	0.852	0.2321	1.4581	1.0973	0.2361

pepL	alpha	w_s
12	99.5307	0.083	0.1488	0	0.3949	0.3734
13	98.9575	0.0263	0.0764	0.2382	0.4675	0.1916
14	98.3294	0.0043	0.0259	0.161	0	0.4702	0.2977	0.0409
15	98.0139	0.0017	0.0096	0.0839	0.376	0.4093	0.0998	0.0197
16	98.2233	8e-04	0.0022	0.03	0.2337	0	0.5219	0.1563	0.0471	0.0079
17	98.735	8e-04	0.0019	0.0146	0.1152	0.4293	0.2806	0.114	0.0363	0.0072
18	99.2174	5e-04	0.0013	0.0066	0.0433	0.2908	0	0.3312	0.218	0.0767	0.0267	0.005
19	99.5133	0.001	0.0012	0.0074	0.029	0.145	0.2323	0.2918	0.1844	0.0762	0.0263	0.0055
20	99.691	0.001	0.0012	0.0048	0.0176	0.0704	0.1449	0	0.2809	0.2454	0.1596	0.0505	0.0192	0.0045
21	99.7886	0.0013	0.002	0.0054	0.0189	0.0569	0.1038	0.1383	0.2554	0.2215	0.1327	0.043	0.0166	0.0041
