Allele	BoLA_DRB3_012_01
Type	Standard
n_specificities	1
npep_u	1
npep_t	5025
spec_ids	1
L_core	9
L_N	0
L_C	0
CS_perL	1
pepL_lower	12
pepL_upper	21
n_diff_aa	20

PWM_norm.1	P1	P2	P3	P4	P5	P6	P7	P8	P9
A	0.0225	0.8396	1.143	0.4937	0.913	0.5287	0.3554	0.8791	0.8726
C	0.0209	0.1747	0.6326	0.1197	0.335	0.1002	0.0173	0.1475	0.3219
D	0.014	1.038	0.5541	0.4381	1.2736	7.0677	6.0305	0.8982	0.225
E	0.0442	1.04	0.7587	0.6912	1.4207	1.4125	4.1572	1.3692	0.1211
F	8.6969	0.7813	0.8938	8.6192	0.58	0.0934	0.3836	0.7361	2.0034
G	0.0145	0.1601	0.3438	0.1946	0.7627	0.2611	0.3627	0.6391	0.3125
H	0.0722	1.9435	0.7862	0.6477	0.6204	0.4806	0.7603	1.3943	0.4303
I	3.048	2.0273	2.0341	0.9036	1.2367	0.6651	0.4607	1.3126	1.7943
K	0.0536	1.5306	0.9577	0.1921	1.3455	0.0759	0.2179	1.7704	0.1371
L	1.1524	0.8791	0.653	1.148	0.8038	0.2654	0.4809	1.2663	2.3697
M	0.8989	0.5222	1.2751	2.2642	0.6312	0.65	0.782	0.7406	1.4915
N	0.019	1.0832	0.8983	0.2452	1.1106	4.5416	1.3762	0.6639	0.8685
P	0.0173	0.0281	1.293	0.0188	1.8486	0.1556	0.1743	0.9476	0.1527
Q	0.0369	1.1411	0.7369	0.37	1.0044	0.5676	0.9267	0.9084	0.7112
R	0.0191	1.5983	0.7687	0.0977	0.8705	0.0245	0.2841	1.0191	0.3041
S	0.0125	0.7069	1.3259	0.4079	0.6395	0.6293	0.5101	0.6546	0.5841
T	0.0213	0.9114	0.874	0.3034	1.1058	1.9077	0.7078	0.9921	0.7124
V	0.7997	1.9168	1.5232	0.7054	0.9953	0.8543	0.2592	1.0939	3.1441
W	5.8024	0.7241	0.4063	4.1638	0.3223	0.0153	0.1289	0.2599	0.0914
Y	11.0286	1.1977	2.5602	6.3691	0.8812	0.0531	0.4038	1.0398	3.3819

pepL	alpha	w_s
12	99.5307	0.083	0.1488	0	0.3949	0.3734
13	98.9575	0.0263	0.0764	0.2382	0.4675	0.1916
14	98.3294	0.0043	0.0259	0.161	0	0.4702	0.2977	0.0409
15	98.0139	0.0017	0.0096	0.0839	0.376	0.4093	0.0998	0.0197
16	98.2233	8e-04	0.0022	0.03	0.2337	0	0.5219	0.1563	0.0471	0.0079
17	98.735	8e-04	0.0019	0.0146	0.1152	0.4293	0.2806	0.114	0.0363	0.0072
18	99.2174	5e-04	0.0013	0.0066	0.0433	0.2908	0	0.3312	0.218	0.0767	0.0267	0.005
19	99.5133	0.001	0.0012	0.0074	0.029	0.145	0.2323	0.2918	0.1844	0.0762	0.0263	0.0055
20	99.691	0.001	0.0012	0.0048	0.0176	0.0704	0.1449	0	0.2809	0.2454	0.1596	0.0505	0.0192	0.0045
21	99.7886	0.0013	0.002	0.0054	0.0189	0.0569	0.1038	0.1383	0.2554	0.2215	0.1327	0.043	0.0166	0.0041
