Allele	BoLA_DRB3_004_02
Type	Standard
n_specificities	1
npep_u	1
npep_t	5000
spec_ids	1
L_core	9
L_N	0
L_C	0
CS_perL	1
pepL_lower	12
pepL_upper	21
n_diff_aa	20

PWM_norm.1	P1	P2	P3	P4	P5	P6	P7	P8	P9
A	0.1045	0.971	1.6225	3.6559	1.1921	0.3855	0.8603	1.1786	2.9915
C	0.056	0.118	0.2656	0.1214	0.184	0.0487	0.3219	0.1131	0.2264
D	0.0418	0.5546	0.3958	0.1596	0.8969	0.2792	0.6311	0.5371	0.4185
E	0.0625	1.1045	0.6995	0.1108	1.0712	0.2249	1.0045	0.9166	0.4532
F	8.0687	0.8507	1.3262	0.8568	0.8231	0.1161	1.0745	0.6046	0.2364
G	0.0614	0.3361	0.745	0.406	0.4837	0.1088	0.6531	0.9621	2.9595
H	0.1197	1.4432	1.0478	2.1071	0.8978	0.7552	2.3795	1.5437	0.8422
I	3.0843	1.5947	1.579	1.1574	1.8777	1.0938	1.1357	1.0119	0.3293
K	0.0466	1.7443	0.8833	0.856	1.6403	7.2213	1.4732	1.5625	0.2691
L	1.5202	0.8388	0.6469	0.2488	0.9402	0.7015	1.1539	1.0918	0.1742
M	0.9738	0.5271	1.6672	0.1921	1.0697	0.2934	0.8819	0.5453	0.3262
N	0.0599	1.0223	0.8661	1.2148	0.9571	0.2394	1.8597	0.8962	0.8888
P	0.05	0.0548	1.047	0.0638	0.7152	0.225	0.583	1.2711	0.3627
Q	0.0556	1.2417	1.0463	0.2581	1.4795	0.3926	1.4688	1.0865	2.897
R	0.0349	1.734	0.8394	0.5517	0.7332	3.6995	1.0248	1.4361	0.2309
S	0.0421	0.7046	1.2171	1.3685	0.4549	0.1562	0.5538	0.7431	2.2102
T	0.0899	1.109	0.7531	2.1444	1.2691	0.6725	0.5906	0.862	0.635
V	1.2511	1.94	1.1218	2.5534	1.2775	1.1244	0.9167	0.984	0.4172
W	3.8947	0.5062	1.02	0.3251	0.3583	0.0975	1.2645	0.333	0.071
Y	9.2871	1.153	1.9765	0.3096	1.3852	0.1231	1.5211	1.0692	0.1724

pepL	alpha	w_s
12	99.5307	0.083	0.1488	0	0.3949	0.3733
13	98.9574	0.0263	0.0764	0.2382	0.4675	0.1916
14	98.3293	0.0043	0.0259	0.161	0	0.4702	0.2976	0.0409
15	98.0138	0.0017	0.0096	0.0839	0.3761	0.4093	0.0998	0.0197
16	98.2233	8e-04	0.0022	0.03	0.2337	0	0.522	0.1562	0.0472	0.0079
17	98.7349	8e-04	0.0019	0.0146	0.1152	0.4294	0.2806	0.114	0.0362	0.0072
18	99.2174	5e-04	0.0013	0.0066	0.0433	0.2908	0	0.3312	0.218	0.0767	0.0267	0.005
19	99.5134	0.001	0.0012	0.0074	0.029	0.145	0.2323	0.2917	0.1843	0.0762	0.0263	0.0055
20	99.6911	0.001	0.0012	0.0048	0.0176	0.0704	0.1449	0	0.2809	0.2453	0.1596	0.0505	0.0192	0.0045
21	99.7886	0.0013	0.002	0.0054	0.0189	0.0569	0.1038	0.1384	0.2552	0.2215	0.1327	0.043	0.0166	0.0041
