Allele	BoLA_DRB3_110_01
Type	Standard
n_specificities	1
npep_u	1
npep_t	5000
spec_ids	1
L_core	9
L_N	0
L_C	0
CS_perL	1
pepL_lower	12
pepL_upper	21
n_diff_aa	20

PWM_norm.1	P1	P2	P3	P4	P5	P6	P7	P8	P9
A	0.0934	1.1607	1.5651	1.7766	1.0388	1.3622	0.9882	1.1022	0.7779
C	0.049	0.1118	0.1773	0.4886	0.2179	0.2403	0.2774	0.1331	0.2231
D	0.0361	0.6338	0.1902	0.5802	1.2432	3.0838	0.5246	0.6013	4.4534
E	0.0576	1.3684	0.4662	0.369	1.5257	2.5737	0.9099	0.9929	2.883
F	8.2964	0.8526	1.0543	1.8984	0.5016	0.1748	1.6757	0.6265	0.4667
G	0.0619	0.3848	0.4994	0.5512	0.6519	0.4469	0.5874	0.8755	1.0362
H	0.1244	1.2561	0.738	1.9916	1.0816	0.1464	2.0659	1.4228	0.9659
I	2.7704	1.3421	1.993	1.5279	0.9482	1.788	1.4389	1.0519	0.6871
K	0.0618	1.482	0.8942	0.4775	1.7182	0.109	0.9055	1.5179	0.5862
L	1.3527	0.8135	0.9962	0.598	0.5313	0.992	0.7724	1.1071	0.7156
M	0.9209	0.5171	1.0889	0.7747	0.5153	0.6074	0.7837	0.6436	0.7078
N	0.0713	0.99	0.8018	1.4431	1.0224	1.8056	1.6746	0.9008	0.9537
P	0.0388	0.0632	1.1932	0.2167	0.7904	0.3668	1.4588	1.2575	0.2571
Q	0.0536	1.1825	1.2239	0.4743	1.1259	0.5125	1.138	1.1181	1.1935
R	0.0379	1.5489	1.347	0.334	1.2261	0.113	1.0372	1.374	0.473
S	0.0414	0.7706	0.9148	1.5675	0.9169	0.7225	0.6446	0.7302	0.461
T	0.0773	1.2343	0.7377	1.6232	1.2969	0.9692	0.8845	0.8553	0.4589
V	0.9818	1.8888	1.4699	1.9776	1.2583	1.5454	1.0405	1.0322	0.7694
W	4.5203	0.4506	0.6378	1.3894	0.5364	0.0877	1.3648	0.4033	0.2535
Y	10.5593	1.1478	1.6649	0.9116	0.8115	0.2025	1.0804	1.138	0.463

pepL	alpha	w_s
12	99.5307	0.083	0.1488	0	0.3949	0.3734
13	98.9575	0.0263	0.0764	0.2382	0.4675	0.1916
14	98.3294	0.0043	0.0259	0.161	0	0.4702	0.2977	0.0409
15	98.0139	0.0017	0.0096	0.0839	0.376	0.4093	0.0998	0.0197
16	98.2233	8e-04	0.0022	0.03	0.2337	0	0.5219	0.1563	0.0471	0.0079
17	98.735	8e-04	0.0019	0.0146	0.1152	0.4293	0.2806	0.114	0.0363	0.0072
18	99.2174	5e-04	0.0013	0.0066	0.0433	0.2908	0	0.3312	0.218	0.0767	0.0267	0.005
19	99.5133	0.001	0.0012	0.0074	0.029	0.145	0.2323	0.2918	0.1844	0.0762	0.0263	0.0055
20	99.691	0.001	0.0012	0.0048	0.0176	0.0704	0.1449	0	0.2809	0.2454	0.1596	0.0505	0.0192	0.0045
21	99.7886	0.0013	0.002	0.0054	0.0189	0.0569	0.1038	0.1383	0.2554	0.2215	0.1327	0.043	0.0166	0.0041
