Allele	BoLA_DRB3_120_01
Type	Standard
n_specificities	1
npep_u	1
npep_t	5000
spec_ids	1
L_core	9
L_N	0
L_C	0
CS_perL	1
pepL_lower	12
pepL_upper	21
n_diff_aa	20

PWM_norm.1	P1	P2	P3	P4	P5	P6	P7	P8	P9
A	0.0934	0.9786	1.5651	1.6938	1.1026	1.4359	1.2253	1.1812	1.9945
C	0.049	0.1182	0.1773	0.3141	0.2654	0.4629	0.3142	0.116	0.7125
D	0.0361	0.5555	0.1902	2.6984	1.2331	2.8241	0.8309	0.5499	0.2586
E	0.0576	1.1065	0.4662	0.9646	0.9074	0.7233	0.7188	0.9164	0.3969
F	8.2964	0.8442	1.0543	0.9517	0.5088	0.2961	1.4419	0.6052	0.9541
G	0.0619	0.3341	0.4994	0.6557	0.7226	0.669	1.1602	0.9468	1.2009
H	0.1244	1.4506	0.738	0.8521	1.2255	0.5077	1.6739	1.5282	0.6005
I	2.7704	1.5874	1.993	0.8609	0.8246	1.1716	1.208	1.0162	1.4488
K	0.0618	1.7251	0.8942	0.1677	1.441	0.2777	1.1027	1.5537	0.5566
L	1.3527	0.856	0.9962	0.4183	0.5925	0.6258	0.9943	1.0855	1.3607
M	0.9209	0.5286	1.0889	0.6713	0.63	0.5824	0.9945	0.5538	1.0936
N	0.0713	1.0179	0.8018	2.4593	1.0414	2.8166	1.2984	0.9038	0.799
P	0.0388	0.0529	1.1932	0.1883	1.3947	0.5479	0.9236	1.2759	0.2442
Q	0.0536	1.1967	1.2239	0.7576	0.9814	0.725	0.9235	1.0813	0.8917
R	0.0379	1.746	1.347	0.1633	1.1909	0.1847	1.1665	1.4304	1.0301
S	0.0414	0.7128	0.9148	1.6753	0.9142	1.3104	0.6531	0.746	1.0057
T	0.0773	1.1169	0.7377	1.7344	1.1669	1.6992	0.765	0.863	0.9092
V	0.9818	1.9381	1.4699	1.3049	1.4392	1.6598	0.8591	0.997	1.9272
W	4.5203	0.5113	0.6378	0.3888	0.9876	0.1728	1.2942	0.3334	0.2552
Y	10.5593	1.1473	1.6649	0.3819	0.9967	0.2898	1.1972	1.0766	1.0131

pepL	alpha	w_s
12	99.5307	0.083	0.1488	0	0.3949	0.3734
13	98.9575	0.0263	0.0764	0.2382	0.4675	0.1916
14	98.3294	0.0043	0.0259	0.161	0	0.4702	0.2977	0.0409
15	98.0139	0.0017	0.0096	0.0839	0.376	0.4093	0.0998	0.0197
16	98.2233	8e-04	0.0022	0.03	0.2337	0	0.5219	0.1563	0.0471	0.0079
17	98.735	8e-04	0.0019	0.0146	0.1152	0.4293	0.2806	0.114	0.0363	0.0072
18	99.2174	5e-04	0.0013	0.0066	0.0433	0.2908	0	0.3312	0.218	0.0767	0.0267	0.005
19	99.5133	0.001	0.0012	0.0074	0.029	0.145	0.2323	0.2918	0.1844	0.0762	0.0263	0.0055
20	99.691	0.001	0.0012	0.0048	0.0176	0.0704	0.1449	0	0.2809	0.2454	0.1596	0.0505	0.0192	0.0045
21	99.7886	0.0013	0.002	0.0054	0.0189	0.0569	0.1038	0.1383	0.2554	0.2215	0.1327	0.043	0.0166	0.0041
