Allele	BoLA_DRB3_020_13
Type	Standard
n_specificities	1
npep_u	1
npep_t	5000
spec_ids	1
L_core	9
L_N	0
L_C	0
CS_perL	1
pepL_lower	12
pepL_upper	21
n_diff_aa	20

PWM_norm.1	P1	P2	P3	P4	P5	P6	P7	P8	P9
A	0.1598	0.9786	1.5651	2.5788	1.3234	3.1636	1.2007	0.988	0.6685
C	0.0686	0.1182	0.1773	0.3225	0.1697	0.6463	0.1275	0.0887	0.2192
D	0.0465	0.5555	0.1902	0.1631	1.4449	0.6567	0.7387	0.6084	5.0724
E	0.0361	1.1065	0.4662	0.2234	0.9322	0.7352	0.6611	1.0961	3.1713
F	1.2075	0.8442	1.0543	1.03	0.389	0.2533	1.0588	0.5982	0.5434
G	0.0913	0.3341	0.4994	0.2442	0.7036	2.07	1.0277	0.7079	0.8593
H	0.0557	1.4506	0.738	0.6652	1.1065	0.2484	1.8263	1.0988	0.5418
I	8.8482	1.5874	1.993	2.1509	0.9135	0.8485	1.272	1.2147	0.8704
K	0.0511	1.7251	0.8942	0.1687	1.8043	0.106	1.4601	1.572	0.2927
L	2.6807	0.856	0.9962	1.8663	0.541	0.4411	1.4003	1.3329	0.7808
M	1.5984	0.5286	1.0889	1.1704	0.5895	0.3883	0.9963	0.8079	0.7897
N	0.0572	1.0179	0.8018	0.6124	1.3392	1.5386	0.9875	0.8244	0.675
P	0.0827	0.0529	1.1932	0.0565	1.0599	1.171	1.0478	1.2362	0.168
Q	0.0401	1.1967	1.2239	0.2407	0.8117	0.7341	1.0691	1.2449	0.3717
R	0.0421	1.746	1.347	0.1045	1.3131	0.0925	1.4674	1.1846	0.2989
S	0.0434	0.7128	0.9148	1.6146	0.8979	1.3109	0.4237	0.6369	0.5153
T	0.1511	1.1169	0.7377	1.2917	1.1135	1.2033	0.5115	0.8109	0.6689
V	3.5484	1.9381	1.4699	2.4936	1.2872	1.4252	0.7515	1.1319	1.0669
W	0.3015	0.5113	0.6378	0.2434	0.4899	0.0979	0.8525	0.3553	0.2571
Y	0.2197	1.1473	1.6649	0.2386	0.8302	0.1678	0.9544	1.0973	0.7897

pepL	alpha	w_s
12	99.5307	0.083	0.1488	0	0.3949	0.3734
13	98.9575	0.0263	0.0764	0.2382	0.4675	0.1916
14	98.3294	0.0043	0.0259	0.161	0	0.4702	0.2977	0.0409
15	98.0139	0.0017	0.0096	0.0839	0.376	0.4093	0.0998	0.0197
16	98.2233	8e-04	0.0022	0.03	0.2337	0	0.5219	0.1563	0.0471	0.0079
17	98.735	8e-04	0.0019	0.0146	0.1152	0.4293	0.2806	0.114	0.0363	0.0072
18	99.2174	5e-04	0.0013	0.0066	0.0433	0.2908	0	0.3312	0.218	0.0767	0.0267	0.005
19	99.5133	0.001	0.0012	0.0074	0.029	0.145	0.2323	0.2918	0.1844	0.0762	0.0263	0.0055
20	99.691	0.001	0.0012	0.0048	0.0176	0.0704	0.1449	0	0.2809	0.2454	0.1596	0.0505	0.0192	0.0045
21	99.7886	0.0013	0.002	0.0054	0.0189	0.0569	0.1038	0.1383	0.2554	0.2215	0.1327	0.043	0.0166	0.0041
