Allele	BoLA_DRB3_073_01
Type	Standard
n_specificities	1
npep_u	1
npep_t	5000
spec_ids	1
L_core	9
L_N	0
L_C	0
CS_perL	1
pepL_lower	12
pepL_upper	21
n_diff_aa	20

PWM_norm.1	P1	P2	P3	P4	P5	P6	P7	P8	P9
A	0.0934	0.9786	1.717	1.5774	1.3848	0.5714	1.0237	1.1822	3.0182
C	0.049	0.1182	0.2089	0.2644	0.1731	0.0824	0.3011	0.1192	0.2256
D	0.0361	0.5555	0.369	0.3433	1.1155	0.3742	2.0596	0.5527	0.3889
E	0.0576	1.1065	0.6892	0.385	1.1061	0.3683	1.6939	0.8641	0.4534
F	8.2964	0.8442	1.3272	2.103	0.6175	0.2895	0.7663	0.6219	0.2599
G	0.0619	0.3341	0.7665	0.4725	0.5106	0.2571	0.7019	0.9713	2.9527
H	0.1244	1.4506	1.0286	1.1153	1.0942	1.5846	1.1176	1.4536	0.8041
I	2.7704	1.5874	1.5927	1.6435	1.35	2.4172	1.0628	1.0428	0.3432
K	0.0618	1.7251	0.8277	0.6753	1.609	3.0399	0.7014	1.5318	0.2688
L	1.3527	0.856	0.6246	0.5765	0.7135	1.2941	0.8809	1.0455	0.1748
M	0.9209	0.5286	1.616	0.6667	0.8334	0.6071	1.0713	0.5741	0.3216
N	0.0713	1.0179	0.81	2.2079	1.1028	0.7629	1.6384	0.9364	0.8505
P	0.0388	0.0529	1.0582	0.1392	1.0179	0.4666	0.6243	1.3408	0.374
Q	0.0536	1.1967	1.1111	0.6285	1.3122	0.8612	1.4773	1.0572	2.8839
R	0.0379	1.746	0.7879	0.7228	0.8392	2.5516	0.5943	1.4183	0.2491
S	0.0414	0.7128	1.2883	0.9561	0.6469	0.2378	0.763	0.7684	2.1885
T	0.0773	1.1169	0.722	1.7516	1.2094	0.995	0.8571	0.875	0.6314
V	0.9818	1.9381	1.0701	2.2106	1.2092	1.6422	0.9453	1.0051	0.4449
W	4.5203	0.5113	1.1167	1.5838	0.2906	0.1897	0.5607	0.3399	0.0682
Y	10.5593	1.1473	1.9939	1.427	1.2401	0.2857	0.9555	1.0876	0.1832

pepL	alpha	w_s
12	99.5307	0.083	0.1488	0	0.3949	0.3734
13	98.9575	0.0263	0.0764	0.2382	0.4675	0.1916
14	98.3294	0.0043	0.0259	0.161	0	0.4702	0.2977	0.0409
15	98.0139	0.0017	0.0096	0.0839	0.376	0.4093	0.0998	0.0197
16	98.2233	8e-04	0.0022	0.03	0.2337	0	0.5219	0.1563	0.0471	0.0079
17	98.735	8e-04	0.0019	0.0146	0.1152	0.4293	0.2806	0.114	0.0363	0.0072
18	99.2174	5e-04	0.0013	0.0066	0.0433	0.2908	0	0.3312	0.218	0.0767	0.0267	0.005
19	99.5133	0.001	0.0012	0.0074	0.029	0.145	0.2323	0.2918	0.1844	0.0762	0.0263	0.0055
20	99.691	0.001	0.0012	0.0048	0.0176	0.0704	0.1449	0	0.2809	0.2454	0.1596	0.0505	0.0192	0.0045
21	99.7886	0.0013	0.002	0.0054	0.0189	0.0569	0.1038	0.1383	0.2554	0.2215	0.1327	0.043	0.0166	0.0041
