Allele	BoLA_DRB3_086_03
Type	Standard
n_specificities	1
npep_u	1
npep_t	5000
spec_ids	1
L_core	9
L_N	0
L_C	0
CS_perL	1
pepL_lower	12
pepL_upper	21
n_diff_aa	20

PWM_norm.1	P1	P2	P3	P4	P5	P6	P7	P8	P9
A	0.1067	0.9786	1.717	2.8602	1.2629	1.0532	1.1013	1.0939	2.3835
C	0.0519	0.1182	0.2089	0.1725	0.1773	0.238	0.2362	0.1081	0.6324
D	0.0398	0.5555	0.369	0.215	1.008	1.1588	0.6284	0.5678	0.1489
E	0.0664	1.1065	0.6892	0.18	1.0361	0.4589	0.5811	0.7548	0.2465
F	7.7048	0.8442	1.3272	1.3012	0.8021	0.3319	1.2616	0.3915	0.5382
G	0.0614	0.3341	0.7665	0.5851	0.4895	0.4504	1.2193	0.9039	0.9959
H	0.1158	1.4506	1.0286	1.8682	0.915	0.8249	3.2701	1.1699	0.3544
I	2.9156	1.5874	1.5927	1.1274	1.7503	1.932	1.377	1.2447	2.1594
K	0.0495	1.7251	0.8277	1.0452	1.5094	2.4086	1.4795	1.6311	0.3419
L	1.5115	0.856	0.6246	0.4096	0.9163	1.0625	0.8966	1.0727	1.7442
M	0.995	0.5286	1.616	0.3838	1.0606	0.7594	0.8879	0.6405	0.7091
N	0.0597	1.0179	0.81	1.0334	0.9335	0.9642	1.3826	1.0421	0.665
P	0.0478	0.0529	1.0582	0.0818	0.7293	0.5507	0.4316	1.5552	0.2211
Q	0.0612	1.1967	1.1111	0.3946	1.3712	0.6424	0.8676	1.0564	0.7462
R	0.0353	1.746	0.7879	0.794	0.8086	1.5057	1.4217	1.3639	0.737
S	0.0437	0.7128	1.2883	1.15	0.4851	0.5729	0.5693	0.6613	0.8356
T	0.0877	1.1169	0.722	2.5129	1.2281	1.2839	0.7069	0.9828	0.8626
V	1.2306	1.9381	1.0701	1.9338	1.388	1.8245	0.843	1.1159	2.5825
W	3.9897	0.5113	1.1167	1.1648	0.3361	0.3439	1.2026	0.1923	0.105
Y	10.0619	1.1473	1.9939	0.5354	1.469	0.3441	1.3069	1.0418	0.5051

pepL	alpha	w_s
12	99.5307	0.083	0.1488	0	0.3949	0.3734
13	98.9575	0.0263	0.0764	0.2382	0.4675	0.1916
14	98.3294	0.0043	0.0259	0.161	0	0.4702	0.2977	0.0409
15	98.0139	0.0017	0.0096	0.0839	0.376	0.4093	0.0998	0.0197
16	98.2233	8e-04	0.0022	0.03	0.2337	0	0.5219	0.1563	0.0471	0.0079
17	98.735	8e-04	0.0019	0.0146	0.1152	0.4293	0.2806	0.114	0.0363	0.0072
18	99.2174	5e-04	0.0013	0.0066	0.0433	0.2908	0	0.3312	0.218	0.0767	0.0267	0.005
19	99.5133	0.001	0.0012	0.0074	0.029	0.145	0.2323	0.2918	0.1844	0.0762	0.0263	0.0055
20	99.691	0.001	0.0012	0.0048	0.0176	0.0704	0.1449	0	0.2809	0.2454	0.1596	0.0505	0.0192	0.0045
21	99.7886	0.0013	0.002	0.0054	0.0189	0.0569	0.1038	0.1383	0.2554	0.2215	0.1327	0.043	0.0166	0.0041
