Allele	BoLA_DRB3_035_01
Type	Standard
n_specificities	1
npep_u	1
npep_t	5000
spec_ids	1
L_core	9
L_N	0
L_C	0
CS_perL	1
pepL_lower	12
pepL_upper	21
n_diff_aa	20

PWM_norm.1	P1	P2	P3	P4	P5	P6	P7	P8	P9
A	0.1861	0.971	1.4815	1.9721	0.8593	0.5504	1.6734	1.1786	0.7134
C	0.1294	0.118	0.3191	0.1235	0.224	0.1093	0.2603	0.1131	0.2426
D	0.077	0.5546	0.4037	8.4969	1.3605	0.4339	0.7908	0.5371	0.2249
E	0.0716	1.1045	0.6979	0.5703	1.319	0.323	1.0043	0.9166	0.522
F	4.0305	0.8507	1.0737	0.5766	0.6429	0.1684	0.9575	0.6046	1.4845
G	0.1441	0.3361	0.5972	0.3959	0.7731	0.155	1.4202	0.9621	0.5368
H	0.1447	1.4432	0.7858	0.3022	1.1061	1.655	1.247	1.5437	0.4379
I	6.2547	1.5947	2.2462	0.4355	1.1542	1.64	1.0833	1.0119	0.6494
K	0.1044	1.7443	0.9462	0.0663	1.8118	4.8406	0.9076	1.5625	1.5682
L	2.4527	0.8388	0.9202	0.1656	0.6698	0.7882	1.145	1.0918	0.7971
M	1.6699	0.5271	1.333	0.2583	0.7706	0.4759	0.7982	0.5453	1.4584
N	0.123	1.0223	0.8979	0.9367	1.0576	0.6991	1.2128	0.8962	0.3934
P	0.1204	0.0548	1.1284	0.0369	1.0351	0.321	0.5709	1.2711	0.0821
Q	0.0786	1.2417	0.8793	0.4025	1.0928	0.6957	0.7398	1.0865	0.5618
R	0.0837	1.734	0.8779	0.056	1.0805	2.9545	0.8501	1.4361	5.3358
S	0.0741	0.7046	0.8629	1.6884	0.6831	0.226	0.7821	0.7431	0.448
T	0.1971	1.109	0.7902	1.0994	1.2309	0.8402	0.8908	0.862	0.3902
V	2.5657	1.94	1.4579	0.7651	1.0498	1.6869	0.9319	0.984	0.8746
W	1.7647	0.5062	0.5861	0.1133	0.5421	0.1227	0.8654	0.333	0.227
Y	1.9212	1.153	1.744	0.1097	0.9357	0.1772	1.3569	1.0692	4.0891

pepL	alpha	w_s
12	99.5307	0.083	0.1488	0	0.3949	0.3733
13	98.9574	0.0263	0.0764	0.2382	0.4675	0.1916
14	98.3293	0.0043	0.0259	0.161	0	0.4702	0.2976	0.0409
15	98.0138	0.0017	0.0096	0.0839	0.3761	0.4093	0.0998	0.0197
16	98.2233	8e-04	0.0022	0.03	0.2337	0	0.522	0.1562	0.0472	0.0079
17	98.7349	8e-04	0.0019	0.0146	0.1152	0.4294	0.2806	0.114	0.0362	0.0072
18	99.2174	5e-04	0.0013	0.0066	0.0433	0.2908	0	0.3312	0.218	0.0767	0.0267	0.005
19	99.5134	0.001	0.0012	0.0074	0.029	0.145	0.2323	0.2917	0.1843	0.0762	0.0263	0.0055
20	99.6911	0.001	0.0012	0.0048	0.0176	0.0704	0.1449	0	0.2809	0.2453	0.1596	0.0505	0.0192	0.0045
21	99.7886	0.0013	0.002	0.0054	0.0189	0.0569	0.1038	0.1384	0.2552	0.2215	0.1327	0.043	0.0166	0.0041
