Allele	BoLA_DRB3_017_02
Type	Standard
n_specificities	1
npep_u	1
npep_t	5000
spec_ids	1
L_core	9
L_N	0
L_C	0
CS_perL	1
pepL_lower	12
pepL_upper	21
n_diff_aa	20

PWM_norm.1	P1	P2	P3	P4	P5	P6	P7	P8	P9
A	0.0896	0.971	1.6225	3.0922	1.2912	0.603	0.7739	1.1786	2.7488
C	0.0511	0.118	0.2656	0.1736	0.2029	0.1395	0.2277	0.1131	0.4011
D	0.0347	0.5546	0.3958	0.1749	0.836	0.3656	1.1647	0.5371	0.5004
E	0.0549	1.1045	0.6995	0.2037	1.0915	0.284	1.2727	0.9166	0.3501
F	8.5177	0.8507	1.3262	0.898	0.8081	0.4473	0.9841	0.6046	0.1694
G	0.0609	0.3361	0.745	0.6426	0.555	0.2308	0.5012	0.9621	2.6273
H	0.1257	1.4432	1.0478	2.238	1.1582	0.8923	2.6772	1.5437	0.8053
I	2.7942	1.5947	1.579	1.1912	1.4734	2.5327	0.9841	1.0119	0.5154
K	0.0562	1.7443	0.8833	0.9138	1.6327	2.5502	1.3442	1.5625	0.3036
L	1.3764	0.8388	0.6469	0.2683	0.9006	1.9522	1.0677	1.0918	0.2609
M	0.9048	0.5271	1.6672	0.2946	0.9556	0.9667	0.7661	0.5453	0.3746
N	0.0706	1.0223	0.8661	1.5702	0.9505	0.6172	1.8891	0.8962	1.3797
P	0.0383	0.0548	1.047	0.0842	0.8432	0.4494	0.445	1.2711	0.3985
Q	0.0511	1.2417	1.0463	0.7339	1.445	0.7543	2.0084	1.0865	1.7402
R	0.0397	1.734	0.8394	0.7682	0.7301	1.7692	0.9827	1.4361	0.1997
S	0.0409	0.7046	1.2171	1.3708	0.5344	0.2611	0.53	0.7431	2.5846
T	0.0763	1.109	0.7531	1.7554	1.2275	1.0059	0.6326	0.862	0.8379
V	0.9921	1.94	1.1218	2.0034	1.2645	1.9433	0.8235	0.984	0.6812
W	4.4804	0.5062	1.02	0.578	0.384	0.3069	0.8465	0.333	0.0849
Y	10.1766	1.153	1.9765	0.4266	1.301	0.3333	1.0593	1.0692	0.1959

pepL	alpha	w_s
12	99.5307	0.083	0.1488	0	0.3949	0.3733
13	98.9574	0.0263	0.0764	0.2382	0.4675	0.1916
14	98.3293	0.0043	0.0259	0.161	0	0.4702	0.2976	0.0409
15	98.0138	0.0017	0.0096	0.0839	0.3761	0.4093	0.0998	0.0197
16	98.2233	8e-04	0.0022	0.03	0.2337	0	0.522	0.1562	0.0472	0.0079
17	98.7349	8e-04	0.0019	0.0146	0.1152	0.4294	0.2806	0.114	0.0362	0.0072
18	99.2174	5e-04	0.0013	0.0066	0.0433	0.2908	0	0.3312	0.218	0.0767	0.0267	0.005
19	99.5134	0.001	0.0012	0.0074	0.029	0.145	0.2323	0.2917	0.1843	0.0762	0.0263	0.0055
20	99.6911	0.001	0.0012	0.0048	0.0176	0.0704	0.1449	0	0.2809	0.2453	0.1596	0.0505	0.0192	0.0045
21	99.7886	0.0013	0.002	0.0054	0.0189	0.0569	0.1038	0.1384	0.2552	0.2215	0.1327	0.043	0.0166	0.0041
