Allele	BoLA_DRB3_010_05
Type	Standard
n_specificities	1
npep_u	1
npep_t	5000
spec_ids	1
L_core	9
L_N	0
L_C	0
CS_perL	1
pepL_lower	12
pepL_upper	21
n_diff_aa	20

PWM_norm.1	P1	P2	P3	P4	P5	P6	P7	P8	P9
A	0.0934	0.9786	1.4937	0.8335	1.0407	1.7528	1.0724	1.0528	1.1
C	0.049	0.1182	0.2837	0.3728	0.3364	0.629	0.3909	0.1806	0.2655
D	0.0361	0.5555	0.3086	0.4827	1.4218	2.1753	0.9862	0.7133	1.9896
E	0.0576	1.1065	0.6046	0.6202	0.9814	0.7924	0.7773	1.0055	1.4071
F	8.2964	0.8442	1.0001	3.8042	0.5691	0.3474	1.5754	0.8296	1.474
G	0.0619	0.3341	0.6714	0.2785	0.6883	0.9536	0.9952	0.7895	1.1033
H	0.1244	1.4506	0.9263	1.1978	1.1304	0.6389	1.9213	1.2299	1.2661
I	2.7704	1.5874	1.992	2.182	1.0001	1.1348	1.2924	1.138	1.7489
K	0.0618	1.7251	0.9113	0.421	1.5653	0.4116	1.1563	1.4949	0.2574
L	1.3527	0.856	0.9441	1.2146	0.5585	0.5944	0.9628	1.0025	0.792
M	0.9209	0.5286	1.0684	2.2734	0.7996	0.6606	1.153	0.7751	1.0759
N	0.0713	1.0179	0.8236	0.6894	1.2672	2.2832	1.2296	0.9637	0.9309
P	0.0388	0.0529	0.9493	0.1587	1.296	0.7166	0.7383	1.1854	0.3624
Q	0.0536	1.1967	1.1118	0.8405	0.9989	0.7582	1.0229	1.0853	1.9358
R	0.0379	1.746	1.248	0.3822	1.1355	0.3079	1.1826	1.3222	0.2996
S	0.0414	0.7128	0.8692	0.5398	0.8868	1.2215	0.596	0.7518	0.682
T	0.0773	1.1169	0.9005	0.7214	1.206	1.4771	0.7433	0.9012	0.6202
V	0.9818	1.9381	1.3831	1.3984	1.1049	1.471	0.8485	1.0431	1.2267
W	4.5203	0.5113	0.8635	3.3028	0.5773	0.2781	1.4058	0.5489	0.6249
Y	10.5593	1.1473	1.6828	3.3561	1.0487	0.3628	1.3292	1.3087	1.2429

pepL	alpha	w_s
12	99.5307	0.083	0.1488	0	0.3949	0.3734
13	98.9575	0.0263	0.0764	0.2382	0.4675	0.1916
14	98.3294	0.0043	0.0259	0.161	0	0.4702	0.2977	0.0409
15	98.0139	0.0017	0.0096	0.0839	0.376	0.4093	0.0998	0.0197
16	98.2233	8e-04	0.0022	0.03	0.2337	0	0.5219	0.1563	0.0471	0.0079
17	98.735	8e-04	0.0019	0.0146	0.1152	0.4293	0.2806	0.114	0.0363	0.0072
18	99.2174	5e-04	0.0013	0.0066	0.0433	0.2908	0	0.3312	0.218	0.0767	0.0267	0.005
19	99.5133	0.001	0.0012	0.0074	0.029	0.145	0.2323	0.2918	0.1844	0.0762	0.0263	0.0055
20	99.691	0.001	0.0012	0.0048	0.0176	0.0704	0.1449	0	0.2809	0.2454	0.1596	0.0505	0.0192	0.0045
21	99.7886	0.0013	0.002	0.0054	0.0189	0.0569	0.1038	0.1383	0.2554	0.2215	0.1327	0.043	0.0166	0.0041
