Allele	BoLA_DRB3_142_01
Type	Standard
n_specificities	1
npep_u	1
npep_t	5000
spec_ids	1
L_core	9
L_N	0
L_C	0
CS_perL	1
pepL_lower	12
pepL_upper	21
n_diff_aa	20

PWM_norm.1	P1	P2	P3	P4	P5	P6	P7	P8	P9
A	0.0934	0.9786	1.3422	0.7766	0.8957	0.5382	0.6799	1.0939	1.2562
C	0.049	0.1182	0.3683	0.234	0.3084	0.1495	0.155	0.1081	0.4392
D	0.0361	0.5555	0.3956	0.533	0.9825	7.066	1.502	0.5678	0.1017
E	0.0576	1.1065	0.6612	0.7572	1.0288	1.0056	1.4095	0.7548	0.1199
F	8.2964	0.8442	1.252	4.5418	0.5899	0.1142	0.8042	0.3915	0.7951
G	0.0619	0.3341	0.4953	0.3249	0.9385	0.2917	0.6346	0.9039	0.3037
H	0.1244	1.4506	0.7492	2.0734	1.0044	0.4387	2.5026	1.1699	0.1983
I	2.7704	1.5874	2.2618	1.2102	0.9148	0.7701	0.8604	1.2447	2.9523
K	0.0618	1.7251	1.0314	0.6797	1.6839	0.0989	1.1676	1.6311	0.1013
L	1.3527	0.856	0.9544	1.2083	0.6133	0.4223	1.204	1.0727	2.638
M	0.9209	0.5286	1.2184	2.0828	0.7119	0.5151	0.817	0.6405	0.8473
N	0.0713	1.0179	0.6998	0.7018	1.2716	4.187	1.8861	1.0421	0.6297
P	0.0388	0.0529	1.012	0.0863	1.7972	0.2557	0.3465	1.5552	0.1069
Q	0.0536	1.1967	0.7209	0.9445	1.0339	0.5568	2.1497	1.0564	0.423
R	0.0379	1.746	0.7354	0.5327	1.0928	0.067	1.2338	1.3639	0.1786
S	0.0414	0.7128	0.9833	0.4103	0.923	0.8344	0.4291	0.6613	0.5263
T	0.0773	1.1169	0.7518	0.511	1.2602	1.6701	0.6236	0.9828	0.8004
V	0.9818	1.9381	1.6228	0.8709	0.7498	0.9586	0.6058	1.1159	4.1048
W	4.5203	0.5113	0.7128	3.3788	0.6077	0.0546	0.5623	0.1923	0.0789
Y	10.5593	1.1473	2.3975	4.0722	0.7406	0.098	0.9105	1.0418	1.1131

pepL	alpha	w_s
12	99.5307	0.083	0.1488	0	0.3949	0.3734
13	98.9575	0.0263	0.0764	0.2382	0.4675	0.1916
14	98.3294	0.0043	0.0259	0.161	0	0.4702	0.2977	0.0409
15	98.0139	0.0017	0.0096	0.0839	0.376	0.4093	0.0998	0.0197
16	98.2233	8e-04	0.0022	0.03	0.2337	0	0.5219	0.1563	0.0471	0.0079
17	98.735	8e-04	0.0019	0.0146	0.1152	0.4293	0.2806	0.114	0.0363	0.0072
18	99.2174	5e-04	0.0013	0.0066	0.0433	0.2908	0	0.3312	0.218	0.0767	0.0267	0.005
19	99.5133	0.001	0.0012	0.0074	0.029	0.145	0.2323	0.2918	0.1844	0.0762	0.0263	0.0055
20	99.691	0.001	0.0012	0.0048	0.0176	0.0704	0.1449	0	0.2809	0.2454	0.1596	0.0505	0.0192	0.0045
21	99.7886	0.0013	0.002	0.0054	0.0189	0.0569	0.1038	0.1383	0.2554	0.2215	0.1327	0.043	0.0166	0.0041
