Allele	BoLA_DRB3_005_06
Type	Standard
n_specificities	1
npep_u	1
npep_t	5000
spec_ids	1
L_core	9
L_N	0
L_C	0
CS_perL	1
pepL_lower	12
pepL_upper	21
n_diff_aa	20

PWM_norm.1	P1	P2	P3	P4	P5	P6	P7	P8	P9
A	0.0896	0.971	1.5132	1.6732	0.7937	0.657	1.4227	1.1786	2.8772
C	0.0511	0.118	0.2495	0.1057	0.1693	0.115	0.2436	0.1131	0.191
D	0.0347	0.5546	0.2618	6.201	1.5796	0.5047	1.1621	0.5371	0.5266
E	0.0549	1.1045	0.6078	1.2206	1.4931	0.272	1.3946	0.9166	0.6256
F	8.5177	0.8507	1.2374	0.5979	0.4634	0.1815	0.727	0.6046	0.1982
G	0.0609	0.3361	0.4679	0.4043	0.6247	0.1713	0.8364	0.9621	3.0815
H	0.1257	1.4432	0.7514	0.4828	0.9759	0.5423	0.6109	1.5437	0.9038
I	2.7942	1.5947	2.336	0.4902	1.3219	4.1803	1.2836	1.0119	0.3338
K	0.0562	1.7443	0.9208	0.0587	1.6464	0.6855	0.4158	1.5625	0.4166
L	1.3764	0.8388	0.9527	0.1538	0.7502	2.0868	1.2848	1.0918	0.1968
M	0.9048	0.5271	1.4045	0.248	0.82	0.675	0.8334	0.5453	0.3211
N	0.0706	1.0223	0.8528	1.2337	0.8565	1.1452	1.8088	0.8962	0.7367
P	0.0383	0.0548	1.1956	0.053	0.9968	0.3009	0.6406	1.2711	0.3528
Q	0.0511	1.2417	0.9917	0.5704	1.0141	0.6633	0.9513	1.0865	2.6301
R	0.0397	1.734	0.8837	0.0522	1.253	0.6042	0.3962	1.4361	0.419
S	0.0409	0.7046	0.8905	2.2529	0.6084	0.3263	0.9009	0.7431	2.0397
T	0.0763	1.109	0.6739	1.3229	1.0952	1.1943	1.0377	0.862	0.565
V	0.9921	1.94	1.496	0.7714	1.3273	3.4773	1.3648	0.984	0.4063
W	4.4804	0.5062	0.5953	0.0993	0.3925	0.0985	0.3214	0.333	0.0552
Y	10.1766	1.153	1.8288	0.0763	0.8503	0.2364	1.0383	1.0692	0.1474

pepL	alpha	w_s
12	99.5307	0.083	0.1488	0	0.3949	0.3733
13	98.9574	0.0263	0.0764	0.2382	0.4675	0.1916
14	98.3293	0.0043	0.0259	0.161	0	0.4702	0.2976	0.0409
15	98.0138	0.0017	0.0096	0.0839	0.3761	0.4093	0.0998	0.0197
16	98.2233	8e-04	0.0022	0.03	0.2337	0	0.522	0.1562	0.0472	0.0079
17	98.7349	8e-04	0.0019	0.0146	0.1152	0.4294	0.2806	0.114	0.0362	0.0072
18	99.2174	5e-04	0.0013	0.0066	0.0433	0.2908	0	0.3312	0.218	0.0767	0.0267	0.005
19	99.5134	0.001	0.0012	0.0074	0.029	0.145	0.2323	0.2917	0.1843	0.0762	0.0263	0.0055
20	99.6911	0.001	0.0012	0.0048	0.0176	0.0704	0.1449	0	0.2809	0.2453	0.1596	0.0505	0.0192	0.0045
21	99.7886	0.0013	0.002	0.0054	0.0189	0.0569	0.1038	0.1384	0.2552	0.2215	0.1327	0.043	0.0166	0.0041
