Allele	BoLA_DRB3_016_01
Type	Standard
n_specificities	1
npep_u	1
npep_t	3698
spec_ids	1
L_core	9
L_N	0
L_C	0
CS_perL	1
pepL_lower	12
pepL_upper	21
n_diff_aa	20

PWM_norm.1	P1	P2	P3	P4	P5	P6	P7	P8	P9
A	0.0371	0.9188	1.4559	1.3973	0.7731	0.1199	1.2127	0.8896	1.0783
C	0.0271	0.0919	0.2512	0.4058	0.1497	0.1321	0.1404	0.1381	0.8469
D	0.0186	0.198	0.1662	2.7928	0.5879	10.7171	0.1845	0.4606	0.134
E	0.0161	0.661	0.512	2.3678	0.8058	0.4395	0.3919	0.9438	0.1
F	9.6762	1.1282	1.7174	0.4953	0.3434	0.027	0.6351	0.6755	1.6524
G	0.0274	0.1505	0.4935	0.1427	0.8891	0.0912	3.4536	0.4021	0.4383
H	0.0508	1.5934	0.6206	0.1781	0.8263	0.6581	1.3466	1.8279	0.202
I	2.6012	2.1701	2.4671	1.3701	0.8624	0.4075	1.9707	1.0815	1.4149
K	0.0269	2.051	1.2017	0.0437	2.5849	0.074	0.3873	1.7217	0.0291
L	0.9958	1.3335	1.3107	1.1932	0.3747	0.2036	2.1226	1.2078	2.601
M	0.5099	0.2582	1.1904	1.6421	0.5729	0.1604	1.7425	0.8286	1.3446
N	0.0331	1.0557	0.2768	1.058	0.6884	4.9073	1.0176	0.6687	0.5102
P	0.0108	0.025	0.8069	0.0182	1.3338	0.1098	0.5483	1.2909	0.0398
Q	0.0441	1.0679	0.4856	1.48	0.8243	0.4376	0.7054	0.9297	0.3452
R	0.0255	1.4461	0.5298	0.0332	2.1653	0.041	0.6838	1.8659	0.0385
S	0.0169	0.6163	0.7967	1.2421	1.2544	0.8722	0.3232	0.8757	0.85
T	0.0279	1.02	0.5772	1.0942	1.341	1.1354	0.3781	0.6864	0.9924
V	0.5464	1.9556	1.9727	0.9638	0.9501	0.4436	0.4208	1.0029	3.5634
W	3.1582	0.9346	0.7017	0.0677	0.4558	0.0187	0.3077	0.3511	0.0348
Y	13.1893	1.0652	2.613	0.2672	0.6564	0.0489	0.6893	1.2706	2.7727

pepL	alpha	w_s
12	99.5307	0.083	0.1488	0	0.3949	0.3734
13	98.9575	0.0263	0.0764	0.2382	0.4675	0.1916
14	98.3294	0.0043	0.0259	0.161	0	0.4702	0.2977	0.0409
15	98.0139	0.0017	0.0096	0.0839	0.376	0.4093	0.0998	0.0197
16	98.2233	8e-04	0.0022	0.03	0.2337	0	0.5219	0.1563	0.0471	0.0079
17	98.735	8e-04	0.0019	0.0146	0.1152	0.4293	0.2806	0.114	0.0363	0.0072
18	99.2174	5e-04	0.0013	0.0066	0.0433	0.2908	0	0.3312	0.218	0.0767	0.0267	0.005
19	99.5133	0.001	0.0012	0.0074	0.029	0.145	0.2323	0.2918	0.1844	0.0762	0.0263	0.0055
20	99.691	0.001	0.0012	0.0048	0.0176	0.0704	0.1449	0	0.2809	0.2454	0.1596	0.0505	0.0192	0.0045
21	99.7886	0.0013	0.002	0.0054	0.0189	0.0569	0.1038	0.1383	0.2554	0.2215	0.1327	0.043	0.0166	0.0041
