Allele	BoLA_DRB3_011_06
Type	Standard
n_specificities	1
npep_u	1
npep_t	5000
spec_ids	1
L_core	9
L_N	0
L_C	0
CS_perL	1
pepL_lower	12
pepL_upper	21
n_diff_aa	20

PWM_norm.1	P1	P2	P3	P4	P5	P6	P7	P8	P9
A	0.1598	1.0759	1.3004	1.0625	0.7121	0.8315	1.0592	1.1812	2.4297
C	0.0686	0.1294	0.2282	0.3507	0.2296	0.189	0.349	0.116	0.588
D	0.0465	0.6773	0.4098	2.1641	1.3893	2.8215	0.7843	0.5499	0.9131
E	0.0361	1.0749	0.8051	1.574	1.4812	2.0545	1.0367	0.9164	0.5563
F	1.2075	0.7488	1.481	1.2691	0.5344	0.2716	1.3927	0.6052	0.2902
G	0.0913	0.4279	0.4829	0.3755	0.714	0.2885	0.7439	0.9468	1.7449
H	0.0557	2.6421	1.2746	1.4789	1.0123	0.4353	1.5983	1.5282	0.7389
I	8.8482	1.2402	1.8968	2.1081	1.1241	2.2108	1.3622	1.0162	0.7997
K	0.0511	1.4625	1.0096	0.0994	1.6298	0.263	0.7366	1.5537	0.4515
L	2.6807	0.6813	0.8862	1.0309	0.6176	1.2151	0.8748	1.0855	0.6552
M	1.5984	0.5336	1.0243	1.0812	0.8157	1.0144	0.8412	0.5538	0.5404
N	0.0572	1.5049	0.7088	0.8717	0.9298	1.8375	1.5673	0.9038	1.9078
P	0.0827	0.0576	1.1305	0.2254	0.9321	0.3215	1.6723	1.2759	0.3752
Q	0.0401	1.4076	1.0451	1.0285	1.1458	1.0217	0.8885	1.0813	1.4367
R	0.0421	1.5747	0.7011	0.0951	1.3311	0.1923	0.6943	1.4304	0.3932
S	0.0434	0.8839	0.7078	1.1371	0.7354	0.6238	0.695	0.746	1.5637
T	0.1511	1.2466	0.6456	1.3316	1.1762	0.9696	0.8891	0.863	1.0006
V	3.5484	1.2846	1.6172	1.4873	1.3677	1.6361	0.9908	0.997	1.2662
W	0.3015	0.6518	1.2015	0.3427	0.4336	0.1636	1.1273	0.3334	0.1452
Y	0.2197	1.1898	2.5478	0.3268	0.8682	0.3546	1.4113	1.0766	0.2714

pepL	alpha	w_s
12	99.5307	0.083	0.1488	0	0.3949	0.3734
13	98.9575	0.0263	0.0764	0.2382	0.4675	0.1916
14	98.3294	0.0043	0.0259	0.161	0	0.4702	0.2977	0.0409
15	98.0139	0.0017	0.0096	0.0839	0.376	0.4093	0.0998	0.0197
16	98.2233	8e-04	0.0022	0.03	0.2337	0	0.5219	0.1563	0.0471	0.0079
17	98.735	8e-04	0.0019	0.0146	0.1152	0.4293	0.2806	0.114	0.0363	0.0072
18	99.2174	5e-04	0.0013	0.0066	0.0433	0.2908	0	0.3312	0.218	0.0767	0.0267	0.005
19	99.5133	0.001	0.0012	0.0074	0.029	0.145	0.2323	0.2918	0.1844	0.0762	0.0263	0.0055
20	99.691	0.001	0.0012	0.0048	0.0176	0.0704	0.1449	0	0.2809	0.2454	0.1596	0.0505	0.0192	0.0045
21	99.7886	0.0013	0.002	0.0054	0.0189	0.0569	0.1038	0.1383	0.2554	0.2215	0.1327	0.043	0.0166	0.0041
