Allele	BoLA_DRB3_065_01
Type	Standard
n_specificities	1
npep_u	1
npep_t	5000
spec_ids	1
L_core	9
L_N	0
L_C	0
CS_perL	1
pepL_lower	12
pepL_upper	21
n_diff_aa	20

PWM_norm.1	P1	P2	P3	P4	P5	P6	P7	P8	P9
A	0.1257	1.2766	1.4683	1.2394	1.0312	1.4748	1.0419	1.1812	0.6129
C	0.0527	0.178	0.3474	0.4198	0.2707	0.3033	0.1816	0.116	0.2278
D	0.0517	0.8108	0.4121	1.5741	1.3084	0.8485	1.4401	0.5499	0.2384
E	0.0301	0.5639	0.6688	1.0796	1.2201	0.7746	1.9428	0.9164	0.5381
F	0.6302	0.1603	1.1583	0.4692	0.7297	0.486	0.6196	0.6052	1.2193
G	0.0618	0.3004	0.6012	0.5577	0.7569	0.6671	1.1053	0.9468	0.462
H	0.0446	2.1567	0.8028	0.5772	1.4492	0.8196	1.1834	1.5282	0.4214
I	8.5774	0.6232	2.2495	0.9648	0.9557	2.067	0.9819	1.0162	0.654
K	0.0427	2.0405	0.9267	0.225	1.4944	0.3762	0.49	1.5537	1.6178
L	3.3377	0.5035	0.9042	0.4269	0.6477	1.0655	0.651	1.0855	0.872
M	1.2515	0.7669	1.3498	0.573	0.7704	0.9337	0.417	0.5538	1.4525
N	0.0508	2.2622	0.915	6.1089	0.9847	2.0516	2.0442	0.9038	0.471
P	0.0821	0.0888	1.1054	0.167	0.9659	1.0884	1.0956	1.2759	0.0755
Q	0.0354	1.207	0.9109	1.3717	1.2742	1.2679	1.1463	1.0813	0.5297
R	0.0336	3.0615	0.8265	0.1924	1.0805	0.3323	0.4469	1.4304	5.5862
S	0.0339	0.7466	0.8742	1.4832	0.8084	0.5982	0.8048	0.746	0.4091
T	0.1131	1.0829	0.8169	1.1619	1.2121	1.1913	0.9471	0.863	0.3788
V	3.3764	1.0038	1.4084	1.1247	1.0763	2.1145	1.0679	0.997	0.9088
W	0.1307	0.138	0.748	0.4097	0.5399	0.1956	0.5472	0.3334	0.3238
Y	0.1104	1.3063	1.7927	0.2258	1.0175	0.3333	1.2374	1.0766	3.9189

pepL	alpha	w_s
12	99.5307	0.083	0.1488	0	0.3949	0.3734
13	98.9575	0.0263	0.0764	0.2382	0.4675	0.1916
14	98.3294	0.0043	0.0259	0.161	0	0.4702	0.2977	0.0409
15	98.0139	0.0017	0.0096	0.0839	0.376	0.4093	0.0998	0.0197
16	98.2233	8e-04	0.0022	0.03	0.2337	0	0.5219	0.1563	0.0471	0.0079
17	98.735	8e-04	0.0019	0.0146	0.1152	0.4293	0.2806	0.114	0.0363	0.0072
18	99.2174	5e-04	0.0013	0.0066	0.0433	0.2908	0	0.3312	0.218	0.0767	0.0267	0.005
19	99.5133	0.001	0.0012	0.0074	0.029	0.145	0.2323	0.2918	0.1844	0.0762	0.0263	0.0055
20	99.691	0.001	0.0012	0.0048	0.0176	0.0704	0.1449	0	0.2809	0.2454	0.1596	0.0505	0.0192	0.0045
21	99.7886	0.0013	0.002	0.0054	0.0189	0.0569	0.1038	0.1383	0.2554	0.2215	0.1327	0.043	0.0166	0.0041
