Allele	BoLA_DRB3_163_01
Type	Standard
n_specificities	1
npep_u	1
npep_t	5000
spec_ids	1
L_core	9
L_N	0
L_C	0
CS_perL	1
pepL_lower	12
pepL_upper	21
n_diff_aa	20

PWM_norm.1	P1	P2	P3	P4	P5	P6	P7	P8	P9
A	0.0896	1.2265	1.544	2.2806	1.0452	1.2176	0.8364	1.1786	1.3378
C	0.0511	0.1146	0.2256	0.3338	0.2037	0.3303	0.2871	0.1131	0.5381
D	0.0347	0.7134	0.2696	0.2687	1.0692	0.5368	0.5664	0.5371	0.3673
E	0.0549	1.5231	0.6136	0.3378	1.2166	0.5312	1.3747	0.9166	0.418
F	8.5177	0.8882	1.34	0.9891	0.5034	0.6102	0.8203	0.6046	1.4094
G	0.0609	0.4298	0.4606	0.4211	0.6048	0.72	0.7642	0.9621	0.8851
H	0.1257	1.6831	0.8791	1.8301	1.5472	1.0093	1.9604	1.5437	0.6506
I	2.7942	1.1406	2.1963	1.5706	0.9853	2.5107	1.0841	1.0119	1.1443
K	0.0562	1.289	0.9592	0.407	1.8946	0.4787	1.236	1.5625	0.9139
L	1.3764	0.7131	0.8958	0.7582	0.74	1.2435	1.0423	1.0918	1.1919
M	0.9048	0.5848	1.4209	0.4572	0.6868	1.0636	0.772	0.5453	1.8445
N	0.0706	1.1324	0.815	1.6443	0.9884	1.5677	2.1077	0.8962	1.1965
P	0.0383	0.0679	1.1465	0.115	0.8355	0.9805	0.6543	1.2711	0.1973
Q	0.0511	1.3528	1.0403	0.4325	1.2149	1.1142	1.6164	1.0865	1.047
R	0.0397	1.3721	0.7936	0.2395	1.2751	0.5228	0.8066	1.4361	1.299
S	0.0409	0.8922	0.9168	1.8745	0.7382	0.5416	0.5909	0.7431	0.9615
T	0.0763	1.3182	0.5792	1.7132	1.1283	1.2302	0.7621	0.862	0.7171
V	0.9921	1.3895	1.4466	2.4522	1.3119	2.2086	1.1046	0.984	1.5947
W	4.4804	0.6247	0.742	0.4361	0.4549	0.3749	1.0281	0.333	0.5603
Y	10.1766	1.2606	2.2713	0.2616	0.7655	0.6093	1.2027	1.0692	2.3473

pepL	alpha	w_s
12	99.5307	0.083	0.1488	0	0.3949	0.3733
13	98.9574	0.0263	0.0764	0.2382	0.4675	0.1916
14	98.3293	0.0043	0.0259	0.161	0	0.4702	0.2976	0.0409
15	98.0138	0.0017	0.0096	0.0839	0.3761	0.4093	0.0998	0.0197
16	98.2233	8e-04	0.0022	0.03	0.2337	0	0.522	0.1562	0.0472	0.0079
17	98.7349	8e-04	0.0019	0.0146	0.1152	0.4294	0.2806	0.114	0.0362	0.0072
18	99.2174	5e-04	0.0013	0.0066	0.0433	0.2908	0	0.3312	0.218	0.0767	0.0267	0.005
19	99.5134	0.001	0.0012	0.0074	0.029	0.145	0.2323	0.2917	0.1843	0.0762	0.0263	0.0055
20	99.6911	0.001	0.0012	0.0048	0.0176	0.0704	0.1449	0	0.2809	0.2453	0.1596	0.0505	0.0192	0.0045
21	99.7886	0.0013	0.002	0.0054	0.0189	0.0569	0.1038	0.1384	0.2552	0.2215	0.1327	0.043	0.0166	0.0041
