Allele	BoLA_DRB3_069_01
Type	Standard
n_specificities	1
npep_u	1
npep_t	5000
spec_ids	1
L_core	9
L_N	0
L_C	0
CS_perL	1
pepL_lower	12
pepL_upper	21
n_diff_aa	20

PWM_norm.1	P1	P2	P3	P4	P5	P6	P7	P8	P9
A	0.1598	0.9786	1.5756	5.1852	1.2083	0.653	1.4337	1.1812	0.7786
C	0.0686	0.1182	0.3051	0.103	0.2208	0.0886	0.5465	0.116	0.3862
D	0.0465	0.5555	0.4165	0.2151	0.9256	0.6107	0.9315	0.5499	0.1494
E	0.0361	1.1065	0.652	0.0911	1.0415	0.3183	1.1542	0.9164	0.208
F	1.2075	0.8442	1.273	0.4325	0.801	0.1823	0.8078	0.6052	2.4799
G	0.0913	0.3341	0.7757	0.6131	0.4729	0.2028	0.6743	0.9468	0.3561
H	0.0557	1.4506	1.0945	0.4827	0.8692	0.832	1.4158	1.5282	0.3779
I	8.8482	1.5874	1.5012	0.7847	1.8966	1.2832	1.1296	1.0162	1.8239
K	0.0511	1.7251	0.8983	0.4278	1.5211	5.899	0.8768	1.5537	0.4874
L	2.6807	0.856	0.679	0.2029	0.954	0.9065	0.6274	1.0855	2.123
M	1.5984	0.5286	1.5295	0.1413	1.1154	0.5307	1.059	0.5538	1.6684
N	0.0572	1.0179	0.8325	0.2949	0.9595	0.3917	1.7799	0.9038	0.5492
P	0.0827	0.0529	1.0314	0.0714	0.6866	0.3584	0.7463	1.2759	0.1199
Q	0.0401	1.1967	1.1002	0.1266	1.3802	0.5169	1.4779	1.0813	0.4383
R	0.0421	1.746	0.952	0.4257	0.748	2.7255	0.9661	1.4304	0.6117
S	0.0434	0.7128	1.1613	1.3736	0.4547	0.2604	0.888	0.746	0.4655
T	0.1511	1.1169	0.7302	3.4695	1.2492	0.7527	0.9291	0.863	0.7201
V	3.5484	1.9381	1.1618	1.9482	1.4258	1.277	1.1088	0.997	2.6977
W	0.3015	0.5113	1.18	0.1317	0.3786	0.1703	1.2612	0.3334	0.5883
Y	0.2197	1.1473	2.0032	0.137	1.475	0.1997	0.8698	1.0766	4.2483

pepL	alpha	w_s
12	99.5307	0.083	0.1488	0	0.3949	0.3734
13	98.9575	0.0263	0.0764	0.2382	0.4675	0.1916
14	98.3294	0.0043	0.0259	0.161	0	0.4702	0.2977	0.0409
15	98.0139	0.0017	0.0096	0.0839	0.376	0.4093	0.0998	0.0197
16	98.2233	8e-04	0.0022	0.03	0.2337	0	0.5219	0.1563	0.0471	0.0079
17	98.735	8e-04	0.0019	0.0146	0.1152	0.4293	0.2806	0.114	0.0363	0.0072
18	99.2174	5e-04	0.0013	0.0066	0.0433	0.2908	0	0.3312	0.218	0.0767	0.0267	0.005
19	99.5133	0.001	0.0012	0.0074	0.029	0.145	0.2323	0.2918	0.1844	0.0762	0.0263	0.0055
20	99.691	0.001	0.0012	0.0048	0.0176	0.0704	0.1449	0	0.2809	0.2454	0.1596	0.0505	0.0192	0.0045
21	99.7886	0.0013	0.002	0.0054	0.0189	0.0569	0.1038	0.1383	0.2554	0.2215	0.1327	0.043	0.0166	0.0041
