Allele	BoLA_DRB3_094_01
Type	Standard
n_specificities	1
npep_u	1
npep_t	5000
spec_ids	1
L_core	9
L_N	0
L_C	0
CS_perL	1
pepL_lower	12
pepL_upper	21
n_diff_aa	20

PWM_norm.1	P1	P2	P3	P4	P5	P6	P7	P8	P9
A	0.1067	0.9786	1.5336	1.8482	1.1044	1.1565	1.585	1.0939	1.4167
C	0.0519	0.1182	0.353	0.2697	0.2154	0.2685	0.337	0.1081	0.4583
D	0.0398	0.5555	0.531	2.4685	1.1871	1.8142	0.9153	0.5678	0.1172
E	0.0664	1.1065	0.7192	1.1855	1.0869	0.6085	1.0373	0.7548	0.1643
F	7.7048	0.8442	1.3116	0.7877	0.671	0.25	0.9794	0.3915	0.6167
G	0.0614	0.3341	0.7871	0.4527	0.5379	0.3026	1.2939	0.9039	0.4184
H	0.1158	1.4506	1.2308	0.3404	0.8809	0.5578	1.2051	1.1699	0.2645
I	2.9156	1.5874	1.4987	1.4184	1.4785	2.4298	1.1944	1.2447	2.9251
K	0.0495	1.7251	0.9305	0.1912	1.5126	0.478	0.8754	1.6311	0.1841
L	1.5115	0.856	0.6699	0.54	0.7909	1.3022	1.0282	1.0727	2.6943
M	0.995	0.5286	1.4358	0.733	0.997	1.1054	0.9563	0.6405	0.8495
N	0.0597	1.0179	0.7528	1.5353	1.0193	1.6922	1.2392	1.0421	0.5221
P	0.0478	0.0529	0.9652	0.1811	0.8347	0.6162	0.8283	1.5552	0.1164
Q	0.0612	1.1967	1.1825	0.7224	1.2875	0.7964	0.9033	1.0564	0.4871
R	0.0353	1.746	0.8807	0.164	1.0228	0.2565	0.8786	1.3639	0.3571
S	0.0437	0.7128	1.01	1.2968	0.6573	0.5906	0.7564	0.6613	0.5381
T	0.0877	1.1169	0.9084	2.0489	1.2051	1.2848	0.7626	0.9828	0.7222
V	1.2306	1.9381	1.1539	1.8169	1.4311	2.8813	0.8859	1.1159	3.7157
W	3.9897	0.5113	1.2857	0.2657	0.3358	0.1281	0.7463	0.1923	0.0688
Y	10.0619	1.1473	1.865	0.3657	1.1594	0.2698	1.2161	1.0418	0.708

pepL	alpha	w_s
12	99.5307	0.083	0.1488	0	0.3949	0.3734
13	98.9575	0.0263	0.0764	0.2382	0.4675	0.1916
14	98.3294	0.0043	0.0259	0.161	0	0.4702	0.2977	0.0409
15	98.0139	0.0017	0.0096	0.0839	0.376	0.4093	0.0998	0.0197
16	98.2233	8e-04	0.0022	0.03	0.2337	0	0.5219	0.1563	0.0471	0.0079
17	98.735	8e-04	0.0019	0.0146	0.1152	0.4293	0.2806	0.114	0.0363	0.0072
18	99.2174	5e-04	0.0013	0.0066	0.0433	0.2908	0	0.3312	0.218	0.0767	0.0267	0.005
19	99.5133	0.001	0.0012	0.0074	0.029	0.145	0.2323	0.2918	0.1844	0.0762	0.0263	0.0055
20	99.691	0.001	0.0012	0.0048	0.0176	0.0704	0.1449	0	0.2809	0.2454	0.1596	0.0505	0.0192	0.0045
21	99.7886	0.0013	0.002	0.0054	0.0189	0.0569	0.1038	0.1383	0.2554	0.2215	0.1327	0.043	0.0166	0.0041
