Allele	BoLA_DRB3_005_07
Type	Standard
n_specificities	1
npep_u	1
npep_t	5000
spec_ids	1
L_core	9
L_N	0
L_C	0
CS_perL	1
pepL_lower	12
pepL_upper	21
n_diff_aa	20

PWM_norm.1	P1	P2	P3	P4	P5	P6	P7	P8	P9
A	0.0934	0.9786	1.4435	1.0851	0.8957	1.0888	1.1903	1.1812	2.8823
C	0.049	0.1182	0.2788	0.3252	0.2251	0.3088	0.2781	0.116	0.236
D	0.0361	0.5555	0.2834	2.045	1.6141	2.2122	1.0355	0.5499	0.4497
E	0.0576	1.1065	0.5264	1.8834	1.1831	0.6285	0.9451	0.9164	0.4846
F	8.2964	0.8442	1.0113	1.4823	0.478	0.2394	1.3181	0.6052	0.2476
G	0.0619	0.3341	0.6384	0.4338	0.6438	0.4207	1.0833	0.9468	2.954
H	0.1244	1.4506	0.8465	0.8999	0.9285	0.4267	1.3463	1.5282	0.883
I	2.7704	1.5874	1.9445	1.5785	1.1837	1.9189	1.4382	1.0162	0.3248
K	0.0618	1.7251	0.9104	0.1848	1.4426	0.2497	0.8526	1.5537	0.2833
L	1.3527	0.856	0.956	0.7005	0.6657	1.1459	1.1307	1.0855	0.1751
M	0.9209	0.5286	1.1157	1.3362	0.9003	0.7552	1.0235	0.5538	0.3138
N	0.0713	1.0179	0.8825	1.4005	1.0982	2.3754	1.3634	0.9038	0.9326
P	0.0388	0.0529	1.0387	0.1448	1.0812	0.4239	0.7826	1.2759	0.3804
Q	0.0536	1.1967	1.1181	1.4138	0.9779	0.7485	0.8949	1.0813	2.8359
R	0.0379	1.746	1.2808	0.1726	1.2617	0.1701	0.8725	1.4304	0.2655
S	0.0414	0.7128	0.8896	1.1836	0.7597	0.9876	0.6476	0.746	2.1883
T	0.0773	1.1169	0.8627	1.2496	1.1655	1.7069	0.873	0.863	0.6405
V	0.9818	1.9381	1.4522	1.2259	1.3854	2.4779	0.9942	0.997	0.4338
W	4.5203	0.5113	0.8534	0.7298	0.3282	0.1374	0.8867	0.3334	0.0731
Y	10.5593	1.1473	1.703	0.5456	1.008	0.2758	1.2447	1.0766	0.2052

pepL	alpha	w_s
12	99.5307	0.083	0.1488	0	0.3949	0.3734
13	98.9575	0.0263	0.0764	0.2382	0.4675	0.1916
14	98.3294	0.0043	0.0259	0.161	0	0.4702	0.2977	0.0409
15	98.0139	0.0017	0.0096	0.0839	0.376	0.4093	0.0998	0.0197
16	98.2233	8e-04	0.0022	0.03	0.2337	0	0.5219	0.1563	0.0471	0.0079
17	98.735	8e-04	0.0019	0.0146	0.1152	0.4293	0.2806	0.114	0.0363	0.0072
18	99.2174	5e-04	0.0013	0.0066	0.0433	0.2908	0	0.3312	0.218	0.0767	0.0267	0.005
19	99.5133	0.001	0.0012	0.0074	0.029	0.145	0.2323	0.2918	0.1844	0.0762	0.0263	0.0055
20	99.691	0.001	0.0012	0.0048	0.0176	0.0704	0.1449	0	0.2809	0.2454	0.1596	0.0505	0.0192	0.0045
21	99.7886	0.0013	0.002	0.0054	0.0189	0.0569	0.1038	0.1383	0.2554	0.2215	0.1327	0.043	0.0166	0.0041
