Allele	BoLA_DRB3_028_01
Type	Standard
n_specificities	1
npep_u	1
npep_t	5000
spec_ids	1
L_core	9
L_N	0
L_C	0
CS_perL	1
pepL_lower	12
pepL_upper	21
n_diff_aa	20

PWM_norm.1	P1	P2	P3	P4	P5	P6	P7	P8	P9
A	0.1329	0.971	1.3774	0.619	0.6931	0.4287	0.907	1.0316	0.4386
C	0.0539	0.118	0.3387	0.1573	0.1814	0.1416	0.126	0.0921	0.1813
D	0.0395	0.5546	0.3711	0.2372	1.4538	0.9085	0.5499	0.667	0.7816
E	0.0275	1.1045	0.654	1.3262	1.3985	0.7771	0.9076	1.0585	0.7595
F	0.8949	0.8507	1.2456	1.6128	0.438	0.163	1.2869	0.5554	1.222
G	0.0598	0.3361	0.4798	0.1223	0.5836	0.1166	0.6576	0.8469	0.1802
H	0.0379	1.4432	1.0124	0.6442	0.9527	0.1463	1.3444	1.2916	0.2381
I	8.7578	1.5947	2.0496	3.1349	1.3171	4.4214	1.8965	1.1125	3.1906
K	0.0307	1.7443	0.9983	0.1164	1.7158	0.0909	0.8576	1.4686	0.2931
L	2.9065	0.8388	0.944	3.656	0.7639	2.6446	1.2663	1.2311	3.1739
M	1.2553	0.5271	1.279	2.3564	0.9308	1.1092	1.0026	0.6151	1.4556
N	0.0347	1.0223	0.8029	0.2733	0.9047	0.8807	1.7044	0.8748	0.2774
P	0.0794	0.0548	1.076	0.0529	0.8787	0.2195	1.5515	1.3342	0.0635
Q	0.0298	1.2417	1.113	0.8613	1.0078	0.5291	1.0748	1.1475	0.3731
R	0.0294	1.734	0.9674	0.0806	1.489	0.0971	0.7521	1.3806	0.3652
S	0.0298	0.7046	0.728	0.3814	0.6532	0.2492	0.5287	0.6195	0.1172
T	0.1199	1.109	0.8119	0.4678	1.0724	0.7882	0.7924	0.8099	0.3509
V	3.8187	1.94	1.5686	1.3557	1.4437	3.6403	1.0109	1.0382	2.596
W	0.1738	0.5062	0.7858	0.2157	0.3351	0.1076	0.6065	0.3348	0.321
Y	0.1263	1.153	1.8626	0.3792	0.8534	0.3002	1.2055	1.171	2.7109

pepL	alpha	w_s
12	99.5307	0.083	0.1488	0	0.3949	0.3733
13	98.9574	0.0263	0.0764	0.2382	0.4675	0.1916
14	98.3293	0.0043	0.0259	0.161	0	0.4702	0.2976	0.0409
15	98.0138	0.0017	0.0096	0.0839	0.3761	0.4093	0.0998	0.0197
16	98.2233	8e-04	0.0022	0.03	0.2337	0	0.522	0.1562	0.0472	0.0079
17	98.7349	8e-04	0.0019	0.0146	0.1152	0.4294	0.2806	0.114	0.0362	0.0072
18	99.2174	5e-04	0.0013	0.0066	0.0433	0.2908	0	0.3312	0.218	0.0767	0.0267	0.005
19	99.5134	0.001	0.0012	0.0074	0.029	0.145	0.2323	0.2917	0.1843	0.0762	0.0263	0.0055
20	99.6911	0.001	0.0012	0.0048	0.0176	0.0704	0.1449	0	0.2809	0.2453	0.1596	0.0505	0.0192	0.0045
21	99.7886	0.0013	0.002	0.0054	0.0189	0.0569	0.1038	0.1384	0.2552	0.2215	0.1327	0.043	0.0166	0.0041
