Allele	BoLA_DRB3_116_02
Type	Standard
n_specificities	1
npep_u	1
npep_t	5000
spec_ids	1
L_core	9
L_N	0
L_C	0
CS_perL	1
pepL_lower	12
pepL_upper	21
n_diff_aa	20

PWM_norm.1	P1	P2	P3	P4	P5	P6	P7	P8	P9
A	0.1514	0.971	1.6225	2.5056	0.8882	0.773	1.2532	0.9729	0.453
C	0.0752	0.118	0.2656	0.187	0.1851	0.2692	0.1761	0.1419	0.1402
D	0.0461	0.5546	0.3958	3.7576	0.8022	1.9139	0.6116	0.644	0.2116
E	0.034	1.1045	0.6995	0.8545	1.1494	1.2297	0.898	0.7757	0.1417
F	1.2848	0.8507	1.3262	0.3841	0.5959	0.2167	1.1815	0.514	0.8928
G	0.0928	0.3361	0.745	0.5629	0.8874	0.2359	0.6816	0.7762	0.0837
H	0.0565	1.4432	1.0478	0.2881	1.1365	0.8978	1.7504	0.9403	0.1084
I	8.7075	1.5947	1.579	0.6771	0.928	2.7101	1.6129	1.4054	5.416
K	0.0468	1.7443	0.8833	0.1071	1.8373	0.6565	0.7974	1.6146	0.0546
L	2.8025	0.8388	0.6469	0.2019	0.6454	1.3234	1.0684	1.0371	2.7786
M	1.498	0.5271	1.6672	0.3632	0.6987	0.8018	0.6112	0.8387	0.8282
N	0.0555	1.0223	0.8661	2.2426	1.2652	1.8356	1.4377	1.1172	0.3659
P	0.0887	0.0548	1.047	0.0669	1.3962	0.2932	1.3364	1.5425	0.0441
Q	0.0383	1.2417	1.0463	0.6116	1.1832	0.9007	0.7958	1.0018	0.2368
R	0.0451	1.734	0.8394	0.1043	1.1602	0.5744	0.8266	1.2487	0.0643
S	0.0404	0.7046	1.2171	1.6852	0.794	0.4792	0.6674	0.7036	0.1062
T	0.1519	1.109	0.7531	2.0457	1.2112	1.2363	1.0609	1.0539	0.3668
V	3.4569	1.94	1.1218	1.3399	1.0595	2.1629	1.3145	1.1407	4.619
W	0.3205	0.5062	1.02	0.1279	0.494	0.1877	0.6944	0.2582	0.0769
Y	0.1975	1.153	1.9765	0.1039	0.7981	0.3691	1.0123	1.1563	1.4044

pepL	alpha	w_s
12	99.5307	0.083	0.1488	0	0.3949	0.3733
13	98.9574	0.0263	0.0764	0.2382	0.4675	0.1916
14	98.3293	0.0043	0.0259	0.161	0	0.4702	0.2976	0.0409
15	98.0138	0.0017	0.0096	0.0839	0.3761	0.4093	0.0998	0.0197
16	98.2233	8e-04	0.0022	0.03	0.2337	0	0.522	0.1562	0.0472	0.0079
17	98.7349	8e-04	0.0019	0.0146	0.1152	0.4294	0.2806	0.114	0.0362	0.0072
18	99.2174	5e-04	0.0013	0.0066	0.0433	0.2908	0	0.3312	0.218	0.0767	0.0267	0.005
19	99.5134	0.001	0.0012	0.0074	0.029	0.145	0.2323	0.2917	0.1843	0.0762	0.0263	0.0055
20	99.6911	0.001	0.0012	0.0048	0.0176	0.0704	0.1449	0	0.2809	0.2453	0.1596	0.0505	0.0192	0.0045
21	99.7886	0.0013	0.002	0.0054	0.0189	0.0569	0.1038	0.1384	0.2552	0.2215	0.1327	0.043	0.0166	0.0041
