Allele	BoLA_DRB3_087_04
Type	Standard
n_specificities	1
npep_u	1
npep_t	5000
spec_ids	1
L_core	9
L_N	0
L_C	0
CS_perL	1
pepL_lower	12
pepL_upper	21
n_diff_aa	20

PWM_norm.1	P1	P2	P3	P4	P5	P6	P7	P8	P9
A	0.0934	0.9786	1.5224	2.4277	0.9455	1.1499	1.2814	1.1822	3.0182
C	0.049	0.1182	0.2463	0.3362	0.1832	0.136	0.198	0.1192	0.2256
D	0.0361	0.5555	0.2322	0.2069	1.1745	0.3124	0.5117	0.5527	0.3889
E	0.0576	1.1065	0.5466	0.2917	1.2311	0.4561	0.7397	0.8641	0.4534
F	8.2964	0.8442	1.3381	0.3385	0.5298	0.1619	0.9158	0.6219	0.2599
G	0.0619	0.3341	0.4073	0.1557	0.6505	0.4918	1.5899	0.9713	2.9527
H	0.1244	1.4506	0.7173	0.4386	1.233	1.2258	1.6501	1.4536	0.8041
I	2.7704	1.5874	2.4065	2.3705	1.1358	1.4045	1.3475	1.0428	0.3432
K	0.0618	1.7251	0.9092	0.1957	1.8701	3.4589	1.2639	1.5318	0.2688
L	1.3527	0.856	0.9653	1.6829	0.713	0.6857	1.1745	1.0455	0.1748
M	0.9209	0.5286	1.4668	0.5945	0.7726	0.3796	1.1791	0.5741	0.3216
N	0.0713	1.0179	0.8709	1.1633	0.9828	0.5628	1.2509	0.9364	0.8505
P	0.0388	0.0529	1.2231	0.0681	0.9718	0.6848	0.9282	1.3408	0.374
Q	0.0536	1.1967	1.0822	0.1644	0.9834	0.8247	0.9952	1.0572	2.8839
R	0.0379	1.746	0.8533	0.0812	1.2896	2.8358	1.1289	1.4183	0.2491
S	0.0414	0.7128	0.9	1.7627	0.7299	0.3586	0.5391	0.7684	2.1885
T	0.0773	1.1169	0.6741	1.245	1.1053	1.1288	0.6019	0.875	0.6314
V	0.9818	1.9381	1.429	3.1532	1.3088	1.7244	0.7491	1.0051	0.4449
W	4.5203	0.5113	0.6712	0.055	0.6057	0.0916	0.8021	0.3399	0.0682
Y	10.5593	1.1473	1.7827	0.0851	0.8891	0.1507	1.1182	1.0876	0.1832

pepL	alpha	w_s
12	99.5307	0.083	0.1488	0	0.3949	0.3734
13	98.9575	0.0263	0.0764	0.2382	0.4675	0.1916
14	98.3294	0.0043	0.0259	0.161	0	0.4702	0.2977	0.0409
15	98.0139	0.0017	0.0096	0.0839	0.376	0.4093	0.0998	0.0197
16	98.2233	8e-04	0.0022	0.03	0.2337	0	0.5219	0.1563	0.0471	0.0079
17	98.735	8e-04	0.0019	0.0146	0.1152	0.4293	0.2806	0.114	0.0363	0.0072
18	99.2174	5e-04	0.0013	0.0066	0.0433	0.2908	0	0.3312	0.218	0.0767	0.0267	0.005
19	99.5133	0.001	0.0012	0.0074	0.029	0.145	0.2323	0.2918	0.1844	0.0762	0.0263	0.0055
20	99.691	0.001	0.0012	0.0048	0.0176	0.0704	0.1449	0	0.2809	0.2454	0.1596	0.0505	0.0192	0.0045
21	99.7886	0.0013	0.002	0.0054	0.0189	0.0569	0.1038	0.1383	0.2554	0.2215	0.1327	0.043	0.0166	0.0041
