Allele	BoLA_DRB3_159_01
Type	Standard
n_specificities	1
npep_u	1
npep_t	5000
spec_ids	1
L_core	9
L_N	0
L_C	0
CS_perL	1
pepL_lower	12
pepL_upper	21
n_diff_aa	20

PWM_norm.1	P1	P2	P3	P4	P5	P6	P7	P8	P9
A	0.0934	0.9786	1.4148	2.092	0.7727	0.6906	1.9478	1.1822	1.1922
C	0.049	0.1182	0.3168	0.3375	0.1325	0.0978	0.1904	0.1192	0.5128
D	0.0361	0.5555	0.3842	2.3703	0.9238	0.5919	0.4687	0.5527	0.155
E	0.0576	1.1065	0.6135	0.9414	1.1618	0.3441	0.7293	0.8641	0.2021
F	8.2964	0.8442	1.2901	0.6024	0.5423	0.1799	0.8939	0.6219	1.5889
G	0.0619	0.3341	0.4771	0.3999	0.669	0.1503	1.6274	0.9713	0.4176
H	0.1244	1.4506	0.9777	0.8562	1.3382	1.4633	1.1992	1.4536	0.3038
I	2.7704	1.5874	2.0506	1.1723	1.2823	1.4835	0.9808	1.0428	2.4023
K	0.0618	1.7251	0.976	0.2112	2.127	5.6161	1.2309	1.5318	0.1599
L	1.3527	0.856	0.9521	0.5527	0.9323	0.889	1.1118	1.0455	2.2156
M	0.9209	0.5286	1.2608	0.4744	0.8565	0.7708	0.8465	0.5741	1.4474
N	0.0713	1.0179	0.8048	1.8749	0.8381	0.5488	0.9934	0.9364	0.6228
P	0.0388	0.0529	1.0836	0.1806	0.6512	0.4015	0.8802	1.3408	0.1402
Q	0.0536	1.1967	1.1656	0.5311	1.1355	0.708	0.7489	1.0572	0.5407
R	0.0379	1.746	0.9304	0.1384	1.3342	1.8931	1.1192	1.4183	0.2666
S	0.0414	0.7128	0.739	1.7963	0.5628	0.2342	0.7658	0.7684	0.6704
T	0.0773	1.1169	0.819	1.5284	1.0513	0.6389	0.6607	0.875	0.8997
V	0.9818	1.9381	1.5145	1.8731	1.6294	1.7185	0.7007	1.0051	3.2103
W	4.5203	0.5113	0.8567	0.1176	0.3939	0.1082	0.755	0.3399	0.1955
Y	10.5593	1.1473	1.8853	0.2836	0.7804	0.1839	1.2715	1.0876	2.1576

pepL	alpha	w_s
12	99.5307	0.083	0.1488	0	0.3949	0.3734
13	98.9575	0.0263	0.0764	0.2382	0.4675	0.1916
14	98.3294	0.0043	0.0259	0.161	0	0.4702	0.2977	0.0409
15	98.0139	0.0017	0.0096	0.0839	0.376	0.4093	0.0998	0.0197
16	98.2233	8e-04	0.0022	0.03	0.2337	0	0.5219	0.1563	0.0471	0.0079
17	98.735	8e-04	0.0019	0.0146	0.1152	0.4293	0.2806	0.114	0.0363	0.0072
18	99.2174	5e-04	0.0013	0.0066	0.0433	0.2908	0	0.3312	0.218	0.0767	0.0267	0.005
19	99.5133	0.001	0.0012	0.0074	0.029	0.145	0.2323	0.2918	0.1844	0.0762	0.0263	0.0055
20	99.691	0.001	0.0012	0.0048	0.0176	0.0704	0.1449	0	0.2809	0.2454	0.1596	0.0505	0.0192	0.0045
21	99.7886	0.0013	0.002	0.0054	0.0189	0.0569	0.1038	0.1383	0.2554	0.2215	0.1327	0.043	0.0166	0.0041
