Allele	BoLA_DRB3_070_01
Type	Standard
n_specificities	1
npep_u	1
npep_t	5000
spec_ids	1
L_core	9
L_N	0
L_C	0
CS_perL	1
pepL_lower	12
pepL_upper	21
n_diff_aa	20

PWM_norm.1	P1	P2	P3	P4	P5	P6	P7	P8	P9
A	0.1598	0.9786	1.717	3.2773	1.2218	0.7067	0.8433	1.0347	0.5851
C	0.0686	0.1182	0.2089	0.1435	0.1654	0.1089	0.2776	0.108	0.1428
D	0.0465	0.5555	0.369	0.1596	0.9366	0.6096	0.6435	0.6454	0.9439
E	0.0361	1.1065	0.6892	0.0971	1.0628	0.3433	0.9551	1.0308	1.8898
F	1.2075	0.8442	1.3272	1.4785	0.7882	0.2237	1.1183	0.5338	1.7226
G	0.0913	0.3341	0.7665	0.5762	0.4777	0.2559	0.6266	0.8564	0.427
H	0.0557	1.4506	1.0286	2.0974	0.8972	1.0913	2.29	1.291	0.4151
I	8.8482	1.5874	1.5927	1.0079	1.9145	1.4459	1.1302	1.0806	1.3249
K	0.0511	1.7251	0.8277	0.878	1.6249	4.8724	1.4874	1.4956	0.67
L	2.6807	0.856	0.6246	0.3559	0.9287	0.8595	1.2304	1.1933	1.2513
M	1.5984	0.5286	1.616	0.2546	1.07	0.518	0.8497	0.6292	1.8238
N	0.0572	1.0179	0.81	0.8975	0.9362	0.5486	1.7733	0.8818	0.2862
P	0.0827	0.0529	1.0582	0.0584	0.6774	0.3899	0.574	1.3334	0.0919
Q	0.0401	1.1967	1.1111	0.2698	1.4262	0.5852	1.3516	1.1305	0.6628
R	0.0421	1.746	0.7879	0.7065	0.775	2.9376	1.1528	1.3811	2.9399
S	0.0434	0.7128	1.2883	1.1523	0.4376	0.3272	0.5297	0.6731	0.2736
T	0.1511	1.1169	0.722	2.581	1.2293	0.8744	0.6427	0.8198	0.4213
V	3.5484	1.9381	1.0701	2.0858	1.3612	1.3251	0.9232	1.0684	1.1762
W	0.3015	0.5113	1.1167	0.8978	0.3435	0.2206	1.2116	0.3364	0.4267
Y	0.2197	1.1473	1.9939	0.5055	1.4314	0.2326	1.587	1.1546	3.0508

pepL	alpha	w_s
12	99.5307	0.083	0.1488	0	0.3949	0.3734
13	98.9575	0.0263	0.0764	0.2382	0.4675	0.1916
14	98.3294	0.0043	0.0259	0.161	0	0.4702	0.2977	0.0409
15	98.0139	0.0017	0.0096	0.0839	0.376	0.4093	0.0998	0.0197
16	98.2233	8e-04	0.0022	0.03	0.2337	0	0.5219	0.1563	0.0471	0.0079
17	98.735	8e-04	0.0019	0.0146	0.1152	0.4293	0.2806	0.114	0.0363	0.0072
18	99.2174	5e-04	0.0013	0.0066	0.0433	0.2908	0	0.3312	0.218	0.0767	0.0267	0.005
19	99.5133	0.001	0.0012	0.0074	0.029	0.145	0.2323	0.2918	0.1844	0.0762	0.0263	0.0055
20	99.691	0.001	0.0012	0.0048	0.0176	0.0704	0.1449	0	0.2809	0.2454	0.1596	0.0505	0.0192	0.0045
21	99.7886	0.0013	0.002	0.0054	0.0189	0.0569	0.1038	0.1383	0.2554	0.2215	0.1327	0.043	0.0166	0.0041
