Allele	BoLA_DRB3_020_14
Type	Standard
n_specificities	1
npep_u	1
npep_t	5000
spec_ids	1
L_core	9
L_N	0
L_C	0
CS_perL	1
pepL_lower	12
pepL_upper	21
n_diff_aa	20

PWM_norm.1	P1	P2	P3	P4	P5	P6	P7	P8	P9
A	0.0896	0.971	1.556	1.2981	0.8031	1.0652	0.9305	1.1786	1.5517
C	0.0511	0.118	0.1697	0.2648	0.2074	0.3522	0.2342	0.1131	0.65
D	0.0347	0.5546	0.1858	0.1652	1.4125	1.9379	0.7844	0.5371	0.4131
E	0.0549	1.1045	0.4944	0.4689	1.5691	2.8101	1.0486	0.9166	0.3309
F	8.5177	0.8507	0.9607	1.2553	0.4565	0.236	1.6205	0.6046	0.6023
G	0.0609	0.3361	0.4902	0.1448	0.7399	0.5588	0.635	0.9621	0.5703
H	0.1257	1.4432	0.7737	0.3075	0.9699	0.3828	1.84	1.5437	0.4259
I	2.7942	1.5947	1.9969	3.4984	0.9081	1.5139	1.3844	1.0119	1.9587
K	0.0562	1.7443	0.899	0.0659	1.7019	0.152	1.0993	1.5625	0.6097
L	1.3764	0.8388	1.0285	2.977	0.5258	0.912	1.0703	1.0918	1.9933
M	0.9048	0.5271	1.0723	1.5036	0.5668	0.7304	0.7743	0.5453	1.1176
N	0.0706	1.0223	0.7599	0.3281	1.2565	1.9774	1.6714	0.8962	1.1675
P	0.0383	0.0548	1.1397	0.0534	1.1008	0.438	0.9739	1.2711	0.1599
Q	0.0511	1.2417	1.1977	0.4191	1.0039	0.9396	1.3438	1.0865	0.5476
R	0.0397	1.734	1.4348	0.0451	1.313	0.1819	1.0233	1.4361	0.8762
S	0.0409	0.7046	0.8889	1.0765	0.7787	0.7613	0.5488	0.7431	0.5853
T	0.0763	1.109	0.7372	0.9123	1.2191	1.1059	0.8103	0.862	0.8954
V	0.9921	1.94	1.5326	2.2497	1.1295	1.6158	0.8481	0.984	2.8153
W	4.4804	0.5062	0.5849	0.1252	0.5325	0.185	0.9895	0.333	0.1634
Y	10.1766	1.153	1.6263	0.162	0.913	0.3633	1.0468	1.0692	1.0337

pepL	alpha	w_s
12	99.5307	0.083	0.1488	0	0.3949	0.3733
13	98.9574	0.0263	0.0764	0.2382	0.4675	0.1916
14	98.3293	0.0043	0.0259	0.161	0	0.4702	0.2976	0.0409
15	98.0138	0.0017	0.0096	0.0839	0.3761	0.4093	0.0998	0.0197
16	98.2233	8e-04	0.0022	0.03	0.2337	0	0.522	0.1562	0.0472	0.0079
17	98.7349	8e-04	0.0019	0.0146	0.1152	0.4294	0.2806	0.114	0.0362	0.0072
18	99.2174	5e-04	0.0013	0.0066	0.0433	0.2908	0	0.3312	0.218	0.0767	0.0267	0.005
19	99.5134	0.001	0.0012	0.0074	0.029	0.145	0.2323	0.2917	0.1843	0.0762	0.0263	0.0055
20	99.6911	0.001	0.0012	0.0048	0.0176	0.0704	0.1449	0	0.2809	0.2453	0.1596	0.0505	0.0192	0.0045
21	99.7886	0.0013	0.002	0.0054	0.0189	0.0569	0.1038	0.1384	0.2552	0.2215	0.1327	0.043	0.0166	0.0041
