Allele	BoLA_DRB3_078_01
Type	Standard
n_specificities	1
npep_u	1
npep_t	5000
spec_ids	1
L_core	9
L_N	0
L_C	0
CS_perL	1
pepL_lower	12
pepL_upper	21
n_diff_aa	20

PWM_norm.1	P1	P2	P3	P4	P5	P6	P7	P8	P9
A	0.1391	0.9786	1.717	2.6284	1.256	2.4954	0.8669	1.0191	0.4416
C	0.0583	0.1182	0.2089	0.1481	0.1773	0.3127	0.3472	0.1158	0.1657
D	0.0402	0.5555	0.369	0.115	1.012	0.6117	1.032	0.648	0.2982
E	0.0321	1.1065	0.6892	0.1373	1.0036	0.7753	1.201	0.9078	0.3257
F	0.8712	0.8442	1.3272	0.7381	0.8631	0.5177	0.9354	0.4761	1.6637
G	0.0626	0.3341	0.7665	0.6029	0.5931	1.4143	0.7323	0.8637	0.0976
H	0.041	1.4506	1.0286	1.4425	1.0395	0.3711	2.2801	1.2205	0.1195
I	8.7661	1.5874	1.5927	1.3216	1.6032	1.5135	1.0389	1.1721	4.4223
K	0.0339	1.7251	0.8277	1.4082	1.5392	0.1491	1.2757	1.5069	0.0844
L	2.7494	0.856	0.6246	0.662	0.8962	0.8101	0.8175	1.1727	3.1333
M	1.3964	0.5286	1.616	0.3562	1.1198	0.686	0.7124	0.6642	1.7185
N	0.0398	1.0179	0.81	1.7503	0.9344	1.4741	1.7929	0.9651	0.2541
P	0.0759	0.0529	1.0582	0.0765	0.7989	1.2651	0.8201	1.4476	0.0607
Q	0.0349	1.1967	1.1111	0.4271	1.3072	1.0914	1.514	1.1193	0.2574
R	0.0305	1.746	0.7879	1.186	0.8602	0.1359	1.2413	1.3457	0.1551
S	0.033	0.7128	1.2883	1.0372	0.4935	0.8581	0.5287	0.6698	0.1544
T	0.1218	1.1169	0.722	2.1297	1.26	1.2291	0.7178	0.8572	0.4232
V	3.9808	1.9381	1.0701	1.8257	1.262	1.7218	0.856	1.1054	3.2313
W	0.1798	0.5113	1.1167	0.6497	0.2938	0.1578	1.1787	0.279	0.4582
Y	0.1653	1.1473	1.9939	0.3325	1.3624	0.3077	1.2575	1.106	1.7808

pepL	alpha	w_s
12	99.5307	0.083	0.1488	0	0.3949	0.3734
13	98.9575	0.0263	0.0764	0.2382	0.4675	0.1916
14	98.3294	0.0043	0.0259	0.161	0	0.4702	0.2977	0.0409
15	98.0139	0.0017	0.0096	0.0839	0.376	0.4093	0.0998	0.0197
16	98.2233	8e-04	0.0022	0.03	0.2337	0	0.5219	0.1563	0.0471	0.0079
17	98.735	8e-04	0.0019	0.0146	0.1152	0.4293	0.2806	0.114	0.0363	0.0072
18	99.2174	5e-04	0.0013	0.0066	0.0433	0.2908	0	0.3312	0.218	0.0767	0.0267	0.005
19	99.5133	0.001	0.0012	0.0074	0.029	0.145	0.2323	0.2918	0.1844	0.0762	0.0263	0.0055
20	99.691	0.001	0.0012	0.0048	0.0176	0.0704	0.1449	0	0.2809	0.2454	0.1596	0.0505	0.0192	0.0045
21	99.7886	0.0013	0.002	0.0054	0.0189	0.0569	0.1038	0.1383	0.2554	0.2215	0.1327	0.043	0.0166	0.0041
