Allele	BoLA_DRB3_106_01
Type	Standard
n_specificities	1
npep_u	1
npep_t	5000
spec_ids	1
L_core	9
L_N	0
L_C	0
CS_perL	1
pepL_lower	12
pepL_upper	21
n_diff_aa	20

PWM_norm.1	P1	P2	P3	P4	P5	P6	P7	P8	P9
A	0.1329	0.971	1.6379	2.6437	1.1112	1.0859	1.2781	1.1786	2.9915
C	0.0539	0.118	0.1959	0.2482	0.1995	0.4211	0.3214	0.1131	0.2264
D	0.0395	0.5546	0.2694	0.1519	1.4084	1.0376	0.828	0.5371	0.4185
E	0.0275	1.1045	0.5879	0.2214	1.1495	0.8021	0.9702	0.9166	0.4532
F	0.8949	0.8507	1.0865	1.7412	0.6654	0.4705	1.0856	0.6046	0.2364
G	0.0598	0.3361	0.6801	0.249	0.504	0.6726	1.0503	0.9621	2.9595
H	0.0379	1.4432	0.9746	0.3286	0.9318	1.698	1.4855	1.5437	0.8422
I	8.7578	1.5947	1.5862	2.674	1.3324	1.1391	1.2359	1.0119	0.3293
K	0.0307	1.7443	0.877	0.1155	1.7596	2.0253	1.165	1.5625	0.2691
L	2.9065	0.8388	0.7716	1.3406	0.7155	0.6223	1.1412	1.0918	0.1742
M	1.2553	0.5271	1.3405	0.9466	0.7673	0.8381	1.1005	0.5453	0.3262
N	0.0347	1.0223	0.7778	0.3434	1.3389	1.366	1.2284	0.8962	0.8888
P	0.0794	0.0548	0.9904	0.0463	0.8275	0.7088	0.8181	1.2711	0.3627
Q	0.0298	1.2417	1.2382	0.2708	1.1902	1.0714	1.0807	1.0865	2.897
R	0.0294	1.734	1.2102	0.084	1.0222	1.6273	1.0484	1.4361	0.2309
S	0.0298	0.7046	1.1711	1.1241	0.6431	0.7041	0.6133	0.7431	2.2102
T	0.1199	1.109	0.7522	1.4962	1.1691	1.0864	0.6919	0.862	0.635
V	3.8187	1.94	1.2705	3.4305	1.1879	1.3736	0.8336	0.984	0.4172
W	0.1738	0.5062	0.8989	0.239	0.3934	0.5163	1.0705	0.333	0.071
Y	0.1263	1.153	1.8704	0.3017	1.2	0.4907	1.2442	1.0692	0.1724

pepL	alpha	w_s
12	99.5307	0.083	0.1488	0	0.3949	0.3733
13	98.9574	0.0263	0.0764	0.2382	0.4675	0.1916
14	98.3293	0.0043	0.0259	0.161	0	0.4702	0.2976	0.0409
15	98.0138	0.0017	0.0096	0.0839	0.3761	0.4093	0.0998	0.0197
16	98.2233	8e-04	0.0022	0.03	0.2337	0	0.522	0.1562	0.0472	0.0079
17	98.7349	8e-04	0.0019	0.0146	0.1152	0.4294	0.2806	0.114	0.0362	0.0072
18	99.2174	5e-04	0.0013	0.0066	0.0433	0.2908	0	0.3312	0.218	0.0767	0.0267	0.005
19	99.5134	0.001	0.0012	0.0074	0.029	0.145	0.2323	0.2917	0.1843	0.0762	0.0263	0.0055
20	99.6911	0.001	0.0012	0.0048	0.0176	0.0704	0.1449	0	0.2809	0.2453	0.1596	0.0505	0.0192	0.0045
21	99.7886	0.0013	0.002	0.0054	0.0189	0.0569	0.1038	0.1384	0.2552	0.2215	0.1327	0.043	0.0166	0.0041
