Allele	BoLA_DRB3_100_01
Type	Standard
n_specificities	1
npep_u	1
npep_t	5000
spec_ids	1
L_core	9
L_N	0
L_C	0
CS_perL	1
pepL_lower	12
pepL_upper	21
n_diff_aa	20

PWM_norm.1	P1	P2	P3	P4	P5	P6	P7	P8	P9
A	0.0934	0.9786	1.3422	1.3221	0.8121	0.2576	1.1782	1.1812	1.092
C	0.049	0.1182	0.3683	0.4263	0.1589	0.0857	0.0983	0.116	0.542
D	0.0361	0.5555	0.3956	2.5379	0.6609	10.0003	0.3122	0.5499	0.1885
E	0.0576	1.1065	0.6612	2.0617	0.8346	0.5014	0.506	0.9164	0.2375
F	8.2964	0.8442	1.252	0.6885	0.4425	0.0634	0.7567	0.6052	1.4774
G	0.0619	0.3341	0.4953	0.2815	0.9093	0.1332	3.0949	0.9468	0.4496
H	0.1244	1.4506	0.7492	0.3114	0.8797	0.4532	1.327	1.5282	0.3514
I	2.7704	1.5874	2.2618	1.4541	0.9179	0.4214	1.8701	1.0162	1.9125
K	0.0618	1.7251	1.0314	0.114	2.3521	0.101	0.5615	1.5537	0.212
L	1.3527	0.856	0.9544	1.0531	0.422	0.205	1.9468	1.0855	2.2623
M	0.9209	0.5286	1.2184	1.847	0.6312	0.2005	1.6391	0.5538	1.4762
N	0.0713	1.0179	0.6998	1.1653	0.8544	4.8259	1.081	0.9038	0.6783
P	0.0388	0.0529	1.012	0.0594	1.3011	0.1018	0.5356	1.2759	0.1227
Q	0.0536	1.1967	0.7209	1.4886	0.8855	0.367	0.6454	1.0813	0.55
R	0.0379	1.746	0.7354	0.0768	1.9745	0.0649	0.7703	1.4304	0.375
S	0.0414	0.7128	0.9833	1.2045	1.1485	0.8794	0.3925	0.746	0.6773
T	0.0773	1.1169	0.7518	1.174	1.3187	1.4121	0.4661	0.863	0.8719
V	0.9818	1.9381	1.6228	1.0908	1.0201	0.5908	0.526	0.997	3.0834
W	4.5203	0.5113	0.7128	0.2655	0.4616	0.0318	0.2994	0.3334	0.2168
Y	10.5593	1.1473	2.3975	0.2971	0.6608	0.0673	0.7662	1.0766	2.7968

pepL	alpha	w_s
12	99.5307	0.083	0.1488	0	0.3949	0.3734
13	98.9575	0.0263	0.0764	0.2382	0.4675	0.1916
14	98.3294	0.0043	0.0259	0.161	0	0.4702	0.2977	0.0409
15	98.0139	0.0017	0.0096	0.0839	0.376	0.4093	0.0998	0.0197
16	98.2233	8e-04	0.0022	0.03	0.2337	0	0.5219	0.1563	0.0471	0.0079
17	98.735	8e-04	0.0019	0.0146	0.1152	0.4293	0.2806	0.114	0.0363	0.0072
18	99.2174	5e-04	0.0013	0.0066	0.0433	0.2908	0	0.3312	0.218	0.0767	0.0267	0.005
19	99.5133	0.001	0.0012	0.0074	0.029	0.145	0.2323	0.2918	0.1844	0.0762	0.0263	0.0055
20	99.691	0.001	0.0012	0.0048	0.0176	0.0704	0.1449	0	0.2809	0.2454	0.1596	0.0505	0.0192	0.0045
21	99.7886	0.0013	0.002	0.0054	0.0189	0.0569	0.1038	0.1383	0.2554	0.2215	0.1327	0.043	0.0166	0.0041
