Allele	BoLA_DRB3_077_02
Type	Standard
n_specificities	1
npep_u	1
npep_t	5000
spec_ids	1
L_core	9
L_N	0
L_C	0
CS_perL	1
pepL_lower	12
pepL_upper	21
n_diff_aa	20

PWM_norm.1	P1	P2	P3	P4	P5	P6	P7	P8	P9
A	0.1514	0.971	1.5602	0.8126	1.0134	1.7011	1.3926	0.9909	0.7417
C	0.0752	0.118	0.3027	0.2547	0.2292	0.2271	0.2097	0.0866	0.2147
D	0.0461	0.5546	0.4931	0.2767	1.3171	0.5577	0.5096	0.6026	5.2406
E	0.034	1.1045	0.8117	1.0203	1.1091	0.4158	0.804	1.1136	2.9188
F	1.2848	0.8507	1.0192	0.6755	0.63	0.147	0.9705	0.5806	0.4582
G	0.0928	0.3361	0.6765	0.1069	0.8061	0.8101	1.1402	0.719	0.9559
H	0.0565	1.4432	0.8006	0.0956	1.2526	1.0509	1.6362	1.065	0.6335
I	8.7075	1.5947	2.3123	2.6839	0.8688	1.472	1.5145	1.1982	0.8911
K	0.0468	1.7443	0.8895	0.0702	1.5087	1.771	1.0716	1.5647	0.2727
L	2.8025	0.8388	0.9232	4.6867	0.4433	0.5119	1.309	1.3762	0.7896
M	1.498	0.5271	1.1039	3.9793	0.6586	0.3952	1.1482	0.7545	0.6932
N	0.0555	1.0223	0.8403	0.3036	1.3117	1.1505	1.3372	0.8248	0.7446
P	0.0887	0.0548	1.0128	0.019	1.4486	1.403	0.7272	1.2557	0.1867
Q	0.0383	1.2417	0.8582	0.8217	1.1651	0.4659	1.0119	1.2326	0.4653
R	0.0451	1.734	0.8133	0.0457	1.0203	1.3852	0.9982	1.1932	0.2664
S	0.0404	0.7046	0.806	0.1982	1.0972	0.6672	0.5432	0.6399	0.5489
T	0.1519	1.109	0.8623	0.2429	1.2516	1.4592	0.7135	0.8056	0.6476
V	3.4569	1.94	1.4503	0.9705	0.819	2.3172	1.0166	1.1018	1.0516
W	0.3205	0.5062	0.5576	0.1555	0.5703	0.0801	0.9208	0.32	0.1884
Y	0.1975	1.153	1.7284	0.1851	0.8516	0.1316	1.0694	1.0527	0.5877

pepL	alpha	w_s
12	99.5307	0.083	0.1488	0	0.3949	0.3733
13	98.9574	0.0263	0.0764	0.2382	0.4675	0.1916
14	98.3293	0.0043	0.0259	0.161	0	0.4702	0.2976	0.0409
15	98.0138	0.0017	0.0096	0.0839	0.3761	0.4093	0.0998	0.0197
16	98.2233	8e-04	0.0022	0.03	0.2337	0	0.522	0.1562	0.0472	0.0079
17	98.7349	8e-04	0.0019	0.0146	0.1152	0.4294	0.2806	0.114	0.0362	0.0072
18	99.2174	5e-04	0.0013	0.0066	0.0433	0.2908	0	0.3312	0.218	0.0767	0.0267	0.005
19	99.5134	0.001	0.0012	0.0074	0.029	0.145	0.2323	0.2917	0.1843	0.0762	0.0263	0.0055
20	99.6911	0.001	0.0012	0.0048	0.0176	0.0704	0.1449	0	0.2809	0.2453	0.1596	0.0505	0.0192	0.0045
21	99.7886	0.0013	0.002	0.0054	0.0189	0.0569	0.1038	0.1384	0.2552	0.2215	0.1327	0.043	0.0166	0.0041
