Allele	BoLA_DRB3_014_02
Type	Standard
n_specificities	1
npep_u	1
npep_t	5000
spec_ids	1
L_core	9
L_N	0
L_C	0
CS_perL	1
pepL_lower	12
pepL_upper	21
n_diff_aa	20

PWM_norm.1	P1	P2	P3	P4	P5	P6	P7	P8	P9
A	0.1045	1.3819	1.5882	2.102	0.8099	1.7752	1.3139	1.026	0.3905
C	0.056	0.0859	0.2204	0.1624	0.145	0.4358	0.1619	0.1014	0.1669
D	0.0418	0.6727	0.2955	4.2702	0.839	1.6494	0.5293	0.6976	0.2996
E	0.0625	1.7044	0.6706	0.7591	1.1502	1.0315	0.8763	0.9396	0.2679
F	8.0687	0.8393	1.3697	0.5489	0.4899	0.1514	1.213	0.5107	1.6422
G	0.0614	0.4529	0.5366	0.4033	0.9857	0.4834	0.5706	0.8314	0.103
H	0.1197	1.6694	1.0181	1.1132	1.2036	0.5666	1.6704	1.1657	0.1304
I	3.0843	0.9773	2.0981	0.846	0.8686	2.1942	1.6962	1.2421	4.2366
K	0.0466	1.1873	0.9788	0.0885	1.8686	0.5912	0.675	1.4976	0.1375
L	1.5202	0.683	0.8298	0.3337	0.6346	0.8892	0.9999	1.2099	2.9886
M	0.9738	0.4878	1.2127	0.3802	0.6052	0.5708	0.6033	0.6249	1.4168
N	0.0599	1.3314	0.7867	1.9791	0.9829	2.1081	1.4663	0.9532	0.2894
P	0.05	0.0706	1.1034	0.1375	1.4269	0.5986	1.4765	1.4072	0.0558
Q	0.0556	1.3149	1.0122	0.4375	1.0568	0.6733	0.7741	1.0963	0.2427
R	0.0349	1.2296	0.6748	0.0644	1.2418	0.4215	0.7453	1.3599	0.1744
S	0.0421	0.9684	0.9167	1.9661	0.8228	0.6963	0.6753	0.6427	0.1001
T	0.0899	1.4653	0.5642	1.5379	1.1732	1.1958	1.1669	0.8463	0.3407
V	1.2511	1.1942	1.3979	1.2434	1.3221	2.2087	1.4598	1.0826	3.5181
W	3.8947	0.4664	0.914	0.1247	0.5078	0.0964	0.7023	0.2826	0.3091
Y	9.2871	1.2296	2.6447	0.0963	0.6965	0.1944	1.0366	1.0911	2.7719

pepL	alpha	w_s
12	99.5307	0.083	0.1488	0	0.3949	0.3733
13	98.9574	0.0263	0.0764	0.2382	0.4675	0.1916
14	98.3293	0.0043	0.0259	0.161	0	0.4702	0.2976	0.0409
15	98.0138	0.0017	0.0096	0.0839	0.3761	0.4093	0.0998	0.0197
16	98.2233	8e-04	0.0022	0.03	0.2337	0	0.522	0.1562	0.0472	0.0079
17	98.7349	8e-04	0.0019	0.0146	0.1152	0.4294	0.2806	0.114	0.0362	0.0072
18	99.2174	5e-04	0.0013	0.0066	0.0433	0.2908	0	0.3312	0.218	0.0767	0.0267	0.005
19	99.5134	0.001	0.0012	0.0074	0.029	0.145	0.2323	0.2917	0.1843	0.0762	0.0263	0.0055
20	99.6911	0.001	0.0012	0.0048	0.0176	0.0704	0.1449	0	0.2809	0.2453	0.1596	0.0505	0.0192	0.0045
21	99.7886	0.0013	0.002	0.0054	0.0189	0.0569	0.1038	0.1384	0.2552	0.2215	0.1327	0.043	0.0166	0.0041
