Allele	BoLA_DRB3_031_02
Type	Standard
n_specificities	1
npep_u	1
npep_t	5000
spec_ids	1
L_core	9
L_N	0
L_C	0
CS_perL	1
pepL_lower	12
pepL_upper	21
n_diff_aa	20

PWM_norm.1	P1	P2	P3	P4	P5	P6	P7	P8	P9
A	0.1045	1.3819	1.352	2.0574	0.7452	0.9446	1.247	1.0316	0.4261
C	0.056	0.0859	0.2941	0.2001	0.2218	0.2871	0.1897	0.0921	0.2155
D	0.0418	0.6727	0.4106	2.3979	0.8842	2.0727	0.5898	0.667	0.4029
E	0.0625	1.7044	0.7465	0.4983	1.1711	1.4201	0.9103	1.0585	0.3191
F	8.0687	0.8393	1.4535	1.5406	0.5634	0.2661	1.138	0.5554	1.349
G	0.0614	0.4529	0.5135	0.5479	0.9804	0.2401	0.7586	0.8469	0.1179
H	0.1197	1.6694	1.2532	2.7273	1.2581	0.984	1.5131	1.2916	0.166
I	3.0843	0.9773	1.8984	0.9806	0.8968	2.1776	1.3695	1.1125	3.5477
K	0.0466	1.1873	0.9766	0.2143	1.9655	0.8728	0.9454	1.4686	0.1697
L	1.5202	0.683	0.8884	0.3608	0.6416	1.2179	1.0973	1.2311	3.0251
M	0.9738	0.4878	1.1773	0.4197	0.7122	1.0225	0.6934	0.6151	1.4398
N	0.0599	1.3314	0.7327	1.5319	1.0929	1.5867	1.6431	0.8748	0.362
P	0.05	0.0706	1.1004	0.2782	1.236	0.3382	1.5297	1.3342	0.0566
Q	0.0556	1.3149	1.0531	0.4453	1.0758	1.1261	0.9663	1.1475	0.2678
R	0.0349	1.2296	0.7195	0.1396	1.2262	0.511	0.8451	1.3806	0.2237
S	0.0421	0.9684	0.7257	1.6273	0.7995	0.4469	0.6783	0.6195	0.1241
T	0.0899	1.4653	0.6503	1.4592	1.2681	0.9921	0.7951	0.8099	0.3856
V	1.2511	1.1942	1.5672	1.6716	1.1407	2.0282	0.9915	1.0382	3.3908
W	3.8947	0.4664	1.1659	0.5138	0.5921	0.2241	0.7549	0.3348	0.3218
Y	9.2871	1.2296	2.482	0.6069	0.71	0.4	1.1556	1.171	3.4112

pepL	alpha	w_s
12	99.5307	0.083	0.1488	0	0.3949	0.3733
13	98.9574	0.0263	0.0764	0.2382	0.4675	0.1916
14	98.3293	0.0043	0.0259	0.161	0	0.4702	0.2976	0.0409
15	98.0138	0.0017	0.0096	0.0839	0.3761	0.4093	0.0998	0.0197
16	98.2233	8e-04	0.0022	0.03	0.2337	0	0.522	0.1562	0.0472	0.0079
17	98.7349	8e-04	0.0019	0.0146	0.1152	0.4294	0.2806	0.114	0.0362	0.0072
18	99.2174	5e-04	0.0013	0.0066	0.0433	0.2908	0	0.3312	0.218	0.0767	0.0267	0.005
19	99.5134	0.001	0.0012	0.0074	0.029	0.145	0.2323	0.2917	0.1843	0.0762	0.0263	0.0055
20	99.6911	0.001	0.0012	0.0048	0.0176	0.0704	0.1449	0	0.2809	0.2453	0.1596	0.0505	0.0192	0.0045
21	99.7886	0.0013	0.002	0.0054	0.0189	0.0569	0.1038	0.1384	0.2552	0.2215	0.1327	0.043	0.0166	0.0041
