Allele	BoLA_DRB3_114_02
Type	Standard
n_specificities	1
npep_u	1
npep_t	5000
spec_ids	1
L_core	9
L_N	0
L_C	0
CS_perL	1
pepL_lower	12
pepL_upper	21
n_diff_aa	20

PWM_norm.1	P1	P2	P3	P4	P5	P6	P7	P8	P9
A	0.1598	0.9786	1.3405	1.4643	1.0511	0.9873	1.0934	1.0607	0.3306
C	0.0686	0.1182	0.3563	0.2392	0.3724	0.246	0.3071	0.1717	0.0878
D	0.0465	0.5555	0.3561	0.3232	1.0122	2.6384	2.285	0.6905	0.1433
E	0.0361	1.1065	0.6155	0.7324	1.0695	0.6344	1.4036	0.8429	0.1489
F	1.2075	0.8442	1.2605	2.324	0.7044	0.3679	0.955	0.7526	4.534
G	0.0913	0.3341	0.459	0.5615	0.7263	0.5568	0.6364	0.8678	0.1035
H	0.0557	1.4506	0.7384	2.8872	1.1806	0.697	1.8779	1.1532	0.2092
I	8.8482	1.5874	2.2009	1.3049	1.0992	1.7699	0.7884	1.1532	4.9874
K	0.0511	1.7251	1.0676	1.1805	1.5675	0.2508	0.9337	1.5476	0.1063
L	2.6807	0.856	0.9482	0.687	0.7613	1.2123	0.7754	0.9804	2.3346
M	1.5984	0.5286	1.2807	1.2123	0.9566	1.0657	0.9106	0.6992	1.799
N	0.0572	1.0179	0.6806	0.8638	1.1537	2.5241	1.4168	1.0553	0.2319
P	0.0827	0.0529	1.0663	0.1211	1.2184	0.6722	0.4193	1.3287	0.0924
Q	0.0401	1.1967	0.7528	1.6007	1.1839	0.9832	1.7916	0.9756	0.2436
R	0.0421	1.746	0.7678	0.7909	0.8746	0.1884	1.086	1.3685	0.0985
S	0.0434	0.7128	1.0258	0.8286	0.7469	0.7794	0.6587	0.8447	0.1299
T	0.1511	1.1169	0.7374	0.8656	1.1984	1.598	0.8051	0.9278	0.3957
V	3.5484	1.9381	1.6265	1.1134	1.107	1.5974	0.7311	1.0299	2.6214
W	0.3015	0.5113	0.7189	2.1398	0.5767	0.2802	0.7362	0.4452	1.1089
Y	0.2197	1.1473	2.3416	1.6152	1.1415	0.3288	0.7968	1.13	2.1958

pepL	alpha	w_s
12	99.5307	0.083	0.1488	0	0.3949	0.3734
13	98.9575	0.0263	0.0764	0.2382	0.4675	0.1916
14	98.3294	0.0043	0.0259	0.161	0	0.4702	0.2977	0.0409
15	98.0139	0.0017	0.0096	0.0839	0.376	0.4093	0.0998	0.0197
16	98.2233	8e-04	0.0022	0.03	0.2337	0	0.5219	0.1563	0.0471	0.0079
17	98.735	8e-04	0.0019	0.0146	0.1152	0.4293	0.2806	0.114	0.0363	0.0072
18	99.2174	5e-04	0.0013	0.0066	0.0433	0.2908	0	0.3312	0.218	0.0767	0.0267	0.005
19	99.5133	0.001	0.0012	0.0074	0.029	0.145	0.2323	0.2918	0.1844	0.0762	0.0263	0.0055
20	99.691	0.001	0.0012	0.0048	0.0176	0.0704	0.1449	0	0.2809	0.2454	0.1596	0.0505	0.0192	0.0045
21	99.7886	0.0013	0.002	0.0054	0.0189	0.0569	0.1038	0.1383	0.2554	0.2215	0.1327	0.043	0.0166	0.0041
