Allele	BoLA_DRB3_156_01
Type	Standard
n_specificities	1
npep_u	1
npep_t	5000
spec_ids	1
L_core	9
L_N	0
L_C	0
CS_perL	1
pepL_lower	12
pepL_upper	21
n_diff_aa	20

PWM_norm.1	P1	P2	P3	P4	P5	P6	P7	P8	P9
A	0.1329	1.2265	1.544	1.7427	0.7937	0.657	1.4271	1.1882	1.6575
C	0.0539	0.1146	0.2256	0.1651	0.1693	0.115	0.2394	0.1339	0.4093
D	0.0395	0.7134	0.2696	2.2205	1.5796	0.5047	0.9503	0.5688	0.2921
E	0.0275	1.5231	0.6136	0.9711	1.4931	0.272	1.0096	0.8775	0.5008
F	0.8949	0.8882	1.34	1.1743	0.4634	0.1815	1.0778	0.6199	1.4984
G	0.0598	0.4298	0.4606	0.3812	0.6247	0.1713	1.1324	0.9421	1.1527
H	0.0379	1.6831	0.8791	1.6199	0.9759	0.5423	1.27	1.4512	0.6327
I	8.7578	1.1406	2.1963	1.0733	1.3219	4.1803	1.3953	1.0883	1.3911
K	0.0307	1.289	0.9592	0.0942	1.6464	0.6855	0.7368	1.5225	0.9207
L	2.9065	0.7131	0.8958	0.3006	0.7502	2.0868	1.136	1.0613	1.1767
M	1.2553	0.5848	1.4209	0.3619	0.82	0.675	0.8789	0.576	1.8486
N	0.0347	1.1324	0.815	2.2107	0.8565	1.1452	1.4466	0.9572	0.5372
P	0.0794	0.0679	1.1465	0.0893	0.9968	0.3009	0.6872	1.2838	0.22
Q	0.0298	1.3528	1.0403	0.7203	1.0141	0.6633	0.7931	1.0415	1.0896
R	0.0294	1.3721	0.7936	0.0824	1.253	0.6042	0.7159	1.4116	1.6067
S	0.0298	0.8922	0.9168	2.1828	0.6084	0.3263	0.7306	0.7854	0.9484
T	0.1199	1.3182	0.5792	1.573	1.0952	1.1943	0.9715	0.8768	0.7114
V	3.8187	1.3895	1.4466	1.6407	1.3273	3.4773	1.0956	1.0057	1.3102
W	0.1738	0.6247	0.742	0.3046	0.3925	0.0985	0.7681	0.3576	0.4956
Y	0.1263	1.2606	2.2713	0.1713	0.8503	0.2364	1.3283	1.0389	1.2245

pepL	alpha	w_s
12	99.5307	0.083	0.1488	0	0.3949	0.3733
13	98.9574	0.0263	0.0764	0.2382	0.4675	0.1916
14	98.3293	0.0043	0.0259	0.161	0	0.4702	0.2976	0.0409
15	98.0138	0.0017	0.0096	0.0839	0.3761	0.4093	0.0998	0.0197
16	98.2233	8e-04	0.0022	0.03	0.2337	0	0.522	0.1562	0.0472	0.0079
17	98.7349	8e-04	0.0019	0.0146	0.1152	0.4294	0.2806	0.114	0.0362	0.0072
18	99.2174	5e-04	0.0013	0.0066	0.0433	0.2908	0	0.3312	0.218	0.0767	0.0267	0.005
19	99.5134	0.001	0.0012	0.0074	0.029	0.145	0.2323	0.2917	0.1843	0.0762	0.0263	0.0055
20	99.6911	0.001	0.0012	0.0048	0.0176	0.0704	0.1449	0	0.2809	0.2453	0.1596	0.0505	0.0192	0.0045
21	99.7886	0.0013	0.002	0.0054	0.0189	0.0569	0.1038	0.1384	0.2552	0.2215	0.1327	0.043	0.0166	0.0041
