Allele	BoLA_DRB3_137_01
Type	Standard
n_specificities	1
npep_u	1
npep_t	5000
spec_ids	1
L_core	9
L_N	0
L_C	0
CS_perL	1
pepL_lower	12
pepL_upper	21
n_diff_aa	20

PWM_norm.1	P1	P2	P3	P4	P5	P6	P7	P8	P9
A	0.0934	0.9786	1.5224	1.8714	0.9313	0.9929	1.1678	1.0939	2.5303
C	0.049	0.1182	0.2463	0.4617	0.1799	0.191	0.2385	0.1081	0.4887
D	0.0361	0.5555	0.2322	0.386	2.0742	0.7325	0.8073	0.5678	0.1538
E	0.0576	1.1065	0.5466	0.4521	1.6492	0.4373	1.0207	0.7548	0.3013
F	8.2964	0.8442	1.3381	1.0374	0.4549	0.1734	0.9772	0.3915	0.3963
G	0.0619	0.3341	0.4073	0.2677	0.6275	0.3551	1.2493	0.9039	1.0949
H	0.1244	1.4506	0.7173	0.8689	1.0834	0.9361	1.5489	1.1699	0.3899
I	2.7704	1.5874	2.4065	2.1476	0.8429	2.2822	1.3931	1.2447	2.0498
K	0.0618	1.7251	0.9092	0.1526	1.6934	1.4598	1.1186	1.6311	0.5526
L	1.3527	0.856	0.9653	0.8588	0.3981	1.1249	1.247	1.0727	1.6936
M	0.9209	0.5286	1.4668	0.7172	0.3725	0.6205	1.1958	0.6405	0.6448
N	0.0713	1.0179	0.8709	1.6571	1.1057	1.2014	1.2616	1.0421	0.4865
P	0.0388	0.0529	1.2231	0.0875	1.3482	0.6018	0.6072	1.5552	0.2052
Q	0.0536	1.1967	1.0822	0.4012	0.9694	0.6289	0.9545	1.0564	0.7543
R	0.0379	1.746	0.8533	0.0904	1.1042	1.5192	0.9813	1.3639	1.2197
S	0.0414	0.7128	0.9	2.2467	0.7917	0.5108	0.5909	0.6613	0.7617
T	0.0773	1.1169	0.6741	1.5251	1.1842	1.3795	0.7374	0.9828	0.718
V	0.9818	1.9381	1.429	2.6658	0.8529	2.9387	0.9134	1.1159	2.3212
W	4.5203	0.5113	0.6712	0.2905	0.6153	0.1114	0.7546	0.1923	0.077
Y	10.5593	1.1473	1.7827	0.179	0.847	0.2153	1.2382	1.0418	0.3281

pepL	alpha	w_s
12	99.5307	0.083	0.1488	0	0.3949	0.3734
13	98.9575	0.0263	0.0764	0.2382	0.4675	0.1916
14	98.3294	0.0043	0.0259	0.161	0	0.4702	0.2977	0.0409
15	98.0139	0.0017	0.0096	0.0839	0.376	0.4093	0.0998	0.0197
16	98.2233	8e-04	0.0022	0.03	0.2337	0	0.5219	0.1563	0.0471	0.0079
17	98.735	8e-04	0.0019	0.0146	0.1152	0.4293	0.2806	0.114	0.0363	0.0072
18	99.2174	5e-04	0.0013	0.0066	0.0433	0.2908	0	0.3312	0.218	0.0767	0.0267	0.005
19	99.5133	0.001	0.0012	0.0074	0.029	0.145	0.2323	0.2918	0.1844	0.0762	0.0263	0.0055
20	99.691	0.001	0.0012	0.0048	0.0176	0.0704	0.1449	0	0.2809	0.2454	0.1596	0.0505	0.0192	0.0045
21	99.7886	0.0013	0.002	0.0054	0.0189	0.0569	0.1038	0.1383	0.2554	0.2215	0.1327	0.043	0.0166	0.0041
