Allele	BoLA_DRB3_018_01
Type	Standard
n_specificities	1
npep_u	1
npep_t	5000
spec_ids	1
L_core	9
L_N	0
L_C	0
CS_perL	1
pepL_lower	12
pepL_upper	21
n_diff_aa	20

PWM_norm.1	P1	P2	P3	P4	P5	P6	P7	P8	P9
A	0.1391	0.9786	1.717	2.8188	1.3196	0.6494	1.1112	1.0191	0.5825
C	0.0583	0.1182	0.2089	0.2136	0.1983	0.0917	0.4501	0.1158	0.1803
D	0.0402	0.5555	0.369	0.1697	0.9128	0.3963	1.4694	0.648	0.285
E	0.0321	1.1065	0.6892	0.2228	1.0113	0.331	1.1872	0.9078	0.3629
F	0.8712	0.8442	1.3272	0.9653	0.8366	0.3686	0.9614	0.4761	1.8736
G	0.0626	0.3341	0.7665	0.6476	0.5304	0.2451	0.67	0.8637	0.1481
H	0.041	1.4506	1.0286	1.9926	1.0515	0.8995	1.8783	1.2205	0.1685
I	8.7661	1.5874	1.5927	1.2258	1.5441	2.8395	0.9312	1.1721	4.5942
K	0.0339	1.7251	0.8277	1.0021	1.6073	2.4712	1.0935	1.5069	0.0816
L	2.7494	0.856	0.6246	0.4208	0.8806	1.9612	0.7392	1.1727	2.7746
M	1.3964	0.5286	1.616	0.3135	1.0058	0.8663	0.9081	0.6642	1.5472
N	0.0398	1.0179	0.81	1.4519	0.9881	0.5757	1.5966	0.9651	0.2323
P	0.0759	0.0529	1.0582	0.1105	0.8681	0.4516	0.5322	1.4476	0.0867
Q	0.0349	1.1967	1.1111	0.6346	1.3262	0.7543	1.7164	1.1193	0.3435
R	0.0305	1.746	0.7879	0.7694	0.779	1.7311	1.1382	1.3457	0.1375
S	0.033	0.7128	1.2883	1.2349	0.5221	0.2297	0.676	0.6698	0.1873
T	0.1218	1.1169	0.722	2.0306	1.2018	0.8969	0.8292	0.8572	0.4819
V	3.9808	1.9381	1.0701	2.0665	1.314	1.9491	0.9051	1.1054	3.2892
W	0.1798	0.5113	1.1167	0.5144	0.345	0.2303	1.1422	0.279	0.3308
Y	0.1653	1.1473	1.9939	0.3988	1.4064	0.3274	0.9978	1.106	1.6162

pepL	alpha	w_s
12	99.5307	0.083	0.1488	0	0.3949	0.3734
13	98.9575	0.0263	0.0764	0.2382	0.4675	0.1916
14	98.3294	0.0043	0.0259	0.161	0	0.4702	0.2977	0.0409
15	98.0139	0.0017	0.0096	0.0839	0.376	0.4093	0.0998	0.0197
16	98.2233	8e-04	0.0022	0.03	0.2337	0	0.5219	0.1563	0.0471	0.0079
17	98.735	8e-04	0.0019	0.0146	0.1152	0.4293	0.2806	0.114	0.0363	0.0072
18	99.2174	5e-04	0.0013	0.0066	0.0433	0.2908	0	0.3312	0.218	0.0767	0.0267	0.005
19	99.5133	0.001	0.0012	0.0074	0.029	0.145	0.2323	0.2918	0.1844	0.0762	0.0263	0.0055
20	99.691	0.001	0.0012	0.0048	0.0176	0.0704	0.1449	0	0.2809	0.2454	0.1596	0.0505	0.0192	0.0045
21	99.7886	0.0013	0.002	0.0054	0.0189	0.0569	0.1038	0.1383	0.2554	0.2215	0.1327	0.043	0.0166	0.0041
