Allele	BoLA_DRB3_097_05
Type	Standard
n_specificities	1
npep_u	1
npep_t	5000
spec_ids	1
L_core	9
L_N	0
L_C	0
CS_perL	1
pepL_lower	12
pepL_upper	21
n_diff_aa	20

PWM_norm.1	P1	P2	P3	P4	P5	P6	P7	P8	P9
A	0.0896	0.971	1.556	2.3612	0.908	1.0414	1.039	1.1386	1.9386
C	0.0511	0.118	0.1697	0.3148	0.1679	0.3061	0.1699	0.1111	0.4263
D	0.0347	0.5546	0.1858	0.2641	1.0535	1.5935	0.5096	0.5239	0.2621
E	0.0549	1.1045	0.4944	0.3746	1.289	2.4459	0.8215	0.7809	0.3262
F	8.5177	0.8507	0.9607	1.35	0.4694	0.2119	1.4243	0.4269	0.2836
G	0.0609	0.3361	0.4902	0.3301	0.6714	0.4708	0.7414	0.9269	0.4612
H	0.1257	1.4432	0.7737	0.8306	1.1055	0.2478	2.0121	1.2675	0.3736
I	2.7942	1.5947	1.9969	2.0728	0.9561	2.1101	1.4007	1.2269	2.5585
K	0.0562	1.7443	0.899	0.2011	1.9743	0.1104	1.4288	1.583	0.5127
L	1.3764	0.8388	1.0285	1.0543	0.6457	1.2709	1.3585	1.0731	2.4218
M	0.9048	0.5271	1.0723	0.9268	0.5862	0.7584	0.83	0.6623	0.6425
N	0.0706	1.0223	0.7599	0.5452	1.1845	1.8046	1.4837	1.001	0.6625
P	0.0383	0.0548	1.1397	0.1039	0.9216	0.379	0.6948	1.511	0.1305
Q	0.0511	1.2417	1.1977	0.2934	1.0003	0.8404	1.2269	1.0428	0.4943
R	0.0397	1.734	1.4348	0.0984	1.4725	0.1419	1.3308	1.3415	1.0481
S	0.0409	0.7046	0.8889	2.0018	0.8168	0.698	0.5093	0.6948	0.4033
T	0.0763	1.109	0.7372	1.6126	1.144	1.0254	0.6944	0.9725	0.7091
V	0.9921	1.94	1.5326	2.6978	1.3083	2.0135	0.8031	1.0962	3.018
W	4.4804	0.5062	0.5849	0.248	0.4588	0.1529	0.7782	0.2239	0.0592
Y	10.1766	1.153	1.6263	0.2311	0.8264	0.3394	0.9484	1.0252	0.2957

pepL	alpha	w_s
12	99.5307	0.083	0.1488	0	0.3949	0.3733
13	98.9574	0.0263	0.0764	0.2382	0.4675	0.1916
14	98.3293	0.0043	0.0259	0.161	0	0.4702	0.2976	0.0409
15	98.0138	0.0017	0.0096	0.0839	0.3761	0.4093	0.0998	0.0197
16	98.2233	8e-04	0.0022	0.03	0.2337	0	0.522	0.1562	0.0472	0.0079
17	98.7349	8e-04	0.0019	0.0146	0.1152	0.4294	0.2806	0.114	0.0362	0.0072
18	99.2174	5e-04	0.0013	0.0066	0.0433	0.2908	0	0.3312	0.218	0.0767	0.0267	0.005
19	99.5134	0.001	0.0012	0.0074	0.029	0.145	0.2323	0.2917	0.1843	0.0762	0.0263	0.0055
20	99.6911	0.001	0.0012	0.0048	0.0176	0.0704	0.1449	0	0.2809	0.2453	0.1596	0.0505	0.0192	0.0045
21	99.7886	0.0013	0.002	0.0054	0.0189	0.0569	0.1038	0.1384	0.2552	0.2215	0.1327	0.043	0.0166	0.0041
