Allele	BoLA_DRB3_061_01
Type	Standard
n_specificities	1
npep_u	1
npep_t	5000
spec_ids	1
L_core	9
L_N	0
L_C	0
CS_perL	1
pepL_lower	12
pepL_upper	21
n_diff_aa	20

PWM_norm.1	P1	P2	P3	P4	P5	P6	P7	P8	P9
A	0.1391	0.9786	1.448	1.3952	0.9958	0.571	1.1582	1.1812	0.5713
C	0.0583	0.1182	0.2674	0.3951	0.3321	0.0782	0.2515	0.116	0.2919
D	0.0402	0.5555	0.409	2.1091	1.2465	0.3408	2.7067	0.5499	0.1562
E	0.0321	1.1065	0.6693	1.537	1.1479	0.3027	1.6569	0.9164	0.2109
F	0.8712	0.8442	1.0879	0.4641	0.6663	0.2581	0.7366	0.6052	2.3519
G	0.0626	0.3341	0.5305	0.4505	0.7126	0.1711	0.9925	0.9468	0.3099
H	0.041	1.4506	0.7946	0.4749	1.3526	1.2033	0.6905	1.5282	0.3206
I	8.7661	1.5874	2.3718	1.0383	0.9973	3.1416	0.9031	1.0162	1.465
K	0.0339	1.7251	1.1947	0.2037	1.5206	2.0689	0.4265	1.5537	1.8416
L	2.7494	0.856	0.8803	0.3932	0.6717	2.0481	1.0549	1.0855	1.9016
M	1.3964	0.5286	1.3568	0.5991	0.8844	0.7807	0.8746	0.5538	1.6118
N	0.0398	1.0179	0.7024	4.0591	1.1347	0.8437	1.5088	0.9038	0.4776
P	0.0759	0.0529	1.2009	0.126	1.2746	0.4082	0.4546	1.2759	0.0876
Q	0.0349	1.1967	0.7427	1.6733	1.1934	0.9068	1.1189	1.0813	0.3499
R	0.0305	1.746	0.976	0.1711	0.9935	1.4851	0.4081	1.4304	1.4482
S	0.033	0.7128	1.0313	1.4655	0.7702	0.1946	0.8242	0.746	0.3419
T	0.1218	1.1169	0.872	1.1842	1.1574	0.8739	1.0189	0.863	0.4798
V	3.9808	1.9381	1.213	1.2361	1.0455	2.3274	0.9414	0.997	2.2124
W	0.1798	0.5113	0.493	0.2457	0.4456	0.1322	0.3004	0.3334	0.7008
Y	0.1653	1.1473	1.4839	0.2354	1.0885	0.215	0.9139	1.0766	4.1847

pepL	alpha	w_s
12	99.5307	0.083	0.1488	0	0.3949	0.3734
13	98.9575	0.0263	0.0764	0.2382	0.4675	0.1916
14	98.3294	0.0043	0.0259	0.161	0	0.4702	0.2977	0.0409
15	98.0139	0.0017	0.0096	0.0839	0.376	0.4093	0.0998	0.0197
16	98.2233	8e-04	0.0022	0.03	0.2337	0	0.5219	0.1563	0.0471	0.0079
17	98.735	8e-04	0.0019	0.0146	0.1152	0.4293	0.2806	0.114	0.0363	0.0072
18	99.2174	5e-04	0.0013	0.0066	0.0433	0.2908	0	0.3312	0.218	0.0767	0.0267	0.005
19	99.5133	0.001	0.0012	0.0074	0.029	0.145	0.2323	0.2918	0.1844	0.0762	0.0263	0.0055
20	99.691	0.001	0.0012	0.0048	0.0176	0.0704	0.1449	0	0.2809	0.2454	0.1596	0.0505	0.0192	0.0045
21	99.7886	0.0013	0.002	0.0054	0.0189	0.0569	0.1038	0.1383	0.2554	0.2215	0.1327	0.043	0.0166	0.0041
