Allele	BoLA_DRB3_108_01
Type	Standard
n_specificities	1
npep_u	1
npep_t	5000
spec_ids	1
L_core	9
L_N	0
L_C	0
CS_perL	1
pepL_lower	12
pepL_upper	21
n_diff_aa	20

PWM_norm.1	P1	P2	P3	P4	P5	P6	P7	P8	P9
A	0.1514	0.971	1.5132	1.9781	0.8886	0.6466	1.3639	1.1786	1.2587
C	0.0752	0.118	0.2495	0.3768	0.1414	0.1097	0.1527	0.1131	0.5616
D	0.0461	0.5546	0.2618	0.4186	1.4446	0.3959	0.4818	0.5371	0.2092
E	0.034	1.1045	0.6078	0.8068	1.3627	0.3226	0.8214	0.9166	0.2899
F	1.2848	0.8507	1.2374	1.3401	0.4422	0.1894	1.0091	0.6046	1.2842
G	0.0928	0.3361	0.4679	0.3136	0.5428	0.2189	1.2882	0.9621	0.5732
H	0.0565	1.4432	0.7514	1.3972	1.0758	0.5842	1.5298	1.5437	0.4712
I	8.7075	1.5947	2.336	2.0805	1.2263	3.5997	1.4751	1.0119	2.0085
K	0.0468	1.7443	0.9208	0.2414	1.8497	0.8575	1.1227	1.5625	0.3528
L	2.8025	0.8388	0.9527	1.074	0.8046	1.8852	1.5028	1.0918	2.2703
M	1.498	0.5271	1.4045	1.1805	0.7113	0.6712	1.16	0.5453	1.4348
N	0.0555	1.0223	0.8528	1.0761	0.9256	0.8854	1.2021	0.8962	0.672
P	0.0887	0.0548	1.1956	0.1034	0.8334	0.4199	0.6175	1.2711	0.1308
Q	0.0383	1.2417	0.9917	0.6124	1.0332	0.5856	0.9332	1.0865	0.6284
R	0.0451	1.734	0.8837	0.1379	1.3582	0.9992	0.9998	1.4361	0.5768
S	0.0404	0.7046	0.8905	1.6737	0.6423	0.331	0.5351	0.7431	0.6957
T	0.1519	1.109	0.6739	1.3245	1.0284	1.2393	0.6713	0.862	0.7872
V	3.4569	1.94	1.496	2.1697	1.3992	3.694	0.9043	0.984	2.7344
W	0.3205	0.5062	0.5953	0.3367	0.4094	0.1219	0.6993	0.333	0.1956
Y	0.1975	1.153	1.8288	0.2512	0.8566	0.2466	1.1622	1.0692	1.8648

pepL	alpha	w_s
12	99.5307	0.083	0.1488	0	0.3949	0.3733
13	98.9574	0.0263	0.0764	0.2382	0.4675	0.1916
14	98.3293	0.0043	0.0259	0.161	0	0.4702	0.2976	0.0409
15	98.0138	0.0017	0.0096	0.0839	0.3761	0.4093	0.0998	0.0197
16	98.2233	8e-04	0.0022	0.03	0.2337	0	0.522	0.1562	0.0472	0.0079
17	98.7349	8e-04	0.0019	0.0146	0.1152	0.4294	0.2806	0.114	0.0362	0.0072
18	99.2174	5e-04	0.0013	0.0066	0.0433	0.2908	0	0.3312	0.218	0.0767	0.0267	0.005
19	99.5134	0.001	0.0012	0.0074	0.029	0.145	0.2323	0.2917	0.1843	0.0762	0.0263	0.0055
20	99.6911	0.001	0.0012	0.0048	0.0176	0.0704	0.1449	0	0.2809	0.2453	0.1596	0.0505	0.0192	0.0045
21	99.7886	0.0013	0.002	0.0054	0.0189	0.0569	0.1038	0.1384	0.2552	0.2215	0.1327	0.043	0.0166	0.0041
