Allele	BoLA_DRB3_020_04
Type	Standard
n_specificities	1
npep_u	1
npep_t	5000
spec_ids	1
L_core	9
L_N	0
L_C	0
CS_perL	1
pepL_lower	12
pepL_upper	21
n_diff_aa	20

PWM_norm.1	P1	P2	P3	P4	P5	P6	P7	P8	P9
A	0.1598	0.9786	1.4665	0.3988	1.0903	3.1636	1.1123	0.988	0.6685
C	0.0686	0.1182	0.3213	0.0789	0.3313	0.6463	0.2048	0.0887	0.2192
D	0.0465	0.5555	0.3564	0.0728	1.2365	0.6567	0.7652	0.6084	5.0724
E	0.0361	1.1065	0.5725	0.1616	0.9261	0.7352	0.731	1.0961	3.1713
F	1.2075	0.8442	1.0733	0.4377	0.6122	0.2533	1.2604	0.5982	0.5434
G	0.0913	0.3341	0.7449	0.0561	0.7819	2.07	1.1685	0.7079	0.8593
H	0.0557	1.4506	0.9251	0.0475	1.1051	0.2484	1.7617	1.0988	0.5418
I	8.8482	1.5874	1.8285	2.2352	0.8893	0.8485	1.2785	1.2147	0.8704
K	0.0511	1.7251	0.8726	0.0534	1.4618	0.106	1.3967	1.572	0.2927
L	2.6807	0.856	0.894	7.0875	0.6049	0.4411	1.1957	1.3329	0.7808
M	1.5984	0.5286	1.1605	2.3707	0.8416	0.3883	1.0499	0.8079	0.7897
N	0.0572	1.0179	0.8625	0.0825	1.3441	1.5386	1.1373	0.8244	0.675
P	0.0827	0.0529	0.9943	0.0198	1.4234	1.171	1.134	1.2362	0.168
Q	0.0401	1.1967	1.0941	0.1649	0.9113	0.7341	0.9862	1.2449	0.3717
R	0.0421	1.746	1.1525	0.0405	1.0987	0.0925	1.3164	1.1846	0.2989
S	0.0434	0.7128	0.9009	0.1132	1.0002	1.3109	0.4739	0.6369	0.5153
T	0.1511	1.1169	0.8594	0.1865	1.1917	1.2033	0.5126	0.8109	0.6689
V	3.5484	1.9381	1.4053	0.7669	1.0108	1.4252	0.7405	1.1319	1.0669
W	0.3015	0.5113	1.1113	0.0594	0.776	0.0979	1.1794	0.3553	0.2571
Y	0.2197	1.1473	1.8036	0.198	0.9672	0.1678	0.9478	1.0973	0.7897

pepL	alpha	w_s
12	99.5307	0.083	0.1488	0	0.3949	0.3734
13	98.9575	0.0263	0.0764	0.2382	0.4675	0.1916
14	98.3294	0.0043	0.0259	0.161	0	0.4702	0.2977	0.0409
15	98.0139	0.0017	0.0096	0.0839	0.376	0.4093	0.0998	0.0197
16	98.2233	8e-04	0.0022	0.03	0.2337	0	0.5219	0.1563	0.0471	0.0079
17	98.735	8e-04	0.0019	0.0146	0.1152	0.4293	0.2806	0.114	0.0363	0.0072
18	99.2174	5e-04	0.0013	0.0066	0.0433	0.2908	0	0.3312	0.218	0.0767	0.0267	0.005
19	99.5133	0.001	0.0012	0.0074	0.029	0.145	0.2323	0.2918	0.1844	0.0762	0.0263	0.0055
20	99.691	0.001	0.0012	0.0048	0.0176	0.0704	0.1449	0	0.2809	0.2454	0.1596	0.0505	0.0192	0.0045
21	99.7886	0.0013	0.002	0.0054	0.0189	0.0569	0.1038	0.1383	0.2554	0.2215	0.1327	0.043	0.0166	0.0041
