Allele	BoLA_DRB3_154_01
Type	Standard
n_specificities	1
npep_u	1
npep_t	5000
spec_ids	1
L_core	9
L_N	0
L_C	0
CS_perL	1
pepL_lower	12
pepL_upper	21
n_diff_aa	20

PWM_norm.1	P1	P2	P3	P4	P5	P6	P7	P8	P9
A	0.1067	1.4655	1.5318	2.847	1.3089	1.4115	0.858	1.0939	1.2562
C	0.0519	0.1005	0.1392	0.3204	0.1882	0.4577	0.192	0.1081	0.4392
D	0.0398	0.6538	0.2241	0.1863	1.2524	1.0466	0.6694	0.5678	0.1017
E	0.0664	1.7354	0.5674	0.1557	0.9969	0.8863	1.1067	0.7548	0.1199
F	7.7048	0.7927	1.1638	1.8455	0.4704	1.0386	0.8405	0.3915	0.7951
G	0.0614	0.46	0.5773	0.5054	0.6508	0.9192	0.4776	0.9039	0.3037
H	0.1158	1.5931	1.0571	3.3394	1.4001	0.8259	2.0477	1.1699	0.1983
I	2.9156	0.9289	1.689	0.931	0.8161	1.2914	1.1034	1.2447	2.9523
K	0.0495	1.1939	1.0076	0.1279	1.8413	0.2001	1.3008	1.6311	0.1013
L	1.5115	0.6749	0.883	0.3034	0.6282	0.9452	1.592	1.0727	2.638
M	0.995	0.4812	0.9181	0.4022	0.5059	1.3103	0.9924	0.6405	0.8473
N	0.0597	1.3847	0.7311	0.6234	1.264	2.0572	1.6963	1.0421	0.6297
P	0.0478	0.0719	1.3136	0.1191	1.024	0.8078	0.493	1.5552	0.1069
Q	0.0612	1.2558	1.2127	0.2779	1.0576	1.3285	1.8688	1.0564	0.423
R	0.0353	1.2263	1.075	0.0804	1.1486	0.2021	0.9609	1.3639	0.1786
S	0.0437	0.96	0.9193	2.7645	0.8431	0.9721	0.5318	0.6613	0.5263
T	0.0877	1.4589	0.6104	1.7605	1.1799	1.2779	0.6168	0.9828	0.8004
V	1.2306	1.2283	1.4136	1.9215	1.1888	1.458	1.029	1.1159	4.1048
W	3.9897	0.3642	0.8516	0.5732	0.501	0.7512	0.6936	0.1923	0.0789
Y	10.0619	1.2166	2.3047	0.2192	0.9369	0.8368	0.93	1.0418	1.1131

pepL	alpha	w_s
12	99.5307	0.083	0.1488	0	0.3949	0.3734
13	98.9575	0.0263	0.0764	0.2382	0.4675	0.1916
14	98.3294	0.0043	0.0259	0.161	0	0.4702	0.2977	0.0409
15	98.0139	0.0017	0.0096	0.0839	0.376	0.4093	0.0998	0.0197
16	98.2233	8e-04	0.0022	0.03	0.2337	0	0.5219	0.1563	0.0471	0.0079
17	98.735	8e-04	0.0019	0.0146	0.1152	0.4293	0.2806	0.114	0.0363	0.0072
18	99.2174	5e-04	0.0013	0.0066	0.0433	0.2908	0	0.3312	0.218	0.0767	0.0267	0.005
19	99.5133	0.001	0.0012	0.0074	0.029	0.145	0.2323	0.2918	0.1844	0.0762	0.0263	0.0055
20	99.691	0.001	0.0012	0.0048	0.0176	0.0704	0.1449	0	0.2809	0.2454	0.1596	0.0505	0.0192	0.0045
21	99.7886	0.0013	0.002	0.0054	0.0189	0.0569	0.1038	0.1383	0.2554	0.2215	0.1327	0.043	0.0166	0.0041
