Allele	BoLA_DRB3_027_11
Type	Standard
n_specificities	1
npep_u	1
npep_t	5000
spec_ids	1
L_core	9
L_N	0
L_C	0
CS_perL	1
pepL_lower	12
pepL_upper	21
n_diff_aa	20

PWM_norm.1	P1	P2	P3	P4	P5	P6	P7	P8	P9
A	0.0896	1.141	1.556	2.4078	1.0421	1.6728	1.0607	1.1386	1.1603
C	0.0511	0.1105	0.1697	0.2906	0.1789	0.4835	0.1896	0.1111	0.9786
D	0.0347	0.6214	0.1858	0.2942	1.2879	1.7591	0.5607	0.5239	0.0997
E	0.0549	1.3053	0.4944	0.3458	1.0551	1.3672	0.7833	0.7809	0.0766
F	8.5177	0.8386	0.9607	1.4458	0.4032	0.3103	1.2806	0.4269	0.4637
G	0.0609	0.3801	0.4902	0.3392	0.5859	1.294	0.9212	0.9269	0.3143
H	0.1257	1.2682	0.7737	1.2044	1.2042	0.7142	2.1907	1.2675	0.1219
I	2.7942	1.4428	1.9969	1.9428	0.9898	0.9931	1.2503	1.2269	2.814
K	0.0562	1.5271	0.899	0.2868	1.9737	0.3154	1.4598	1.583	0.079
L	1.3764	0.8386	1.0285	1.0359	0.6432	0.5405	1.3399	1.0731	2.9195
M	0.9048	0.5176	1.0723	0.853	0.6565	0.5776	0.9383	0.6623	0.9608
N	0.0706	0.9972	0.7599	0.5996	1.0885	2.3022	1.2353	1.001	0.5934
P	0.0383	0.0589	1.1397	0.1057	0.8453	0.755	0.6266	1.511	0.0714
Q	0.0511	1.1941	1.1977	0.3034	1.0236	0.9164	1.0944	1.0428	0.2122
R	0.0397	1.5462	1.4348	0.1305	1.487	0.3294	1.4969	1.3415	0.0911
S	0.0409	0.7466	0.8889	1.8209	0.788	1.1188	0.469	0.6948	0.3838
T	0.0763	1.2313	0.7372	1.5385	1.1135	1.2605	0.6358	0.9725	0.7659
V	0.9921	1.8546	1.5326	2.7022	1.4229	1.3303	0.7358	1.0962	4.7117
W	4.4804	0.4914	0.5849	0.3455	0.4367	0.249	1.1193	0.2239	0.0694
Y	10.1766	1.1833	1.6263	0.3007	0.9208	0.39	1.2563	1.0252	0.515

pepL	alpha	w_s
12	99.5307	0.083	0.1488	0	0.3949	0.3733
13	98.9574	0.0263	0.0764	0.2382	0.4675	0.1916
14	98.3293	0.0043	0.0259	0.161	0	0.4702	0.2976	0.0409
15	98.0138	0.0017	0.0096	0.0839	0.3761	0.4093	0.0998	0.0197
16	98.2233	8e-04	0.0022	0.03	0.2337	0	0.522	0.1562	0.0472	0.0079
17	98.7349	8e-04	0.0019	0.0146	0.1152	0.4294	0.2806	0.114	0.0362	0.0072
18	99.2174	5e-04	0.0013	0.0066	0.0433	0.2908	0	0.3312	0.218	0.0767	0.0267	0.005
19	99.5134	0.001	0.0012	0.0074	0.029	0.145	0.2323	0.2917	0.1843	0.0762	0.0263	0.0055
20	99.6911	0.001	0.0012	0.0048	0.0176	0.0704	0.1449	0	0.2809	0.2453	0.1596	0.0505	0.0192	0.0045
21	99.7886	0.0013	0.002	0.0054	0.0189	0.0569	0.1038	0.1384	0.2552	0.2215	0.1327	0.043	0.0166	0.0041
