Allele	BoLA_DRB3_024_20
Type	Standard
n_specificities	1
npep_u	1
npep_t	5000
spec_ids	1
L_core	9
L_N	0
L_C	0
CS_perL	1
pepL_lower	12
pepL_upper	21
n_diff_aa	20

PWM_norm.1	P1	P2	P3	P4	P5	P6	P7	P8	P9
A	0.0896	1.2265	1.5591	2.4128	1.1217	2.9064	0.8839	1.1386	3.3328
C	0.0511	0.1146	0.1564	0.1785	0.2062	0.648	0.2267	0.1111	0.2866
D	0.0347	0.7134	0.1942	0.1533	1.2336	0.7116	0.678	0.5239	0.3211
E	0.0549	1.5231	0.5153	0.2399	1.049	0.6853	1.0255	0.7809	0.382
F	8.5177	0.8882	1.0755	1.2582	0.513	0.4138	1.1844	0.4269	0.2493
G	0.0609	0.4298	0.4973	0.213	0.6012	2.0832	0.7373	0.9269	2.5091
H	0.1257	1.6831	0.9013	0.9519	1.1671	0.3147	1.7653	1.2675	0.7098
I	2.7942	1.1406	1.8459	2.1621	1.0766	0.9656	1.148	1.2269	0.5963
K	0.0562	1.289	0.9565	0.2391	1.7967	0.1423	1.244	1.583	0.2489
L	1.3764	0.7131	0.9693	1.8036	0.748	0.5153	1.5651	1.0731	0.2832
M	0.9048	0.5848	1.0755	0.8007	0.7697	0.5018	1.2414	0.6623	0.3568
N	0.0706	1.1324	0.733	0.3479	1.0827	1.4252	1.4201	1.001	0.9559
P	0.0383	0.0679	1.1493	0.0672	0.8814	1.1125	0.7574	1.511	0.3689
Q	0.0511	1.3528	1.2405	0.2008	0.9284	0.8507	1.4121	1.0428	2.629
R	0.0397	1.3721	1.3259	0.0969	1.3312	0.1213	1.0154	1.3415	0.2251
S	0.0409	0.8922	0.9151	1.5688	0.7596	1.2393	0.474	0.6948	1.9952
T	0.0763	1.3182	0.5939	1.4854	1.0236	1.0936	0.5423	0.9725	0.7485
V	0.9921	1.3895	1.5106	2.7527	1.4822	1.4702	0.9402	1.0962	0.7157
W	4.4804	0.6247	0.689	0.2106	0.5121	0.1776	1.1842	0.2239	0.0655
Y	10.1766	1.2606	1.9876	0.2186	0.9496	0.2578	0.9262	1.0252	0.1629

pepL	alpha	w_s
12	99.5307	0.083	0.1488	0	0.3949	0.3733
13	98.9574	0.0263	0.0764	0.2382	0.4675	0.1916
14	98.3293	0.0043	0.0259	0.161	0	0.4702	0.2976	0.0409
15	98.0138	0.0017	0.0096	0.0839	0.3761	0.4093	0.0998	0.0197
16	98.2233	8e-04	0.0022	0.03	0.2337	0	0.522	0.1562	0.0472	0.0079
17	98.7349	8e-04	0.0019	0.0146	0.1152	0.4294	0.2806	0.114	0.0362	0.0072
18	99.2174	5e-04	0.0013	0.0066	0.0433	0.2908	0	0.3312	0.218	0.0767	0.0267	0.005
19	99.5134	0.001	0.0012	0.0074	0.029	0.145	0.2323	0.2917	0.1843	0.0762	0.0263	0.0055
20	99.6911	0.001	0.0012	0.0048	0.0176	0.0704	0.1449	0	0.2809	0.2453	0.1596	0.0505	0.0192	0.0045
21	99.7886	0.0013	0.002	0.0054	0.0189	0.0569	0.1038	0.1384	0.2552	0.2215	0.1327	0.043	0.0166	0.0041
