Allele	BoLA_DRB3_005_02
Type	Standard
n_specificities	1
npep_u	1
npep_t	5000
spec_ids	1
L_core	9
L_N	0
L_C	0
CS_perL	1
pepL_lower	12
pepL_upper	21
n_diff_aa	20

PWM_norm.1	P1	P2	P3	P4	P5	P6	P7	P8	P9
A	0.0934	0.9786	1.4683	1.1121	0.8485	0.6844	1.0499	1.1812	2.8823
C	0.049	0.1182	0.3474	0.1482	0.1936	0.1403	0.1163	0.116	0.236
D	0.0361	0.5555	0.4121	7.3325	1.5588	0.8994	0.9887	0.5499	0.4497
E	0.0576	1.1065	0.6688	1.892	1.3708	0.3922	1.6505	0.9164	0.4846
F	8.2964	0.8442	1.1583	0.6879	0.5096	0.1843	0.6068	0.6052	0.2476
G	0.0619	0.3341	0.6012	0.3506	0.6687	0.1921	1.0248	0.9468	2.954
H	0.1244	1.4506	0.8028	0.3436	0.9689	0.8994	0.5894	1.5282	0.883
I	2.7704	1.5874	2.2495	0.6491	1.2186	2.8639	1.2066	1.0162	0.3248
K	0.0618	1.7251	0.9267	0.0918	1.4791	1.3864	0.4226	1.5537	0.2833
L	1.3527	0.856	0.9042	0.2824	0.6377	1.636	1.1031	1.0855	0.1751
M	0.9209	0.5286	1.3498	0.6224	0.9334	0.7192	0.6088	0.5538	0.3138
N	0.0713	1.0179	0.915	1.1682	0.9776	1.242	2.7078	0.9038	0.9326
P	0.0388	0.0529	1.1054	0.0549	1.0548	0.3603	0.6615	1.2759	0.3804
Q	0.0536	1.1967	0.9109	0.9673	1.1077	0.7376	1.0173	1.0813	2.8359
R	0.0379	1.746	0.8265	0.0873	1.2453	0.9469	0.3206	1.4304	0.2655
S	0.0414	0.7128	0.8742	1.2316	0.7519	0.3758	0.9579	0.746	2.1883
T	0.0773	1.1169	0.8169	1.0082	1.1726	1.3861	1.0559	0.863	0.6405
V	0.9818	1.9381	1.4084	0.6055	1.2163	3.0593	1.3434	0.997	0.4338
W	4.5203	0.5113	0.748	0.2026	0.3325	0.1133	0.2823	0.3334	0.0731
Y	10.5593	1.1473	1.7927	0.1543	0.9627	0.2164	1.0448	1.0766	0.2052

pepL	alpha	w_s
12	99.5307	0.083	0.1488	0	0.3949	0.3734
13	98.9575	0.0263	0.0764	0.2382	0.4675	0.1916
14	98.3294	0.0043	0.0259	0.161	0	0.4702	0.2977	0.0409
15	98.0139	0.0017	0.0096	0.0839	0.376	0.4093	0.0998	0.0197
16	98.2233	8e-04	0.0022	0.03	0.2337	0	0.5219	0.1563	0.0471	0.0079
17	98.735	8e-04	0.0019	0.0146	0.1152	0.4293	0.2806	0.114	0.0363	0.0072
18	99.2174	5e-04	0.0013	0.0066	0.0433	0.2908	0	0.3312	0.218	0.0767	0.0267	0.005
19	99.5133	0.001	0.0012	0.0074	0.029	0.145	0.2323	0.2918	0.1844	0.0762	0.0263	0.0055
20	99.691	0.001	0.0012	0.0048	0.0176	0.0704	0.1449	0	0.2809	0.2454	0.1596	0.0505	0.0192	0.0045
21	99.7886	0.0013	0.002	0.0054	0.0189	0.0569	0.1038	0.1383	0.2554	0.2215	0.1327	0.043	0.0166	0.0041
