Allele	BoLA_DRB3_112_01
Type	Standard
n_specificities	1
npep_u	1
npep_t	5000
spec_ids	1
L_core	9
L_N	0
L_C	0
CS_perL	1
pepL_lower	12
pepL_upper	21
n_diff_aa	20

PWM_norm.1	P1	P2	P3	P4	P5	P6	P7	P8	P9
A	0.1329	0.971	1.6379	3.0387	1.2934	2.8531	1.4621	1.1386	1.1625
C	0.0539	0.118	0.1959	0.2009	0.2243	0.5844	0.3869	0.1111	0.434
D	0.0395	0.5546	0.2694	1.3639	1.1602	1.0447	1.0179	0.5239	0.1249
E	0.0275	1.1045	0.5879	0.6505	0.9558	0.6861	0.8873	0.7809	0.1438
F	0.8949	0.8507	1.0865	0.5136	0.677	0.3338	1.3713	0.4269	0.8355
G	0.0598	0.3361	0.6801	0.4687	0.5329	1.7088	1.2078	0.9269	0.262
H	0.0379	1.4432	0.9746	0.283	0.7806	0.301	1.5652	1.2675	0.2063
I	8.7578	1.5947	1.5862	1.5162	1.4756	1.0084	1.0873	1.2269	2.9221
K	0.0307	1.7443	0.877	0.1004	1.5446	0.1135	0.9714	1.583	0.1044
L	2.9065	0.8388	0.7716	0.5671	0.8737	0.5227	1.0752	1.0731	2.7136
M	1.2553	0.5271	1.3405	0.6375	1.0373	0.4508	0.9388	0.6623	0.9559
N	0.0347	1.0223	0.7778	0.9347	1.022	1.9673	1.0559	1.001	0.65
P	0.0794	0.0548	0.9904	0.0765	1.0105	0.852	0.7632	1.511	0.0901
Q	0.0298	1.2417	1.2382	0.5118	0.9739	0.9369	0.8123	1.0428	0.418
R	0.0294	1.734	1.2102	0.0883	1.1022	0.0893	1.1471	1.3415	0.1884
S	0.0298	0.7046	1.1711	1.7459	0.6416	1.3603	0.6463	0.6948	0.4509
T	0.1199	1.109	0.7522	2.2918	1.0787	1.2176	0.7372	0.9725	0.7693
V	3.8187	1.94	1.2705	2.1588	1.3819	1.3983	0.8181	1.0962	4.1571
W	0.1738	0.5062	0.8989	0.1221	0.389	0.1279	1.3762	0.2239	0.0899
Y	0.1263	1.153	1.8704	0.1495	1.1325	0.2321	1.1205	1.0252	1.1486

pepL	alpha	w_s
12	99.5307	0.083	0.1488	0	0.3949	0.3733
13	98.9574	0.0263	0.0764	0.2382	0.4675	0.1916
14	98.3293	0.0043	0.0259	0.161	0	0.4702	0.2976	0.0409
15	98.0138	0.0017	0.0096	0.0839	0.3761	0.4093	0.0998	0.0197
16	98.2233	8e-04	0.0022	0.03	0.2337	0	0.522	0.1562	0.0472	0.0079
17	98.7349	8e-04	0.0019	0.0146	0.1152	0.4294	0.2806	0.114	0.0362	0.0072
18	99.2174	5e-04	0.0013	0.0066	0.0433	0.2908	0	0.3312	0.218	0.0767	0.0267	0.005
19	99.5134	0.001	0.0012	0.0074	0.029	0.145	0.2323	0.2917	0.1843	0.0762	0.0263	0.0055
20	99.6911	0.001	0.0012	0.0048	0.0176	0.0704	0.1449	0	0.2809	0.2453	0.1596	0.0505	0.0192	0.0045
21	99.7886	0.0013	0.002	0.0054	0.0189	0.0569	0.1038	0.1384	0.2552	0.2215	0.1327	0.043	0.0166	0.0041
