Allele	BoLA_DRB3_075_03
Type	Standard
n_specificities	1
npep_u	1
npep_t	5000
spec_ids	1
L_core	9
L_N	0
L_C	0
CS_perL	1
pepL_lower	12
pepL_upper	21
n_diff_aa	20

PWM_norm.1	P1	P2	P3	P4	P5	P6	P7	P8	P9
A	0.1329	0.971	1.4703	1.0437	0.8111	0.5496	0.7266	1.026	0.3872
C	0.0539	0.118	0.3786	0.11	0.1767	0.1467	0.185	0.1014	0.1499
D	0.0395	0.5546	0.5404	0.2257	1.1903	1.034	0.9687	0.6976	0.5048
E	0.0275	1.1045	0.7083	0.7404	1.2733	0.7987	1.2239	0.9396	0.533
F	0.8949	0.8507	1.3194	2.5019	0.5727	0.2097	1.5484	0.5107	1.5487
G	0.0598	0.3361	0.7474	0.2891	0.5548	0.1356	0.3855	0.8314	0.1447
H	0.0379	1.4432	1.2575	2.6637	0.8037	0.1383	1.7315	1.1657	0.1773
I	8.7578	1.5947	1.4677	2.3726	1.7699	4.4141	1.6196	1.2421	4.2499
K	0.0307	1.7443	0.9242	0.6261	1.5085	0.1257	0.647	1.4976	0.2288
L	2.9065	0.8388	0.6878	1.9317	0.8064	2.7265	0.8522	1.2099	3.2096
M	1.2553	0.5271	1.4866	1.9499	1.2073	1.0579	0.8148	0.6249	1.4542
N	0.0347	1.0223	0.8255	0.3544	0.9842	0.7723	1.9012	0.9532	0.2137
P	0.0794	0.0548	0.9614	0.0496	0.854	0.2314	1.5504	1.4072	0.061
Q	0.0298	1.2417	1.1518	1.2983	1.3294	0.4731	1.3348	1.0963	0.3091
R	0.0294	1.734	0.8595	0.7273	1.0305	0.114	0.6271	1.3599	0.2695
S	0.0298	0.7046	0.9984	0.2558	0.526	0.2721	0.5294	0.6427	0.0899
T	0.1199	1.109	0.8878	0.6284	1.2153	0.806	0.897	0.8463	0.3082
V	3.8187	1.94	1.2237	1.2963	1.4694	3.188	1.1631	1.0826	2.7873
W	0.1738	0.5062	1.2445	1.6589	0.2379	0.1515	1.049	0.2826	0.3202
Y	0.1263	1.153	1.9916	1.5095	1.174	0.3486	1.3151	1.0911	2.1163

pepL	alpha	w_s
12	99.5307	0.083	0.1488	0	0.3949	0.3733
13	98.9574	0.0263	0.0764	0.2382	0.4675	0.1916
14	98.3293	0.0043	0.0259	0.161	0	0.4702	0.2976	0.0409
15	98.0138	0.0017	0.0096	0.0839	0.3761	0.4093	0.0998	0.0197
16	98.2233	8e-04	0.0022	0.03	0.2337	0	0.522	0.1562	0.0472	0.0079
17	98.7349	8e-04	0.0019	0.0146	0.1152	0.4294	0.2806	0.114	0.0362	0.0072
18	99.2174	5e-04	0.0013	0.0066	0.0433	0.2908	0	0.3312	0.218	0.0767	0.0267	0.005
19	99.5134	0.001	0.0012	0.0074	0.029	0.145	0.2323	0.2917	0.1843	0.0762	0.0263	0.0055
20	99.6911	0.001	0.0012	0.0048	0.0176	0.0704	0.1449	0	0.2809	0.2453	0.1596	0.0505	0.0192	0.0045
21	99.7886	0.0013	0.002	0.0054	0.0189	0.0569	0.1038	0.1384	0.2552	0.2215	0.1327	0.043	0.0166	0.0041
