Allele	BoLA_DRB3_090_05
Type	Standard
n_specificities	1
npep_u	1
npep_t	5000
spec_ids	1
L_core	9
L_N	0
L_C	0
CS_perL	1
pepL_lower	12
pepL_upper	21
n_diff_aa	20

PWM_norm.1	P1	P2	P3	P4	P5	P6	P7	P8	P9
A	0.0934	1.2763	1.2917	1.2732	0.7078	0.8901	0.7479	1.0939	1.6975
C	0.049	0.1405	0.2413	0.434	0.2231	0.2308	0.2172	0.1081	0.244
D	0.0361	0.7383	0.3569	0.6367	1.8361	2.066	0.8851	0.5678	0.5686
E	0.0576	1.5	0.676	0.7986	1.649	1.4129	1.5056	0.7548	0.3939
F	8.2964	0.8432	1.4982	1.9502	0.4724	0.2249	1.6831	0.3915	0.2879
G	0.0619	0.4409	0.4187	0.2914	0.6492	0.2971	0.3899	0.9039	1.0291
H	0.1244	1.5903	1.1559	1.3461	0.9703	0.232	1.8314	1.1699	0.4817
I	2.7704	1.1394	2.0003	2.4554	1.042	2.6884	1.4375	1.2447	0.8961
K	0.0618	1.2703	1.0855	0.3119	1.5643	0.151	0.5563	1.6311	3.8388
L	1.3527	0.7134	0.9002	1.1971	0.51	1.5432	0.8314	1.0727	0.7562
M	0.9209	0.6048	1.2181	1.4169	0.6351	1.0523	0.7667	0.6405	0.4662
N	0.0713	1.1087	0.7438	1.0365	1.0154	1.5466	1.786	1.0421	1.1978
P	0.0388	0.0739	1.1534	0.1936	1.0347	0.3797	1.7021	1.5552	0.2264
Q	0.0536	1.3137	1.1455	0.6563	1.0973	0.7978	1.0602	1.0564	0.9472
R	0.0379	1.352	0.8263	0.1874	1.2692	0.1401	0.4613	1.3639	2.1912
S	0.0414	0.8751	0.7132	1.183	0.7779	0.5587	0.5891	0.6613	0.7077
T	0.0773	1.279	0.642	1.2241	1.2066	1.1022	0.7417	0.9828	0.4379
V	0.9818	1.5337	1.5578	2.2044	1.1604	2.5673	1.1293	1.1159	1.1202
W	4.5203	0.651	0.9561	0.7223	0.4277	0.1557	1.3441	0.1923	0.1997
Y	10.5593	1.2012	2.3962	0.704	0.8581	0.3369	1.6647	1.0418	0.2592

pepL	alpha	w_s
12	99.5307	0.083	0.1488	0	0.3949	0.3734
13	98.9575	0.0263	0.0764	0.2382	0.4675	0.1916
14	98.3294	0.0043	0.0259	0.161	0	0.4702	0.2977	0.0409
15	98.0139	0.0017	0.0096	0.0839	0.376	0.4093	0.0998	0.0197
16	98.2233	8e-04	0.0022	0.03	0.2337	0	0.5219	0.1563	0.0471	0.0079
17	98.735	8e-04	0.0019	0.0146	0.1152	0.4293	0.2806	0.114	0.0363	0.0072
18	99.2174	5e-04	0.0013	0.0066	0.0433	0.2908	0	0.3312	0.218	0.0767	0.0267	0.005
19	99.5133	0.001	0.0012	0.0074	0.029	0.145	0.2323	0.2918	0.1844	0.0762	0.0263	0.0055
20	99.691	0.001	0.0012	0.0048	0.0176	0.0704	0.1449	0	0.2809	0.2454	0.1596	0.0505	0.0192	0.0045
21	99.7886	0.0013	0.002	0.0054	0.0189	0.0569	0.1038	0.1383	0.2554	0.2215	0.1327	0.043	0.0166	0.0041
