Allele	BoLA_DRB3_112_02
Type	Standard
n_specificities	1
npep_u	1
npep_t	5000
spec_ids	1
L_core	9
L_N	0
L_C	0
CS_perL	1
pepL_lower	12
pepL_upper	21
n_diff_aa	20

PWM_norm.1	P1	P2	P3	P4	P5	P6	P7	P8	P9
A	0.1329	0.971	1.6225	1.9201	0.9916	0.6358	1.4271	1.1386	1.9483
C	0.0539	0.118	0.2656	0.1997	0.1536	0.1495	0.2394	0.1111	0.5081
D	0.0395	0.5546	0.3958	2.7425	1.3539	0.6321	0.9503	0.5239	0.2299
E	0.0275	1.1045	0.6995	1.5061	1.2483	0.3556	1.0096	0.7809	0.3555
F	0.8949	0.8507	1.3262	0.5863	0.6107	0.197	1.0778	0.4269	1.1547
G	0.0598	0.3361	0.745	0.3967	0.4988	0.1866	1.1324	0.9269	0.8454
H	0.0379	1.4432	1.0478	0.379	0.8302	1.0244	1.27	1.2675	0.4938
I	8.7578	1.5947	1.579	1.1882	1.6514	3.263	1.3953	1.2269	1.865
K	0.0307	1.7443	0.8833	0.0823	1.5641	1.2559	0.7368	1.583	0.4089
L	2.9065	0.8388	0.6469	0.2966	0.8569	1.6153	1.136	1.0731	1.4353
M	1.2553	0.5271	1.6672	0.5278	0.9955	0.6902	0.8789	0.6623	1.3846
N	0.0347	1.0223	0.8661	1.9513	0.9408	1.3873	1.4466	1.001	0.7863
P	0.0794	0.0548	1.047	0.0601	0.8825	0.3505	0.6872	1.511	0.2082
Q	0.0298	1.2417	1.0463	0.9495	1.1874	0.8085	0.7931	1.0428	1.1725
R	0.0294	1.734	0.8394	0.0848	1.0801	1.0247	0.7159	1.3415	0.8191
S	0.0298	0.7046	1.2171	1.5895	0.5694	0.3589	0.7306	0.6948	0.9394
T	0.1199	1.109	0.7531	1.9627	1.1053	1.3379	0.9715	0.9725	0.8971
V	3.8187	1.94	1.1218	1.6278	1.367	3.0397	1.0956	1.0962	2.0722
W	0.1738	0.5062	1.02	0.1749	0.2748	0.1325	0.7681	0.2239	0.2865
Y	0.1263	1.153	1.9765	0.1181	1.0574	0.2477	1.3283	1.0252	1.2368

pepL	alpha	w_s
12	99.5307	0.083	0.1488	0	0.3949	0.3733
13	98.9574	0.0263	0.0764	0.2382	0.4675	0.1916
14	98.3293	0.0043	0.0259	0.161	0	0.4702	0.2976	0.0409
15	98.0138	0.0017	0.0096	0.0839	0.3761	0.4093	0.0998	0.0197
16	98.2233	8e-04	0.0022	0.03	0.2337	0	0.522	0.1562	0.0472	0.0079
17	98.7349	8e-04	0.0019	0.0146	0.1152	0.4294	0.2806	0.114	0.0362	0.0072
18	99.2174	5e-04	0.0013	0.0066	0.0433	0.2908	0	0.3312	0.218	0.0767	0.0267	0.005
19	99.5134	0.001	0.0012	0.0074	0.029	0.145	0.2323	0.2917	0.1843	0.0762	0.0263	0.0055
20	99.6911	0.001	0.0012	0.0048	0.0176	0.0704	0.1449	0	0.2809	0.2453	0.1596	0.0505	0.0192	0.0045
21	99.7886	0.0013	0.002	0.0054	0.0189	0.0569	0.1038	0.1384	0.2552	0.2215	0.1327	0.043	0.0166	0.0041
