Allele	BoLA_DRB3_128_01
Type	Standard
n_specificities	1
npep_u	1
npep_t	5000
spec_ids	1
L_core	9
L_N	0
L_C	0
CS_perL	1
pepL_lower	12
pepL_upper	21
n_diff_aa	20

PWM_norm.1	P1	P2	P3	P4	P5	P6	P7	P8	P9
A	0.0896	1.3819	1.5177	1.395	0.6469	0.4018	0.8186	1.1386	1.0899
C	0.0511	0.0859	0.1772	0.249	0.1936	0.1463	0.1286	0.1111	0.3933
D	0.0347	0.6727	0.2305	0.4336	1.7703	2.3523	0.7345	0.5239	0.2002
E	0.0549	1.7044	0.5901	0.8133	1.6533	1.4364	1.1229	0.7809	0.176
F	8.5177	0.8393	1.478	2.7381	0.376	0.1234	1.2532	0.4269	0.4411
G	0.0609	0.4529	0.4381	0.2884	0.6972	0.1332	0.5631	0.9269	0.2049
H	0.1257	1.6694	0.9341	1.8031	0.7905	0.1664	1.3356	1.2675	0.2416
I	2.7942	0.9773	1.881	2.401	1.1708	3.3648	2.1704	1.2269	2.9233
K	0.0562	1.1873	1.0553	0.0998	1.5545	0.0643	0.5573	1.583	0.2329
L	1.3764	0.683	0.8964	1.0507	0.6105	1.9049	1.0313	1.0731	2.9367
M	0.9048	0.4878	1.0336	1.1422	0.7922	0.8393	0.9276	0.6623	0.7247
N	0.0706	1.3314	0.6034	0.5799	0.9444	1.6112	1.9943	1.001	0.8067
P	0.0383	0.0706	1.352	0.1202	1.0948	0.2023	1.7479	1.511	0.0705
Q	0.0511	1.3149	0.842	0.4437	0.9098	0.5118	1.1049	1.0428	0.3396
R	0.0397	1.2296	0.6147	0.0742	1.4735	0.0779	0.5298	1.3415	0.3681
S	0.0409	0.9684	1.0098	1.6978	0.6856	0.3607	0.5067	0.6948	0.3086
T	0.0763	1.4653	0.4648	1.3224	1.1393	1.042	0.9721	0.9725	0.6494
V	0.9921	1.1942	1.5922	2.2212	1.2216	3.0782	1.1157	1.0962	4.2428
W	4.4804	0.4664	0.7289	0.5318	0.38	0.0775	0.5322	0.2239	0.0632
Y	10.1766	1.2296	3.1241	0.3259	0.8147	0.2267	0.9873	1.0252	0.9691

pepL	alpha	w_s
12	99.5307	0.083	0.1488	0	0.3949	0.3733
13	98.9574	0.0263	0.0764	0.2382	0.4675	0.1916
14	98.3293	0.0043	0.0259	0.161	0	0.4702	0.2976	0.0409
15	98.0138	0.0017	0.0096	0.0839	0.3761	0.4093	0.0998	0.0197
16	98.2233	8e-04	0.0022	0.03	0.2337	0	0.522	0.1562	0.0472	0.0079
17	98.7349	8e-04	0.0019	0.0146	0.1152	0.4294	0.2806	0.114	0.0362	0.0072
18	99.2174	5e-04	0.0013	0.0066	0.0433	0.2908	0	0.3312	0.218	0.0767	0.0267	0.005
19	99.5134	0.001	0.0012	0.0074	0.029	0.145	0.2323	0.2917	0.1843	0.0762	0.0263	0.0055
20	99.6911	0.001	0.0012	0.0048	0.0176	0.0704	0.1449	0	0.2809	0.2453	0.1596	0.0505	0.0192	0.0045
21	99.7886	0.0013	0.002	0.0054	0.0189	0.0569	0.1038	0.1384	0.2552	0.2215	0.1327	0.043	0.0166	0.0041
