Allele	BoLA_DRB3_040_01
Type	Standard
n_specificities	1
npep_u	1
npep_t	5000
spec_ids	1
L_core	9
L_N	0
L_C	0
CS_perL	1
pepL_lower	12
pepL_upper	21
n_diff_aa	20

PWM_norm.1	P1	P2	P3	P4	P5	P6	P7	P8	P9
A	0.1391	1.4655	1.3004	2.0678	0.8889	0.6906	1.7372	1.1812	2.6557
C	0.0583	0.1005	0.2282	0.1618	0.3253	0.0978	0.2356	0.116	0.4238
D	0.0402	0.6538	0.4098	6.6224	1.0248	0.5919	0.6369	0.5499	0.5389
E	0.0321	1.7354	0.8051	0.5874	0.9974	0.3441	0.9032	0.9164	0.3615
F	0.8712	0.7927	1.481	0.6984	0.6606	0.1799	0.8038	0.6052	0.1761
G	0.0626	0.46	0.4829	0.6199	0.77	0.1503	1.3373	0.9468	2.673
H	0.041	1.5931	1.2746	0.9647	1.3707	1.4633	1.0038	1.5282	0.7539
I	8.7661	0.9289	1.8968	0.5916	1.0177	1.4835	1.1481	1.0162	0.5187
K	0.0339	1.1939	1.0096	0.1255	1.7217	5.6161	0.9878	1.5537	0.2874
L	2.7494	0.6749	0.8862	0.2295	0.7246	0.889	1.1226	1.0855	0.2831
M	1.3964	0.4812	1.0243	0.2045	0.9	0.7708	0.8575	0.5538	0.347
N	0.0398	1.3847	0.7088	0.7327	1.046	0.5488	1.2873	0.9038	1.3818
P	0.0759	0.0719	1.1305	0.2366	1.1115	0.4015	1.078	1.2759	0.4163
Q	0.0349	1.2558	1.0451	0.1983	1.1557	0.708	0.9486	1.0813	1.7434
R	0.0305	1.2263	0.7011	0.0927	1.155	1.8931	0.9114	1.4304	0.2005
S	0.033	0.96	0.7078	1.6268	0.7622	0.2342	0.7303	0.746	2.5429
T	0.1218	1.4589	0.6456	1.3204	1.1459	0.6389	0.7005	0.863	0.8453
V	3.9808	1.2283	1.6172	1.1539	1.2475	1.7185	0.8673	0.997	0.7234
W	0.1798	0.3642	1.2015	0.0958	0.9062	0.1082	0.6685	0.3334	0.0898
Y	0.1653	1.2166	2.5478	0.2209	0.9652	0.1839	1.1356	1.0766	0.1841

pepL	alpha	w_s
12	99.5307	0.083	0.1488	0	0.3949	0.3734
13	98.9575	0.0263	0.0764	0.2382	0.4675	0.1916
14	98.3294	0.0043	0.0259	0.161	0	0.4702	0.2977	0.0409
15	98.0139	0.0017	0.0096	0.0839	0.376	0.4093	0.0998	0.0197
16	98.2233	8e-04	0.0022	0.03	0.2337	0	0.5219	0.1563	0.0471	0.0079
17	98.735	8e-04	0.0019	0.0146	0.1152	0.4293	0.2806	0.114	0.0363	0.0072
18	99.2174	5e-04	0.0013	0.0066	0.0433	0.2908	0	0.3312	0.218	0.0767	0.0267	0.005
19	99.5133	0.001	0.0012	0.0074	0.029	0.145	0.2323	0.2918	0.1844	0.0762	0.0263	0.0055
20	99.691	0.001	0.0012	0.0048	0.0176	0.0704	0.1449	0	0.2809	0.2454	0.1596	0.0505	0.0192	0.0045
21	99.7886	0.0013	0.002	0.0054	0.0189	0.0569	0.1038	0.1383	0.2554	0.2215	0.1327	0.043	0.0166	0.0041
