Allele	BoLA_DRB3_086_01
Type	Standard
n_specificities	1
npep_u	1
npep_t	5000
spec_ids	1
L_core	9
L_N	0
L_C	0
CS_perL	1
pepL_lower	12
pepL_upper	21
n_diff_aa	20

PWM_norm.1	P1	P2	P3	P4	P5	P6	P7	P8	P9
A	0.0934	0.9786	1.2908	1.4989	0.9687	0.5233	1.1161	1.0939	2.3835
C	0.049	0.1182	0.3777	0.3385	0.3688	0.1728	0.2555	0.1081	0.6324
D	0.0361	0.5555	0.343	1.9033	1.471	7.1362	1.0645	0.5678	0.1489
E	0.0576	1.1065	0.5928	1.3601	1.0601	0.7643	0.8868	0.7548	0.2465
F	8.2964	0.8442	1.2856	1.2544	0.562	0.1212	1.2705	0.3915	0.5382
G	0.0619	0.3341	0.4343	0.411	0.6428	0.2946	1.3093	0.9039	0.9959
H	0.1244	1.4506	0.7088	0.6339	1.0223	0.5718	1.3951	1.1699	0.3544
I	2.7704	1.5874	2.228	1.368	1.0395	0.7405	1.555	1.2447	2.1594
K	0.0618	1.7251	1.0678	0.1283	1.5093	0.1906	0.7644	1.6311	0.3419
L	1.3527	0.856	0.9632	0.5655	0.5815	0.3826	1.1622	1.0727	1.7442
M	0.9209	0.5286	1.3538	1.142	0.7863	0.3408	1.152	0.6405	0.7091
N	0.0713	1.0179	0.6936	1.6469	1.195	4.3265	1.451	1.0421	0.665
P	0.0388	0.0529	1.0692	0.1222	1.2815	0.1851	0.664	1.5552	0.2211
Q	0.0536	1.1967	0.738	1.006	1.0215	0.5518	0.947	1.0564	0.7462
R	0.0379	1.746	0.7359	0.1129	1.2287	0.1452	0.8853	1.3639	0.737
S	0.0414	0.7128	1.0451	1.7115	0.8167	1.2336	0.6134	0.6613	0.8356
T	0.0773	1.1169	0.7278	1.6047	1.1796	1.3465	0.8882	0.9828	0.8626
V	0.9818	1.9381	1.6537	1.5473	1.1748	0.8317	0.8962	1.1159	2.5825
W	4.5203	0.5113	0.7573	0.5029	0.5821	0.0692	0.8178	0.1923	0.105
Y	10.5593	1.1473	2.3838	0.4398	1.1258	0.1432	1.1734	1.0418	0.5051

pepL	alpha	w_s
12	99.5307	0.083	0.1488	0	0.3949	0.3734
13	98.9575	0.0263	0.0764	0.2382	0.4675	0.1916
14	98.3294	0.0043	0.0259	0.161	0	0.4702	0.2977	0.0409
15	98.0139	0.0017	0.0096	0.0839	0.376	0.4093	0.0998	0.0197
16	98.2233	8e-04	0.0022	0.03	0.2337	0	0.5219	0.1563	0.0471	0.0079
17	98.735	8e-04	0.0019	0.0146	0.1152	0.4293	0.2806	0.114	0.0363	0.0072
18	99.2174	5e-04	0.0013	0.0066	0.0433	0.2908	0	0.3312	0.218	0.0767	0.0267	0.005
19	99.5133	0.001	0.0012	0.0074	0.029	0.145	0.2323	0.2918	0.1844	0.0762	0.0263	0.0055
20	99.691	0.001	0.0012	0.0048	0.0176	0.0704	0.1449	0	0.2809	0.2454	0.1596	0.0505	0.0192	0.0045
21	99.7886	0.0013	0.002	0.0054	0.0189	0.0569	0.1038	0.1383	0.2554	0.2215	0.1327	0.043	0.0166	0.0041
