Allele	BoLA_DRB3_024_22
Type	Standard
n_specificities	1
npep_u	1
npep_t	5000
spec_ids	1
L_core	9
L_N	0
L_C	0
CS_perL	1
pepL_lower	12
pepL_upper	21
n_diff_aa	20

PWM_norm.1	P1	P2	P3	P4	P5	P6	P7	P8	P9
A	0.1598	1.2763	1.6086	2.5215	1.1183	1.4359	1.0597	1.1812	0.8902
C	0.0686	0.1405	0.1483	0.1974	0.1044	0.4629	0.45	0.116	0.3161
D	0.0465	0.7383	0.249	1.6527	1.0361	2.8241	0.9139	0.5499	0.2254
E	0.0361	1.5	0.5767	0.7669	0.9848	0.7233	0.9838	0.9164	0.4268
F	1.2075	0.8432	1.2908	0.7902	0.5422	0.2961	1.4266	0.6052	1.532
G	0.0913	0.4409	0.7083	0.4762	0.5226	0.669	0.8045	0.9468	0.8092
H	0.0557	1.5903	1.1005	0.9704	0.9161	0.5077	1.5768	1.5282	0.5552
I	8.8482	1.1394	1.4792	1.0857	1.521	1.1716	1.0959	1.0162	0.7686
K	0.0511	1.2703	0.9357	0.26	1.839	0.2777	0.9652	1.5537	3.1331
L	2.6807	0.7134	0.6825	0.4141	0.9038	0.6258	1.0921	1.0855	0.7983
M	1.5984	0.6048	1.3932	0.5645	0.7446	0.5824	1.1075	0.5538	1.4384
N	0.0572	1.1087	0.6998	1.0297	0.9273	2.8166	1.5021	0.9038	0.492
P	0.0827	0.0739	1.05	0.1333	0.6677	0.5479	0.8541	1.2759	0.1427
Q	0.0401	1.3137	1.2231	0.5123	1.1027	0.725	1.075	1.0813	0.6922
R	0.0421	1.352	1.0402	0.2127	1.2615	0.1847	0.9442	1.4304	3.162
S	0.0434	0.8751	1.2455	1.6803	0.5917	1.3104	0.6784	0.746	0.5914
T	0.1511	1.279	0.631	2.6367	1.1411	1.6992	0.7833	0.863	0.4817
V	3.5484	1.5337	1.2146	1.8116	1.7382	1.6598	0.9322	0.997	0.9975
W	0.3015	0.651	1.1695	0.295	0.2197	0.1728	1.42	0.3334	0.6787
Y	0.2197	1.2012	2.2972	0.2685	0.9957	0.2898	1.4124	1.0766	2.3507

pepL	alpha	w_s
12	99.5307	0.083	0.1488	0	0.3949	0.3734
13	98.9575	0.0263	0.0764	0.2382	0.4675	0.1916
14	98.3294	0.0043	0.0259	0.161	0	0.4702	0.2977	0.0409
15	98.0139	0.0017	0.0096	0.0839	0.376	0.4093	0.0998	0.0197
16	98.2233	8e-04	0.0022	0.03	0.2337	0	0.5219	0.1563	0.0471	0.0079
17	98.735	8e-04	0.0019	0.0146	0.1152	0.4293	0.2806	0.114	0.0363	0.0072
18	99.2174	5e-04	0.0013	0.0066	0.0433	0.2908	0	0.3312	0.218	0.0767	0.0267	0.005
19	99.5133	0.001	0.0012	0.0074	0.029	0.145	0.2323	0.2918	0.1844	0.0762	0.0263	0.0055
20	99.691	0.001	0.0012	0.0048	0.0176	0.0704	0.1449	0	0.2809	0.2454	0.1596	0.0505	0.0192	0.0045
21	99.7886	0.0013	0.002	0.0054	0.0189	0.0569	0.1038	0.1383	0.2554	0.2215	0.1327	0.043	0.0166	0.0041
