Allele	BoLA_DRB3_019_03
Type	Standard
n_specificities	1
npep_u	1
npep_t	5000
spec_ids	1
L_core	9
L_N	0
L_C	0
CS_perL	1
pepL_lower	12
pepL_upper	21
n_diff_aa	20

PWM_norm.1	P1	P2	P3	P4	P5	P6	P7	P8	P9
A	0.1814	0.971	1.4815	1.9721	0.7746	0.6272	0.9032	1.0392	0.3289
C	0.1358	0.118	0.3191	0.1235	0.1486	0.1364	0.156	0.1645	0.1262
D	0.0782	0.5546	0.4037	8.4969	1.3753	0.7821	0.8668	0.7135	0.2238
E	0.0708	1.1045	0.6979	0.5703	1.523	0.5947	2.2659	1.0608	0.1833
F	4.4889	0.8507	1.0737	0.5766	0.6363	0.1778	0.6888	0.7935	3.0786
G	0.1469	0.3361	0.5972	0.3959	0.839	0.1693	0.5248	0.7587	0.1144
H	0.1638	1.4432	0.7858	0.3022	1.0962	1.6902	1.1955	1.1472	0.2308
I	6.0096	1.5947	2.2462	0.4355	1.0662	1.8406	1.0273	1.1728	4.2282
K	0.1024	1.7443	0.9462	0.0663	1.8866	3.4037	0.4613	1.5028	0.1389
L	2.2933	0.8388	0.9202	0.1656	0.6243	0.9273	0.9548	1.0603	2.5594
M	1.669	0.5271	1.333	0.2583	0.6653	0.5458	0.4944	0.7805	1.8955
N	0.1212	1.0223	0.8979	0.9367	1.0437	0.9228	2.84	0.9698	0.3541
P	0.1225	0.0548	1.1284	0.0369	0.9195	0.3342	1.2011	1.1732	0.0773
Q	0.0784	1.2417	0.8793	0.4025	1.1	0.9288	1.0318	1.1018	0.2765
R	0.0955	1.734	0.8779	0.056	1.1286	2.3753	0.3027	1.297	0.1443
S	0.0717	0.7046	0.8629	1.6884	0.7177	0.2771	0.8288	0.7321	0.1409
T	0.192	1.109	0.7902	1.0994	1.271	0.9559	0.7297	0.8726	0.3723
V	2.448	1.94	1.4579	0.7651	0.991	1.9343	1.1549	1.0479	2.8694
W	2.2275	0.5062	0.5861	0.1133	0.4405	0.1461	0.5186	0.5115	1.0837
Y	2.337	1.153	1.744	0.1097	0.8972	0.2274	1.2739	1.2902	3.2828

pepL	alpha	w_s
12	99.5307	0.083	0.1488	0	0.3949	0.3733
13	98.9574	0.0263	0.0764	0.2382	0.4675	0.1916
14	98.3293	0.0043	0.0259	0.161	0	0.4702	0.2976	0.0409
15	98.0138	0.0017	0.0096	0.0839	0.3761	0.4093	0.0998	0.0197
16	98.2233	8e-04	0.0022	0.03	0.2337	0	0.522	0.1562	0.0472	0.0079
17	98.7349	8e-04	0.0019	0.0146	0.1152	0.4294	0.2806	0.114	0.0362	0.0072
18	99.2174	5e-04	0.0013	0.0066	0.0433	0.2908	0	0.3312	0.218	0.0767	0.0267	0.005
19	99.5134	0.001	0.0012	0.0074	0.029	0.145	0.2323	0.2917	0.1843	0.0762	0.0263	0.0055
20	99.6911	0.001	0.0012	0.0048	0.0176	0.0704	0.1449	0	0.2809	0.2453	0.1596	0.0505	0.0192	0.0045
21	99.7886	0.0013	0.002	0.0054	0.0189	0.0569	0.1038	0.1384	0.2552	0.2215	0.1327	0.043	0.0166	0.0041
