Allele	BoLA_DRB3_024_13
Type	Standard
n_specificities	1
npep_u	1
npep_t	5000
spec_ids	1
L_core	9
L_N	0
L_C	0
CS_perL	1
pepL_lower	12
pepL_upper	21
n_diff_aa	20

PWM_norm.1	P1	P2	P3	P4	P5	P6	P7	P8	P9
A	0.0896	1.3819	1.5994	2.8571	1.0078	1.2777	1.7126	1.1786	2.9915
C	0.0511	0.0859	0.1646	0.1526	0.1497	0.5083	0.4447	0.1131	0.2264
D	0.0347	0.6727	0.2153	1.0954	1.0871	2.6254	0.8935	0.5371	0.4185
E	0.0549	1.7044	0.5717	0.3672	0.9972	0.7362	0.8827	0.9166	0.4532
F	8.5177	0.8393	1.164	0.8769	0.4711	0.274	1.2454	0.6046	0.2364
G	0.0609	0.4529	0.5957	0.54	0.6487	0.7143	0.9528	0.9621	2.9595
H	0.1257	1.6694	1.1105	2.468	1.1541	0.6681	1.1805	1.5437	0.8422
I	2.7942	0.9773	1.7342	0.9854	1.1647	1.3166	1.0145	1.0119	0.3293
K	0.0562	1.1873	0.9298	0.1331	1.858	0.242	0.7011	1.5625	0.2691
L	1.3764	0.683	0.897	0.2128	0.9189	0.6604	1.1711	1.0918	0.1742
M	0.9048	0.4878	0.9682	0.2567	0.7498	0.5916	1.0036	0.5453	0.3262
N	0.0706	1.3314	0.7308	0.7933	0.8584	3.0418	1.1843	0.8962	0.8888
P	0.0383	0.0706	1.2131	0.2267	0.7969	0.5118	0.7588	1.2711	0.3627
Q	0.0511	1.3149	1.1684	0.2576	0.9806	0.8661	0.9167	1.0865	2.897
R	0.0397	1.2296	1.0696	0.0865	1.3304	0.221	0.9563	1.4361	0.2309
S	0.0409	0.9684	0.9158	2.4885	0.6799	1.2989	0.7697	0.7431	2.2102
T	0.0763	1.4653	0.5839	2.1412	1.0332	1.615	0.8653	0.862	0.635
V	0.9921	1.1942	1.4295	1.9898	1.7273	1.5613	0.9894	0.984	0.4172
W	4.4804	0.4664	0.9497	0.216	0.3946	0.187	1.1469	0.333	0.071
Y	10.1766	1.2296	2.3325	0.1552	0.9015	0.3331	1.243	1.0692	0.1724

pepL	alpha	w_s
12	99.5307	0.083	0.1488	0	0.3949	0.3733
13	98.9574	0.0263	0.0764	0.2382	0.4675	0.1916
14	98.3293	0.0043	0.0259	0.161	0	0.4702	0.2976	0.0409
15	98.0138	0.0017	0.0096	0.0839	0.3761	0.4093	0.0998	0.0197
16	98.2233	8e-04	0.0022	0.03	0.2337	0	0.522	0.1562	0.0472	0.0079
17	98.7349	8e-04	0.0019	0.0146	0.1152	0.4294	0.2806	0.114	0.0362	0.0072
18	99.2174	5e-04	0.0013	0.0066	0.0433	0.2908	0	0.3312	0.218	0.0767	0.0267	0.005
19	99.5134	0.001	0.0012	0.0074	0.029	0.145	0.2323	0.2917	0.1843	0.0762	0.0263	0.0055
20	99.6911	0.001	0.0012	0.0048	0.0176	0.0704	0.1449	0	0.2809	0.2453	0.1596	0.0505	0.0192	0.0045
21	99.7886	0.0013	0.002	0.0054	0.0189	0.0569	0.1038	0.1384	0.2552	0.2215	0.1327	0.043	0.0166	0.0041
