Allele	BoLA_DRB3_105_01
Type	Standard
n_specificities	1
npep_u	1
npep_t	5000
spec_ids	1
L_core	9
L_N	0
L_C	0
CS_perL	1
pepL_lower	12
pepL_upper	21
n_diff_aa	20

PWM_norm.1	P1	P2	P3	P4	P5	P6	P7	P8	P9
A	0.1391	0.9786	1.717	3.5514	1.2218	0.472	0.8433	1.0939	1.2562
C	0.0583	0.1182	0.2089	0.1452	0.1654	0.0424	0.2776	0.1081	0.4392
D	0.0402	0.5555	0.369	0.1461	0.9366	0.3344	0.6435	0.5678	0.1017
E	0.0321	1.1065	0.6892	0.0984	1.0628	0.23	0.9551	0.7548	0.1199
F	0.8712	0.8442	1.3272	0.8549	0.7882	0.1054	1.1183	0.3915	0.7951
G	0.0626	0.3341	0.7665	0.4975	0.4777	0.1241	0.6266	0.9039	0.3037
H	0.041	1.4506	1.0286	1.5549	0.8972	0.6717	2.29	1.1699	0.1983
I	8.7661	1.5874	1.5927	1.159	1.9145	1.131	1.1302	1.2447	2.9523
K	0.0339	1.7251	0.8277	0.816	1.6249	7.2571	1.4874	1.6311	0.1013
L	2.7494	0.856	0.6246	0.3787	0.9287	0.7403	1.2304	1.0727	2.638
M	1.3964	0.5286	1.616	0.2005	1.07	0.2807	0.8497	0.6405	0.8473
N	0.0398	1.0179	0.81	1.0472	0.9362	0.2573	1.7733	1.0421	0.6297
P	0.0759	0.0529	1.0582	0.074	0.6774	0.2394	0.574	1.5552	0.1069
Q	0.0349	1.1967	1.1111	0.2205	1.4262	0.3842	1.3516	1.0564	0.423
R	0.0305	1.746	0.7879	0.6017	0.775	3.507	1.1528	1.3639	0.1786
S	0.033	0.7128	1.2883	1.281	0.4376	0.1709	0.5297	0.6613	0.5263
T	0.1218	1.1169	0.722	2.608	1.2293	0.6242	0.6427	0.9828	0.8004
V	3.9808	1.9381	1.0701	2.4268	1.3612	1.0769	0.9232	1.1159	4.1048
W	0.1798	0.5113	1.1167	0.3486	0.3435	0.082	1.2116	0.1923	0.0789
Y	0.1653	1.1473	1.9939	0.2986	1.4314	0.108	1.587	1.0418	1.1131

pepL	alpha	w_s
12	99.5307	0.083	0.1488	0	0.3949	0.3734
13	98.9575	0.0263	0.0764	0.2382	0.4675	0.1916
14	98.3294	0.0043	0.0259	0.161	0	0.4702	0.2977	0.0409
15	98.0139	0.0017	0.0096	0.0839	0.376	0.4093	0.0998	0.0197
16	98.2233	8e-04	0.0022	0.03	0.2337	0	0.5219	0.1563	0.0471	0.0079
17	98.735	8e-04	0.0019	0.0146	0.1152	0.4293	0.2806	0.114	0.0363	0.0072
18	99.2174	5e-04	0.0013	0.0066	0.0433	0.2908	0	0.3312	0.218	0.0767	0.0267	0.005
19	99.5133	0.001	0.0012	0.0074	0.029	0.145	0.2323	0.2918	0.1844	0.0762	0.0263	0.0055
20	99.691	0.001	0.0012	0.0048	0.0176	0.0704	0.1449	0	0.2809	0.2454	0.1596	0.0505	0.0192	0.0045
21	99.7886	0.0013	0.002	0.0054	0.0189	0.0569	0.1038	0.1383	0.2554	0.2215	0.1327	0.043	0.0166	0.0041
