Allele	BoLA_DRB3_020_03
Type	Standard
n_specificities	1
npep_u	1
npep_t	5000
spec_ids	1
L_core	9
L_N	0
L_C	0
CS_perL	1
pepL_lower	12
pepL_upper	21
n_diff_aa	20

PWM_norm.1	P1	P2	P3	P4	P5	P6	P7	P8	P9
A	0.1598	0.9786	1.4937	0.2179	1.0768	3.1636	1.1123	1.1812	2.0601
C	0.0686	0.1182	0.2837	0.0541	0.2827	0.6463	0.2048	0.116	0.6612
D	0.0465	0.5555	0.3086	0.0429	1.2274	0.6567	0.7652	0.5499	0.5786
E	0.0361	1.1065	0.6046	0.1169	0.8948	0.7352	0.731	0.9164	0.5514
F	1.2075	0.8442	1.0001	0.3653	0.5984	0.2533	1.2604	0.6052	0.7291
G	0.0913	0.3341	0.6714	0.0303	0.84	2.07	1.1685	0.9468	1.8015
H	0.0557	1.4506	0.9263	0.0357	1.11	0.2484	1.7617	1.5282	0.5901
I	8.8482	1.5874	1.992	1.9228	0.9092	0.8485	1.2785	1.0162	1.1506
K	0.0511	1.7251	0.9113	0.0344	1.5562	0.106	1.3967	1.5537	0.4428
L	2.6807	0.856	0.9441	7.7868	0.5153	0.4411	1.1957	1.0855	0.8706
M	1.5984	0.5286	1.0684	2.3347	0.8423	0.3883	1.0499	0.5538	0.9822
N	0.0572	1.0179	0.8236	0.0485	1.3686	1.5386	1.1373	0.9038	1.01
P	0.0827	0.0529	0.9493	0.0118	1.4728	1.171	1.134	1.2759	0.2815
Q	0.0401	1.1967	1.1118	0.1607	0.8944	0.7341	0.9862	1.0813	0.6669
R	0.0421	1.746	1.248	0.0279	1.1674	0.0925	1.3164	1.4304	0.5895
S	0.0434	0.7128	0.8692	0.0528	1.0683	1.3109	0.4739	0.746	1.4329
T	0.1511	1.1169	0.9005	0.0886	1.2278	1.2033	0.5126	0.863	1.2212
V	3.5484	1.9381	1.3831	0.4808	0.9173	1.4252	0.7405	0.997	1.6199
W	0.3015	0.5113	0.8635	0.0494	0.6007	0.0979	1.1794	0.3334	0.2569
Y	0.2197	1.1473	1.6828	0.1746	0.8431	0.1678	0.9478	1.0766	1.0347

pepL	alpha	w_s
12	99.5307	0.083	0.1488	0	0.3949	0.3734
13	98.9575	0.0263	0.0764	0.2382	0.4675	0.1916
14	98.3294	0.0043	0.0259	0.161	0	0.4702	0.2977	0.0409
15	98.0139	0.0017	0.0096	0.0839	0.376	0.4093	0.0998	0.0197
16	98.2233	8e-04	0.0022	0.03	0.2337	0	0.5219	0.1563	0.0471	0.0079
17	98.735	8e-04	0.0019	0.0146	0.1152	0.4293	0.2806	0.114	0.0363	0.0072
18	99.2174	5e-04	0.0013	0.0066	0.0433	0.2908	0	0.3312	0.218	0.0767	0.0267	0.005
19	99.5133	0.001	0.0012	0.0074	0.029	0.145	0.2323	0.2918	0.1844	0.0762	0.0263	0.0055
20	99.691	0.001	0.0012	0.0048	0.0176	0.0704	0.1449	0	0.2809	0.2454	0.1596	0.0505	0.0192	0.0045
21	99.7886	0.0013	0.002	0.0054	0.0189	0.0569	0.1038	0.1383	0.2554	0.2215	0.1327	0.043	0.0166	0.0041
