Allele	BoLA_DRB3_011_03
Type	Standard
n_specificities	1
npep_u	1
npep_t	5000
spec_ids	1
L_core	9
L_N	0
L_C	0
CS_perL	1
pepL_lower	12
pepL_upper	21
n_diff_aa	20

PWM_norm.1	P1	P2	P3	P4	P5	P6	P7	P8	P9
A	0.1514	1.0776	1.352	1.1493	0.7111	0.8004	1.1165	1.1786	2.1505
C	0.0752	0.1232	0.2941	0.2711	0.2448	0.2658	0.2123	0.1131	0.5123
D	0.0461	0.6847	0.4106	2.5901	1.2582	2.8823	0.9224	0.5371	1.0933
E	0.034	1.077	0.7465	1.6736	1.4391	1.6433	1.1512	0.9166	0.5989
F	1.2848	0.7443	1.4535	1.1951	0.542	0.1975	1.477	0.6046	0.2992
G	0.0928	0.4347	0.5135	0.3371	0.8051	0.2218	0.7058	0.9621	1.6156
H	0.0565	2.6404	1.2532	1.0676	1.0374	0.5239	1.6303	1.5437	0.7644
I	8.7075	1.2042	1.8984	2.209	1.1151	2.2773	1.3874	1.0119	0.7483
K	0.0468	1.4381	0.9766	0.0799	1.6174	0.2292	0.5635	1.5625	0.4491
L	2.8025	0.6612	0.8884	0.8645	0.6922	1.2558	0.8744	1.0918	0.6481
M	1.498	0.5571	1.1773	1.0289	0.8358	0.9581	0.6574	0.5453	0.5833
N	0.0555	1.477	0.7327	0.8543	0.868	1.9175	1.5965	0.8962	2.5429
P	0.0887	0.0634	1.1004	0.189	0.8622	0.3323	1.6851	1.2711	0.3264
Q	0.0383	1.4608	1.0531	0.8489	1.1162	0.8361	0.8913	1.0865	1.5632
R	0.0451	1.5543	0.7195	0.0692	1.2744	0.1692	0.5742	1.4361	0.3797
S	0.0404	0.9015	0.7257	1.2824	0.7647	0.4899	0.658	0.7431	1.5239
T	0.1519	1.2624	0.6503	1.3156	1.1927	1.1812	0.9028	0.862	0.8845
V	3.4569	1.292	1.5672	1.551	1.4065	2.2312	1.0336	0.984	1.2774
W	0.3205	0.7138	1.1659	0.2251	0.5185	0.1421	1.019	0.333	0.1256
Y	0.1975	1.1661	2.482	0.2215	0.8731	0.3164	1.4731	1.0692	0.3832

pepL	alpha	w_s
12	99.5307	0.083	0.1488	0	0.3949	0.3733
13	98.9574	0.0263	0.0764	0.2382	0.4675	0.1916
14	98.3293	0.0043	0.0259	0.161	0	0.4702	0.2976	0.0409
15	98.0138	0.0017	0.0096	0.0839	0.3761	0.4093	0.0998	0.0197
16	98.2233	8e-04	0.0022	0.03	0.2337	0	0.522	0.1562	0.0472	0.0079
17	98.7349	8e-04	0.0019	0.0146	0.1152	0.4294	0.2806	0.114	0.0362	0.0072
18	99.2174	5e-04	0.0013	0.0066	0.0433	0.2908	0	0.3312	0.218	0.0767	0.0267	0.005
19	99.5134	0.001	0.0012	0.0074	0.029	0.145	0.2323	0.2917	0.1843	0.0762	0.0263	0.0055
20	99.6911	0.001	0.0012	0.0048	0.0176	0.0704	0.1449	0	0.2809	0.2453	0.1596	0.0505	0.0192	0.0045
21	99.7886	0.0013	0.002	0.0054	0.0189	0.0569	0.1038	0.1384	0.2552	0.2215	0.1327	0.043	0.0166	0.0041
