Allele	BoLA_DRB3_009_01
Type	Standard
n_specificities	1
npep_u	1
npep_t	5000
spec_ids	1
L_core	9
L_N	0
L_C	0
CS_perL	1
pepL_lower	12
pepL_upper	21
n_diff_aa	20

PWM_norm.1	P1	P2	P3	P4	P5	P6	P7	P8	P9
A	0.0896	1.3819	1.5438	2.0651	0.8486	0.9458	0.8616	1.1786	0.6418
C	0.0511	0.0859	0.2872	0.2959	0.1901	0.264	0.1754	0.1131	0.2766
D	0.0347	0.6727	0.4443	1.2091	1.3618	0.5338	0.9496	0.5371	0.2632
E	0.0549	1.7044	0.7062	0.3815	1.412	0.4703	2.4852	0.9166	0.4734
F	8.5177	0.8393	1.2583	1.1226	0.6842	0.6122	0.4992	0.6046	1.245
G	0.0609	0.4529	0.6576	0.7903	0.8001	0.3516	0.6102	0.9621	0.4038
H	0.1257	1.6694	1.0274	2.3159	1.3093	1.3778	1.3158	1.5437	0.4352
I	2.7942	0.9773	2.0579	0.9555	0.9668	2.9069	0.9581	1.0119	0.7486
K	0.0562	1.1873	0.9851	0.1829	1.8375	1.0796	0.5107	1.5625	1.7797
L	1.3764	0.683	0.813	0.2444	0.6775	1.4925	0.8804	1.0918	0.9478
M	0.9048	0.4878	1.2486	0.2879	0.5919	1.1992	0.4099	0.5453	1.6293
N	0.0706	1.3314	0.8418	3.3482	1.1009	1.3878	3.0086	0.8962	0.5386
P	0.0383	0.0706	1.0574	0.1898	0.98	0.5833	1.046	1.2711	0.0786
Q	0.0511	1.3149	0.9477	0.6411	1.2466	1.275	1.2822	1.0865	0.5597
R	0.0397	1.2296	0.6753	0.1785	1.0365	0.9489	0.3111	1.4361	5.0698
S	0.0409	0.9684	0.8892	1.9086	0.7252	0.3431	0.7893	0.7431	0.4064
T	0.0763	1.4653	0.671	1.5294	1.2366	0.9055	0.7406	0.862	0.3853
V	0.9921	1.1942	1.3482	1.5845	0.9242	2.1571	0.9766	0.984	1.0216
W	4.4804	0.4664	0.9518	0.7734	0.4165	0.3284	0.4416	0.333	0.3142
Y	10.1766	1.2296	2.3757	0.3497	0.8713	0.5228	1.1084	1.0692	3.7825

pepL	alpha	w_s
12	99.5307	0.083	0.1488	0	0.3949	0.3733
13	98.9574	0.0263	0.0764	0.2382	0.4675	0.1916
14	98.3293	0.0043	0.0259	0.161	0	0.4702	0.2976	0.0409
15	98.0138	0.0017	0.0096	0.0839	0.3761	0.4093	0.0998	0.0197
16	98.2233	8e-04	0.0022	0.03	0.2337	0	0.522	0.1562	0.0472	0.0079
17	98.7349	8e-04	0.0019	0.0146	0.1152	0.4294	0.2806	0.114	0.0362	0.0072
18	99.2174	5e-04	0.0013	0.0066	0.0433	0.2908	0	0.3312	0.218	0.0767	0.0267	0.005
19	99.5134	0.001	0.0012	0.0074	0.029	0.145	0.2323	0.2917	0.1843	0.0762	0.0263	0.0055
20	99.6911	0.001	0.0012	0.0048	0.0176	0.0704	0.1449	0	0.2809	0.2453	0.1596	0.0505	0.0192	0.0045
21	99.7886	0.0013	0.002	0.0054	0.0189	0.0569	0.1038	0.1384	0.2552	0.2215	0.1327	0.043	0.0166	0.0041
