Allele	BoLA_DRB3_013_01
Type	Standard
n_specificities	1
npep_u	1
npep_t	5000
spec_ids	1
L_core	9
L_N	0
L_C	0
CS_perL	1
pepL_lower	12
pepL_upper	21
n_diff_aa	20

PWM_norm.1	P1	P2	P3	P4	P5	P6	P7	P8	P9
A	0.1598	0.9786	1.4683	1.2083	1.072	2.6658	1.3454	1.1812	2.8823
C	0.0686	0.1182	0.3474	0.2314	0.2792	0.2989	0.2319	0.116	0.236
D	0.0465	0.5555	0.4121	1.7523	1.1739	0.3287	0.8403	0.5499	0.4497
E	0.0361	1.1065	0.6688	0.9199	1.1004	0.31	1.3937	0.9164	0.4846
F	1.2075	0.8442	1.1583	0.3395	0.638	0.2357	0.5804	0.6052	0.2476
G	0.0913	0.3341	0.6012	0.5069	0.685	1.2754	1.1092	0.9468	2.954
H	0.0557	1.4506	0.8028	0.4491	1.1696	0.4137	0.8304	1.5282	0.883
I	8.8482	1.5874	2.2495	0.6296	1.0731	2.0466	1.0933	1.0162	0.3248
K	0.0511	1.7251	0.9267	0.1481	1.4979	0.2432	0.5142	1.5537	0.2833
L	2.6807	0.856	0.9042	0.2723	0.7014	0.7289	0.7576	1.0855	0.1751
M	1.5984	0.5286	1.3498	0.3596	0.842	0.4516	0.5884	0.5538	0.3138
N	0.0572	1.0179	0.915	8.2738	1.0583	1.7962	2.6269	0.9038	0.9326
P	0.0827	0.0529	1.1054	0.1036	1.2336	1.9059	0.6482	1.2759	0.3804
Q	0.0401	1.1967	0.9109	1.1267	1.2048	0.5806	1.1647	1.0813	2.8359
R	0.0421	1.746	0.8265	0.1313	1.011	0.1786	0.4484	1.4304	0.2655
S	0.0434	0.7128	0.8742	1.7527	0.7902	0.7239	0.9982	0.746	2.1883
T	0.1511	1.1169	0.8169	1.1125	1.1312	1.0983	1.1782	0.863	0.6405
V	3.5484	1.9381	1.4084	0.8734	1.2311	2.2617	1.4553	0.997	0.4338
W	0.3015	0.5113	0.748	0.2657	0.527	0.0512	0.5416	0.3334	0.0731
Y	0.2197	1.1473	1.7927	0.1271	1.002	0.1323	0.8715	1.0766	0.2052

pepL	alpha	w_s
12	99.5307	0.083	0.1488	0	0.3949	0.3734
13	98.9575	0.0263	0.0764	0.2382	0.4675	0.1916
14	98.3294	0.0043	0.0259	0.161	0	0.4702	0.2977	0.0409
15	98.0139	0.0017	0.0096	0.0839	0.376	0.4093	0.0998	0.0197
16	98.2233	8e-04	0.0022	0.03	0.2337	0	0.5219	0.1563	0.0471	0.0079
17	98.735	8e-04	0.0019	0.0146	0.1152	0.4293	0.2806	0.114	0.0363	0.0072
18	99.2174	5e-04	0.0013	0.0066	0.0433	0.2908	0	0.3312	0.218	0.0767	0.0267	0.005
19	99.5133	0.001	0.0012	0.0074	0.029	0.145	0.2323	0.2918	0.1844	0.0762	0.0263	0.0055
20	99.691	0.001	0.0012	0.0048	0.0176	0.0704	0.1449	0	0.2809	0.2454	0.1596	0.0505	0.0192	0.0045
21	99.7886	0.0013	0.002	0.0054	0.0189	0.0569	0.1038	0.1383	0.2554	0.2215	0.1327	0.043	0.0166	0.0041
