Allele	BoLA_DRB3_092_01
Type	Standard
n_specificities	1
npep_u	1
npep_t	5000
spec_ids	1
L_core	9
L_N	0
L_C	0
CS_perL	1
pepL_lower	12
pepL_upper	21
n_diff_aa	20

PWM_norm.1	P1	P2	P3	P4	P5	P6	P7	P8	P9
A	0.0896	0.971	1.3285	1.1855	0.8763	0.5964	1.3771	0.9729	0.4283
C	0.0511	0.118	0.3636	0.3711	0.3862	0.2174	0.2092	0.1419	0.1255
D	0.0347	0.5546	0.409	3.2333	1.1068	6.0265	1.1755	0.644	0.1301
E	0.0549	1.1045	0.6618	2.1223	1.0129	0.6368	1.6629	0.7757	0.1264
F	8.5177	0.8507	1.3003	1.0974	0.6103	0.1321	0.6354	0.514	1.9473
G	0.0609	0.3361	0.5028	0.2596	0.8858	0.2767	1.0192	0.7762	0.0996
H	0.1257	1.4432	0.7357	0.272	1.0101	0.7586	0.7624	0.9403	0.1669
I	2.7942	1.5947	2.2349	1.5436	1.0217	0.9728	1.2467	1.4054	5.7364
K	0.0562	1.7443	1.0605	0.0824	1.6455	0.2644	0.3785	1.6146	0.0715
L	1.3764	0.8388	0.9575	0.9118	0.5707	0.4862	1.0912	1.0371	2.7143
M	0.9048	0.5271	1.2558	1.7101	0.9249	0.4602	0.9273	0.8387	1.0562
N	0.0706	1.0223	0.6489	1.1462	1.0658	4.1321	2.1515	1.1172	0.2742
P	0.0383	0.0548	1.0138	0.0556	1.299	0.2436	0.7901	1.5425	0.0842
Q	0.0511	1.2417	0.7042	1.527	1.0048	0.6887	1.0556	1.0018	0.2482
R	0.0397	1.734	0.7479	0.0645	1.2914	0.2116	0.4455	1.2487	0.0829
S	0.0409	0.7046	0.987	1.0626	0.9337	1.0152	0.8761	0.7036	0.121
T	0.0763	1.109	0.7407	0.906	1.2606	1.655	0.8704	1.0539	0.3959
V	0.9921	1.94	1.6433	1.0898	1.0247	1.1625	1.0249	1.1407	3.7246
W	4.4804	0.5062	0.6689	0.3415	0.7225	0.0853	0.4587	0.2582	0.3495
Y	10.1766	1.153	2.3315	0.3318	0.9189	0.1415	0.7488	1.1563	1.4163

pepL	alpha	w_s
12	99.5307	0.083	0.1488	0	0.3949	0.3733
13	98.9574	0.0263	0.0764	0.2382	0.4675	0.1916
14	98.3293	0.0043	0.0259	0.161	0	0.4702	0.2976	0.0409
15	98.0138	0.0017	0.0096	0.0839	0.3761	0.4093	0.0998	0.0197
16	98.2233	8e-04	0.0022	0.03	0.2337	0	0.522	0.1562	0.0472	0.0079
17	98.7349	8e-04	0.0019	0.0146	0.1152	0.4294	0.2806	0.114	0.0362	0.0072
18	99.2174	5e-04	0.0013	0.0066	0.0433	0.2908	0	0.3312	0.218	0.0767	0.0267	0.005
19	99.5134	0.001	0.0012	0.0074	0.029	0.145	0.2323	0.2917	0.1843	0.0762	0.0263	0.0055
20	99.6911	0.001	0.0012	0.0048	0.0176	0.0704	0.1449	0	0.2809	0.2453	0.1596	0.0505	0.0192	0.0045
21	99.7886	0.0013	0.002	0.0054	0.0189	0.0569	0.1038	0.1384	0.2552	0.2215	0.1327	0.043	0.0166	0.0041
