Allele	BoLA_DRB3_084_01
Type	Standard
n_specificities	1
npep_u	1
npep_t	5000
spec_ids	1
L_core	9
L_N	0
L_C	0
CS_perL	1
pepL_lower	12
pepL_upper	21
n_diff_aa	20

PWM_norm.1	P1	P2	P3	P4	P5	P6	P7	P8	P9
A	0.0896	0.971	1.4495	2.3578	0.8478	0.6737	1.4827	1.0644	0.9683
C	0.0511	0.118	0.2291	0.2054	0.271	0.2576	0.2062	0.1741	0.2512
D	0.0347	0.5546	0.2181	1.8664	1.2138	3.8014	0.6946	0.7402	0.5565
E	0.0549	1.1045	0.5419	0.7469	1.2502	0.7069	1.0563	0.887	0.5681
F	8.5177	0.8507	1.2896	0.8525	0.5566	0.1994	0.7456	0.74	2.0419
G	0.0609	0.3361	0.3853	0.3704	0.7934	0.2671	1.7254	0.8153	0.4644
H	0.1257	1.4432	0.7045	0.7821	1.1172	1.5676	1.1614	1.0982	0.3849
I	2.7942	1.5947	2.2133	0.8999	1.1608	1.1769	1.4637	1.2216	4.2318
K	0.0562	1.7443	1.0243	0.0886	1.8278	1.1567	0.6898	1.5537	0.1663
L	1.3764	0.8388	1.013	0.315	0.7047	0.5982	1.2552	1.0214	1.8572
M	0.9048	0.5271	1.2868	0.3538	0.828	0.6554	1.0684	0.6684	1.4374
N	0.0706	1.0223	0.6495	1.6947	0.926	2.9059	1.4402	1.0545	0.4137
P	0.0383	0.0548	1.2905	0.0602	1.0343	0.3116	0.7931	1.269	0.1972
Q	0.0511	1.2417	0.8186	0.6105	0.9793	0.921	0.8925	0.9768	0.6681
R	0.0397	1.734	0.8093	0.0669	1.2263	0.782	0.6802	1.3668	0.268
S	0.0409	0.7046	0.9925	2.7284	0.6859	0.7649	0.6766	0.8432	0.3018
T	0.0763	1.109	0.5781	1.7584	1.1498	1.6184	0.7327	0.8858	0.6252
V	0.9921	1.94	1.6986	1.6792	1.2757	1.4008	0.8359	1.0389	2.7439
W	4.4804	0.5062	0.5569	0.1716	0.6484	0.1637	0.5672	0.4268	0.457
Y	10.1766	1.153	2.2586	0.1744	0.8848	0.2222	1.0251	1.078	1.328

pepL	alpha	w_s
12	99.5307	0.083	0.1488	0	0.3949	0.3733
13	98.9574	0.0263	0.0764	0.2382	0.4675	0.1916
14	98.3293	0.0043	0.0259	0.161	0	0.4702	0.2976	0.0409
15	98.0138	0.0017	0.0096	0.0839	0.3761	0.4093	0.0998	0.0197
16	98.2233	8e-04	0.0022	0.03	0.2337	0	0.522	0.1562	0.0472	0.0079
17	98.7349	8e-04	0.0019	0.0146	0.1152	0.4294	0.2806	0.114	0.0362	0.0072
18	99.2174	5e-04	0.0013	0.0066	0.0433	0.2908	0	0.3312	0.218	0.0767	0.0267	0.005
19	99.5134	0.001	0.0012	0.0074	0.029	0.145	0.2323	0.2917	0.1843	0.0762	0.0263	0.0055
20	99.6911	0.001	0.0012	0.0048	0.0176	0.0704	0.1449	0	0.2809	0.2453	0.1596	0.0505	0.0192	0.0045
21	99.7886	0.0013	0.002	0.0054	0.0189	0.0569	0.1038	0.1384	0.2552	0.2215	0.1327	0.043	0.0166	0.0041
