Allele	BoLA_DRB3_079_01
Type	Standard
n_specificities	1
npep_u	1
npep_t	5000
spec_ids	1
L_core	9
L_N	0
L_C	0
CS_perL	1
pepL_lower	12
pepL_upper	21
n_diff_aa	20

PWM_norm.1	P1	P2	P3	P4	P5	P6	P7	P8	P9
A	0.1391	1.4655	1.5036	0.9631	0.8232	1.4879	1.0928	1.1812	0.2736
C	0.0583	0.1005	0.2595	0.2908	0.2079	0.1985	0.1542	0.116	0.0823
D	0.0402	0.6538	0.4481	5.4584	1.2901	0.8057	0.5567	0.5499	0.1076
E	0.0321	1.7354	0.7102	1.1745	1.1747	0.4557	0.5893	0.9164	0.2862
F	0.8712	0.7927	1.2764	1.3493	0.5719	0.2733	1.2363	0.6052	1.1488
G	0.0626	0.46	0.673	0.3389	0.7857	0.7567	2.1124	0.9468	0.2604
H	0.041	1.5931	1.0395	1.3582	1.2307	1.1848	2.1949	1.5282	0.2513
I	8.7661	0.9289	2.0435	1.5166	0.6558	2.0985	1.2983	1.0162	0.333
K	0.0339	1.1939	0.9419	0.1586	1.3141	1.095	1.1823	1.5537	4.4181
L	2.7494	0.6749	0.8072	0.8952	0.3539	0.7821	0.9227	1.0855	0.4707
M	1.3964	0.4812	1.1697	1.3357	0.5118	0.4911	0.7683	0.5538	0.9383
N	0.0398	1.3847	0.8123	0.8345	1.3823	1.916	1.2819	0.9038	0.1765
P	0.0759	0.0719	0.9981	0.1283	2.2555	0.665	0.4658	1.2759	0.0392
Q	0.0349	1.2558	0.9042	0.7835	1.1173	1.1467	0.7237	1.0813	0.2421
R	0.0305	1.2263	0.6302	0.1331	1.1227	0.5668	1.2375	1.4304	6.9687
S	0.033	0.96	0.9401	0.7797	1.1022	0.8793	0.6189	0.746	0.1723
T	0.1218	1.4589	0.7286	0.9843	1.1768	1.7696	0.9243	0.863	0.1601
V	3.9808	1.2283	1.3924	1.001	0.7463	1.8846	0.8672	0.997	0.4564
W	0.1798	0.3642	1.1194	0.5403	0.5549	0.1241	0.7987	0.3334	0.2906
Y	0.1653	1.2166	2.5168	0.4631	0.7686	0.2287	1.4049	1.0766	3.2457

pepL	alpha	w_s
12	99.5307	0.083	0.1488	0	0.3949	0.3734
13	98.9575	0.0263	0.0764	0.2382	0.4675	0.1916
14	98.3294	0.0043	0.0259	0.161	0	0.4702	0.2977	0.0409
15	98.0139	0.0017	0.0096	0.0839	0.376	0.4093	0.0998	0.0197
16	98.2233	8e-04	0.0022	0.03	0.2337	0	0.5219	0.1563	0.0471	0.0079
17	98.735	8e-04	0.0019	0.0146	0.1152	0.4293	0.2806	0.114	0.0363	0.0072
18	99.2174	5e-04	0.0013	0.0066	0.0433	0.2908	0	0.3312	0.218	0.0767	0.0267	0.005
19	99.5133	0.001	0.0012	0.0074	0.029	0.145	0.2323	0.2918	0.1844	0.0762	0.0263	0.0055
20	99.691	0.001	0.0012	0.0048	0.0176	0.0704	0.1449	0	0.2809	0.2454	0.1596	0.0505	0.0192	0.0045
21	99.7886	0.0013	0.002	0.0054	0.0189	0.0569	0.1038	0.1383	0.2554	0.2215	0.1327	0.043	0.0166	0.0041
