Allele	BoLA_DRB3_124_01
Type	Standard
n_specificities	1
npep_u	1
npep_t	5000
spec_ids	1
L_core	9
L_N	0
L_C	0
CS_perL	1
pepL_lower	12
pepL_upper	21
n_diff_aa	20

PWM_norm.1	P1	P2	P3	P4	P5	P6	P7	P8	P9
A	0.1067	0.9786	1.4683	1.4197	0.9572	1.1084	0.944	1.0939	1.494
C	0.0519	0.1182	0.3474	0.3624	0.2368	0.2088	0.2193	0.1081	0.5403
D	0.0398	0.5555	0.4121	1.4262	1.3112	0.6682	1.1641	0.5678	0.272
E	0.0664	1.1065	0.6688	0.7703	1.2732	0.621	2.1712	0.7548	0.3531
F	7.7048	0.8442	1.1583	0.7666	0.648	0.6141	0.6351	0.3915	0.9014
G	0.0614	0.3341	0.6012	0.6107	0.7547	0.4187	0.7385	0.9039	0.6895
H	0.1158	1.4506	0.8028	0.8241	1.2738	1.4286	1.262	1.1699	0.4213
I	2.9156	1.5874	2.2495	0.7888	1.0754	2.3723	1.0765	1.2447	1.7823
K	0.0495	1.7251	0.9267	0.1972	1.6752	0.8199	0.5784	1.6311	0.7274
L	1.5115	0.856	0.9042	0.3919	0.6485	1.2888	1.1915	1.0727	1.5479
M	0.995	0.5286	1.3498	0.4653	0.7416	1.1355	0.5142	0.6405	1.428
N	0.0597	1.0179	0.915	6.4898	1.0249	1.8835	2.0591	1.0421	1.1327
P	0.0478	0.0529	1.1054	0.1203	1.069	0.7513	0.8084	1.5552	0.1905
Q	0.0612	1.1967	0.9109	1.1892	1.1936	1.4793	1.1577	1.0564	0.9535
R	0.0353	1.746	0.8265	0.1632	1.0672	0.7474	0.4576	1.3639	1.2038
S	0.0437	0.7128	0.8742	1.6177	0.7339	0.4254	0.6745	0.6613	0.9068
T	0.0877	1.1169	0.8169	1.1595	1.2369	1.0023	0.7772	0.9828	0.8112
V	1.2306	1.9381	1.4084	1.0968	1.054	1.9989	1.0046	1.1159	2.1145
W	3.9897	0.5113	0.748	0.4863	0.5183	0.277	0.5423	0.1923	0.4362
Y	10.0619	1.1473	1.7927	0.3053	0.9247	0.4271	1.2451	1.0418	1.3752

pepL	alpha	w_s
12	99.5307	0.083	0.1488	0	0.3949	0.3734
13	98.9575	0.0263	0.0764	0.2382	0.4675	0.1916
14	98.3294	0.0043	0.0259	0.161	0	0.4702	0.2977	0.0409
15	98.0139	0.0017	0.0096	0.0839	0.376	0.4093	0.0998	0.0197
16	98.2233	8e-04	0.0022	0.03	0.2337	0	0.5219	0.1563	0.0471	0.0079
17	98.735	8e-04	0.0019	0.0146	0.1152	0.4293	0.2806	0.114	0.0363	0.0072
18	99.2174	5e-04	0.0013	0.0066	0.0433	0.2908	0	0.3312	0.218	0.0767	0.0267	0.005
19	99.5133	0.001	0.0012	0.0074	0.029	0.145	0.2323	0.2918	0.1844	0.0762	0.0263	0.0055
20	99.691	0.001	0.0012	0.0048	0.0176	0.0704	0.1449	0	0.2809	0.2454	0.1596	0.0505	0.0192	0.0045
21	99.7886	0.0013	0.002	0.0054	0.0189	0.0569	0.1038	0.1383	0.2554	0.2215	0.1327	0.043	0.0166	0.0041
