Allele	BoLA_DRB3_024_17
Type	Standard
n_specificities	1
npep_u	1
npep_t	5000
spec_ids	1
L_core	9
L_N	0
L_C	0
CS_perL	1
pepL_lower	12
pepL_upper	21
n_diff_aa	20

PWM_norm.1	P1	P2	P3	P4	P5	P6	P7	P8	P9
A	0.0934	1.3254	1.5164	2.2497	1.0876	3.1636	0.9176	0.988	0.4739
C	0.049	0.1358	0.1725	0.2301	0.2074	0.6463	0.2389	0.0887	0.0817
D	0.0361	0.7995	0.2225	0.1734	1.3184	0.6567	0.6972	0.6084	7.7542
E	0.0576	1.507	0.5153	0.2499	1.0411	0.7352	0.9043	1.0961	4.4551
F	8.2964	0.8579	1.1777	1.1859	0.4601	0.2533	1.351	0.5982	0.1699
G	0.0619	0.4398	0.5562	0.2021	0.653	2.07	0.7619	0.7079	0.7673
H	0.1244	1.6554	0.9671	1.1103	1.0902	0.2484	2.0031	1.0988	0.6679
I	2.7704	1.1286	1.7656	2.2631	1.0535	0.8485	1.1594	1.2147	0.2194
K	0.0618	1.2037	0.9768	0.2563	1.7722	0.106	1.306	1.572	0.1589
L	1.3527	0.7029	0.8917	1.7253	0.6836	0.4411	1.4148	1.3329	0.2221
M	0.9209	0.6278	1.0262	0.9916	0.7618	0.3883	1.2053	0.8079	0.2287
N	0.0713	1.1151	0.7631	0.5057	1.1166	1.5386	1.3923	0.8244	0.6707
P	0.0388	0.0683	1.2173	0.0712	0.9919	1.171	0.8127	1.2362	0.1479
Q	0.0536	1.3136	1.2164	0.2333	0.8832	0.7341	1.284	1.2449	0.7672
R	0.0379	1.3003	1.197	0.1181	1.3174	0.0925	1.1418	1.1846	0.1142
S	0.0414	0.8934	0.9369	1.4901	0.8012	1.3109	0.4614	0.6369	0.4236
T	0.0773	1.2837	0.6459	1.5798	1.1115	1.2033	0.5404	0.8109	0.2849
V	0.9818	1.4741	1.4476	2.6975	1.4066	1.4252	0.8159	1.1319	0.3079
W	4.5203	0.6489	0.7938	0.3134	0.546	0.0979	1.2988	0.3553	0.0679
Y	10.5593	1.2328	2.1408	0.2438	0.9046	0.1678	1.1874	1.0973	0.1443

pepL	alpha	w_s
12	99.5307	0.083	0.1488	0	0.3949	0.3734
13	98.9575	0.0263	0.0764	0.2382	0.4675	0.1916
14	98.3294	0.0043	0.0259	0.161	0	0.4702	0.2977	0.0409
15	98.0139	0.0017	0.0096	0.0839	0.376	0.4093	0.0998	0.0197
16	98.2233	8e-04	0.0022	0.03	0.2337	0	0.5219	0.1563	0.0471	0.0079
17	98.735	8e-04	0.0019	0.0146	0.1152	0.4293	0.2806	0.114	0.0363	0.0072
18	99.2174	5e-04	0.0013	0.0066	0.0433	0.2908	0	0.3312	0.218	0.0767	0.0267	0.005
19	99.5133	0.001	0.0012	0.0074	0.029	0.145	0.2323	0.2918	0.1844	0.0762	0.0263	0.0055
20	99.691	0.001	0.0012	0.0048	0.0176	0.0704	0.1449	0	0.2809	0.2454	0.1596	0.0505	0.0192	0.0045
21	99.7886	0.0013	0.002	0.0054	0.0189	0.0569	0.1038	0.1383	0.2554	0.2215	0.1327	0.043	0.0166	0.0041
