Allele	BoLA_DRB3_111_01
Type	Standard
n_specificities	1
npep_u	1
npep_t	5000
spec_ids	1
L_core	9
L_N	0
L_C	0
CS_perL	1
pepL_lower	12
pepL_upper	21
n_diff_aa	20

PWM_norm.1	P1	P2	P3	P4	P5	P6	P7	P8	P9
A	0.0934	0.9786	1.2908	0.8022	0.9382	0.5075	0.9785	0.9805	0.6102
C	0.049	0.1182	0.3777	0.2552	0.3123	0.1478	0.1341	0.1459	0.1367
D	0.0361	0.5555	0.343	0.616	1.2821	7.2912	3.0137	0.6786	0.1559
E	0.0576	1.1065	0.5928	0.649	1.2749	0.8797	1.6035	0.7512	0.1269
F	8.2964	0.8442	1.2856	5.1171	0.5329	0.1193	0.7163	0.4879	1.1634
G	0.0619	0.3341	0.4343	0.336	0.6978	0.272	1.1994	0.8153	0.1139
H	0.1244	1.4506	0.7088	1.2729	0.9421	0.8391	0.8705	0.9494	0.1398
I	2.7704	1.5874	2.228	1.3086	1.0302	0.6301	1.169	1.3566	5.9052
K	0.0618	1.7251	1.0678	0.3714	1.4917	0.3214	0.3748	1.585	0.0432
L	1.3527	0.856	0.9632	0.8895	0.6113	0.2365	1.0091	1.0225	2.5808
M	0.9209	0.5286	1.3538	1.7173	0.7203	0.3411	1.3296	0.8048	0.8129
N	0.0713	1.0179	0.6936	0.804	1.0972	4.3662	1.6445	1.1559	0.2744
P	0.0388	0.0529	1.0692	0.1095	1.5072	0.1899	0.4808	1.5918	0.0799
Q	0.0536	1.1967	0.738	0.6673	1.0542	0.5159	1.0098	1.0076	0.2849
R	0.0379	1.746	0.7359	0.3428	1.1322	0.2154	0.409	1.2815	0.0644
S	0.0414	0.7128	1.0451	0.6213	0.8251	0.9717	0.7925	0.6796	0.1665
T	0.0773	1.1169	0.7278	0.6941	1.2123	1.6506	0.8746	1.06	0.4809
V	0.9818	1.9381	1.6537	1.1206	1.013	0.7315	0.6698	1.1414	4.2362
W	4.5203	0.5113	0.7573	4.1179	0.5114	0.0707	0.2883	0.2409	0.1241
Y	10.5593	1.1473	2.3838	4.8791	1.0378	0.1269	0.8467	1.1115	1.0071

pepL	alpha	w_s
12	99.5307	0.083	0.1488	0	0.3949	0.3734
13	98.9575	0.0263	0.0764	0.2382	0.4675	0.1916
14	98.3294	0.0043	0.0259	0.161	0	0.4702	0.2977	0.0409
15	98.0139	0.0017	0.0096	0.0839	0.376	0.4093	0.0998	0.0197
16	98.2233	8e-04	0.0022	0.03	0.2337	0	0.5219	0.1563	0.0471	0.0079
17	98.735	8e-04	0.0019	0.0146	0.1152	0.4293	0.2806	0.114	0.0363	0.0072
18	99.2174	5e-04	0.0013	0.0066	0.0433	0.2908	0	0.3312	0.218	0.0767	0.0267	0.005
19	99.5133	0.001	0.0012	0.0074	0.029	0.145	0.2323	0.2918	0.1844	0.0762	0.0263	0.0055
20	99.691	0.001	0.0012	0.0048	0.0176	0.0704	0.1449	0	0.2809	0.2454	0.1596	0.0505	0.0192	0.0045
21	99.7886	0.0013	0.002	0.0054	0.0189	0.0569	0.1038	0.1383	0.2554	0.2215	0.1327	0.043	0.0166	0.0041
