Allele	BoLA_DRB3_107_02
Type	Standard
n_specificities	1
npep_u	1
npep_t	5000
spec_ids	1
L_core	9
L_N	0
L_C	0
CS_perL	1
pepL_lower	12
pepL_upper	21
n_diff_aa	20

PWM_norm.1	P1	P2	P3	P4	P5	P6	P7	P8	P9
A	0.0896	0.971	1.5132	2.7411	0.8203	0.3054	1.2459	1.1386	0.9515
C	0.0511	0.118	0.2495	0.3926	0.092	0.0358	0.1625	0.1111	0.428
D	0.0347	0.5546	0.2618	0.3467	1.2415	0.2204	0.4904	0.5239	0.1489
E	0.0549	1.1045	0.6078	0.2663	1.4984	0.3124	0.8645	0.7809	0.1408
F	8.5177	0.8507	1.2374	0.5834	0.4831	0.0693	0.8867	0.4269	0.6823
G	0.0609	0.3361	0.4679	0.2069	0.6443	0.1034	1.4201	0.9269	0.1976
H	0.1257	1.4432	0.7514	0.8809	1.3154	1.3628	1.5874	1.2675	0.176
I	2.7942	1.5947	2.336	1.8311	1.0644	0.6177	1.2455	1.2269	2.919
K	0.0562	1.7443	0.9208	0.2158	2.3159	6.7721	1.4045	1.583	0.1227
L	1.3764	0.8388	0.9527	0.7665	0.6613	0.3597	1.1262	1.0731	2.9304
M	0.9048	0.5271	1.4045	0.3937	0.525	0.1801	0.8373	0.6623	0.9794
N	0.0706	1.0223	0.8528	1.3965	0.9462	0.3161	1.4778	1.001	0.7936
P	0.0383	0.0548	1.1956	0.0718	0.7286	0.2111	0.8889	1.511	0.0749
Q	0.0511	1.2417	0.9917	0.2004	1.081	0.4509	1.0328	1.0428	0.3616
R	0.0397	1.734	0.8837	0.0928	1.3494	5.2508	0.9625	1.3415	0.2184
S	0.0409	0.7046	0.8905	2.264	0.6616	0.1364	0.6055	0.6948	0.388
T	0.0763	1.109	0.6739	1.4225	1.1278	0.6583	0.6953	0.9725	0.711
V	0.9921	1.94	1.496	3.1763	1.2148	0.8384	0.8243	1.0962	4.2978
W	4.4804	0.5062	0.5953	0.0757	0.3912	0.0588	0.8373	0.2239	0.1076
Y	10.1766	1.153	1.8288	0.1236	0.7899	0.0913	1.2645	1.0252	1.0746

pepL	alpha	w_s
12	99.5307	0.083	0.1488	0	0.3949	0.3733
13	98.9574	0.0263	0.0764	0.2382	0.4675	0.1916
14	98.3293	0.0043	0.0259	0.161	0	0.4702	0.2976	0.0409
15	98.0138	0.0017	0.0096	0.0839	0.3761	0.4093	0.0998	0.0197
16	98.2233	8e-04	0.0022	0.03	0.2337	0	0.522	0.1562	0.0472	0.0079
17	98.7349	8e-04	0.0019	0.0146	0.1152	0.4294	0.2806	0.114	0.0362	0.0072
18	99.2174	5e-04	0.0013	0.0066	0.0433	0.2908	0	0.3312	0.218	0.0767	0.0267	0.005
19	99.5134	0.001	0.0012	0.0074	0.029	0.145	0.2323	0.2917	0.1843	0.0762	0.0263	0.0055
20	99.6911	0.001	0.0012	0.0048	0.0176	0.0704	0.1449	0	0.2809	0.2453	0.1596	0.0505	0.0192	0.0045
21	99.7886	0.0013	0.002	0.0054	0.0189	0.0569	0.1038	0.1384	0.2552	0.2215	0.1327	0.043	0.0166	0.0041
