Allele	BoLA_DRB3_016_03
Type	Standard
n_specificities	1
npep_u	1
npep_t	5000
spec_ids	1
L_core	9
L_N	0
L_C	0
CS_perL	1
pepL_lower	12
pepL_upper	21
n_diff_aa	20

PWM_norm.1	P1	P2	P3	P4	P5	P6	P7	P8	P9
A	0.0934	0.9786	1.3422	0.4868	0.8984	0.5075	1.1336	1.1812	1.092
C	0.049	0.1182	0.3683	0.1503	0.224	0.1478	0.1254	0.116	0.542
D	0.0361	0.5555	0.3956	0.5381	0.929	7.2912	0.6914	0.5499	0.1885
E	0.0576	1.1065	0.6612	0.6146	0.9832	0.8797	0.6562	0.9164	0.2375
F	8.2964	0.8442	1.252	6.0467	0.4815	0.1193	0.9123	0.6052	1.4774
G	0.0619	0.3341	0.4953	0.1905	0.8636	0.272	1.9854	0.9468	0.4496
H	0.1244	1.4506	0.7492	1.1602	1.0321	0.8391	1.7698	1.5282	0.3514
I	2.7704	1.5874	2.2618	1.3051	0.8106	0.6301	1.9917	1.0162	1.9125
K	0.0618	1.7251	1.0314	0.3022	1.8891	0.3214	0.8356	1.5537	0.212
L	1.3527	0.856	0.9544	1.1126	0.4591	0.2365	1.2978	1.0855	2.2623
M	0.9209	0.5286	1.2184	2.0159	0.5612	0.3411	1.4535	0.5538	1.4762
N	0.0713	1.0179	0.6998	0.4652	1.1904	4.3662	1.3145	0.9038	0.6783
P	0.0388	0.0529	1.012	0.0529	1.8962	0.1899	0.7771	1.2759	0.1227
Q	0.0536	1.1967	0.7209	0.7661	1.0102	0.5159	0.9661	1.0813	0.55
R	0.0379	1.746	0.7354	0.3185	1.3885	0.2154	0.914	1.4304	0.375
S	0.0414	0.7128	0.9833	0.2506	1.0258	0.9717	0.4802	0.746	0.6773
T	0.0773	1.1169	0.7518	0.3415	1.2738	1.6506	0.5678	0.863	0.8719
V	0.9818	1.9381	1.6228	0.8023	0.735	0.7315	0.6598	0.997	3.0834
W	4.5203	0.5113	0.7128	4.2648	0.6264	0.0707	0.482	0.3334	0.2168
Y	10.5593	1.1473	2.3975	7.3878	0.705	0.1269	0.9616	1.0766	2.7968

pepL	alpha	w_s
12	99.5307	0.083	0.1488	0	0.3949	0.3734
13	98.9575	0.0263	0.0764	0.2382	0.4675	0.1916
14	98.3294	0.0043	0.0259	0.161	0	0.4702	0.2977	0.0409
15	98.0139	0.0017	0.0096	0.0839	0.376	0.4093	0.0998	0.0197
16	98.2233	8e-04	0.0022	0.03	0.2337	0	0.5219	0.1563	0.0471	0.0079
17	98.735	8e-04	0.0019	0.0146	0.1152	0.4293	0.2806	0.114	0.0363	0.0072
18	99.2174	5e-04	0.0013	0.0066	0.0433	0.2908	0	0.3312	0.218	0.0767	0.0267	0.005
19	99.5133	0.001	0.0012	0.0074	0.029	0.145	0.2323	0.2918	0.1844	0.0762	0.0263	0.0055
20	99.691	0.001	0.0012	0.0048	0.0176	0.0704	0.1449	0	0.2809	0.2454	0.1596	0.0505	0.0192	0.0045
21	99.7886	0.0013	0.002	0.0054	0.0189	0.0569	0.1038	0.1383	0.2554	0.2215	0.1327	0.043	0.0166	0.0041
