Allele	BoLA_DRB3_154_02
Type	Standard
n_specificities	1
npep_u	1
npep_t	5000
spec_ids	1
L_core	9
L_N	0
L_C	0
CS_perL	1
pepL_lower	12
pepL_upper	21
n_diff_aa	20

PWM_norm.1	P1	P2	P3	P4	P5	P6	P7	P8	P9
A	0.1045	1.3819	1.5994	2.8087	1.1768	0.9045	0.8958	1.1386	1.1625
C	0.056	0.0859	0.1646	0.302	0.1663	0.4269	0.171	0.1111	0.434
D	0.0418	0.6727	0.2153	0.2266	1.5405	1.4743	0.6991	0.5239	0.1249
E	0.0625	1.7044	0.5717	0.1261	0.9412	0.7117	1.196	0.7809	0.1438
F	8.0687	0.8393	1.164	1.9716	0.464	1.2007	0.8283	0.4269	0.8355
G	0.0614	0.4529	0.5957	0.3699	0.6388	0.6076	0.5402	0.9269	0.262
H	0.1197	1.6694	1.1105	3.1427	1.3721	0.9565	1.8089	1.2675	0.2063
I	3.0843	0.9773	1.7342	1.0514	0.8136	1.4021	1.1361	1.2269	2.9221
K	0.0466	1.1873	0.9298	0.1181	1.8766	0.4524	1.159	1.583	0.1044
L	1.5202	0.683	0.897	0.3937	0.5981	0.9584	1.6281	1.0731	2.7136
M	0.9738	0.4878	0.9682	0.4526	0.5415	1.1629	0.9037	0.6623	0.9559
N	0.0599	1.3314	0.7308	0.3959	1.4075	1.9898	1.5428	1.001	0.65
P	0.05	0.0706	1.2131	0.0956	0.9388	0.5549	0.5519	1.511	0.0901
Q	0.0556	1.3149	1.1684	0.163	1.0001	1.0999	1.7647	1.0428	0.418
R	0.0349	1.2296	1.0696	0.0731	1.232	0.5314	0.9861	1.3415	0.1884
S	0.0421	0.9684	0.9158	2.4651	0.8454	1.0491	0.5052	0.6948	0.4509
T	0.0899	1.4653	0.5839	2.0535	1.0919	1.3921	0.6359	0.9725	0.7693
V	1.2511	1.1942	1.4295	2.293	1.2198	1.5433	1.0832	1.0962	4.1571
W	3.8947	0.4664	0.9497	0.5643	0.5663	1.1218	0.7109	0.2239	0.0899
Y	9.2871	1.2296	2.3325	0.2422	1.0111	1.217	0.9578	1.0252	1.1486

pepL	alpha	w_s
12	99.5307	0.083	0.1488	0	0.3949	0.3733
13	98.9574	0.0263	0.0764	0.2382	0.4675	0.1916
14	98.3293	0.0043	0.0259	0.161	0	0.4702	0.2976	0.0409
15	98.0138	0.0017	0.0096	0.0839	0.3761	0.4093	0.0998	0.0197
16	98.2233	8e-04	0.0022	0.03	0.2337	0	0.522	0.1562	0.0472	0.0079
17	98.7349	8e-04	0.0019	0.0146	0.1152	0.4294	0.2806	0.114	0.0362	0.0072
18	99.2174	5e-04	0.0013	0.0066	0.0433	0.2908	0	0.3312	0.218	0.0767	0.0267	0.005
19	99.5134	0.001	0.0012	0.0074	0.029	0.145	0.2323	0.2917	0.1843	0.0762	0.0263	0.0055
20	99.6911	0.001	0.0012	0.0048	0.0176	0.0704	0.1449	0	0.2809	0.2453	0.1596	0.0505	0.0192	0.0045
21	99.7886	0.0013	0.002	0.0054	0.0189	0.0569	0.1038	0.1384	0.2552	0.2215	0.1327	0.043	0.0166	0.0041
