Allele	BoLA_DRB3_023_01
Type	Standard
n_specificities	1
npep_u	1
npep_t	5000
spec_ids	1
L_core	9
L_N	0
L_C	0
CS_perL	1
pepL_lower	12
pepL_upper	21
n_diff_aa	20

PWM_norm.1	P1	P2	P3	P4	P5	P6	P7	P8	P9
A	0.1002	1.2784	1.3285	0.8201	0.7565	0.4713	0.9992	1.1882	0.2344
C	0.0597	0.1648	0.3636	0.1393	0.1849	0.2038	0.0967	0.1339	0.0763
D	0.0471	0.814	0.409	0.2203	0.6492	7.9404	0.4238	0.5688	0.0765
E	0.0606	0.55	0.6618	0.6009	0.6302	0.6054	0.4803	0.8775	0.1581
F	7.8216	0.1522	1.3003	2.3777	0.3948	0.1385	1.215	0.6199	0.9493
G	0.066	0.2947	0.5028	0.2639	0.9309	0.2677	1.0688	0.9421	0.1884
H	0.15	2.2224	0.7357	2.606	1.2112	0.5733	3.4552	1.4512	0.1518
I	3.1846	0.5985	2.2349	1.5128	0.7821	0.7314	1.2998	1.0883	0.3698
K	0.0697	2.0762	1.0605	0.9835	2.7231	0.2091	1.3513	1.5225	8.9133
L	1.8579	0.4643	0.9575	2.7265	0.4364	0.3854	1.5598	1.0613	0.4416
M	1.0267	0.7821	1.2558	3.108	0.7972	0.4691	1.0172	0.576	0.6654
N	0.095	2.3327	0.6489	0.3331	1.3029	3.9682	1.2987	0.9572	0.1187
P	0.0472	0.0861	1.0138	0.0316	1.5732	0.1982	0.4406	1.2838	0.0467
Q	0.0653	1.2558	0.7042	1.1559	1.0406	0.5374	1.2456	1.0415	0.1705
R	0.0465	3.0769	0.7479	0.6773	1.5762	0.1469	1.711	1.4116	4.1974
S	0.046	0.7308	0.987	0.2796	0.949	1.0003	0.3784	0.7854	0.1066
T	0.0897	1.063	0.7407	0.3499	1.1205	1.4529	0.4818	0.8768	0.1331
V	1.1448	1.0003	1.6433	0.7347	0.8878	0.8125	0.6216	1.0057	0.458
W	3.7081	0.1321	0.6689	1.5968	0.5445	0.1029	0.7634	0.3576	0.8543
Y	8.2875	1.2914	2.3315	1.7092	0.8898	0.1481	0.9841	1.0389	0.854

pepL	alpha	w_s
12	99.5307	0.083	0.1488	0	0.3949	0.3733
13	98.9574	0.0263	0.0764	0.2382	0.4675	0.1916
14	98.3293	0.0043	0.0259	0.161	0	0.4702	0.2976	0.0409
15	98.0138	0.0017	0.0096	0.0839	0.3761	0.4093	0.0998	0.0197
16	98.2233	8e-04	0.0022	0.03	0.2337	0	0.522	0.1562	0.0472	0.0079
17	98.7349	8e-04	0.0019	0.0146	0.1152	0.4294	0.2806	0.114	0.0362	0.0072
18	99.2174	5e-04	0.0013	0.0066	0.0433	0.2908	0	0.3312	0.218	0.0767	0.0267	0.005
19	99.5134	0.001	0.0012	0.0074	0.029	0.145	0.2323	0.2917	0.1843	0.0762	0.0263	0.0055
20	99.6911	0.001	0.0012	0.0048	0.0176	0.0704	0.1449	0	0.2809	0.2453	0.1596	0.0505	0.0192	0.0045
21	99.7886	0.0013	0.002	0.0054	0.0189	0.0569	0.1038	0.1384	0.2552	0.2215	0.1327	0.043	0.0166	0.0041
