Allele	BoLA_DRB3_020_02
Type	Standard
n_specificities	1
npep_u	1
npep_t	7385
spec_ids	1
L_core	9
L_N	0
L_C	0
CS_perL	1
pepL_lower	12
pepL_upper	21
n_diff_aa	20

PWM_norm.1	P1	P2	P3	P4	P5	P6	P7	P8	P9
A	0.0155	1.0192	1.7746	0.255	1.1567	3.3288	1.0782	0.9409	2.1142
C	0.0147	0.0333	0.2622	0.087	0.2544	0.7172	0.1437	0.1744	0.5086
D	0.0095	0.7773	0.4398	0.009	1.1684	0.5912	0.7027	0.5497	0.6115
E	0.0191	1.4989	0.6861	0.0446	0.895	0.7491	0.715	1.1445	0.5862
F	8.876	0.4814	1.2611	0.2186	0.6103	0.3284	1.2198	0.5904	0.6662
G	0.0099	0.383	0.5882	0.0257	0.8434	2.2048	1.2904	0.7434	1.9546
H	0.0324	1.6281	1.3376	0.0161	0.962	0.1711	1.7499	1.3382	0.3669
I	2.957	1.2241	1.8994	1.9211	0.8601	0.8087	1.239	1.1961	1.1525
K	0.0343	1.7165	0.563	0.0513	1.5368	0.0453	1.4988	1.7968	0.3827
L	1.586	0.6959	0.9514	8.0168	0.4957	0.5029	1.2961	1.2076	0.9972
M	0.9579	0.5016	1.4154	2.5238	0.9094	0.3365	1.0521	0.4119	0.9013
N	0.0128	1.3347	0.7339	0.0112	1.4275	1.5398	0.9933	0.9313	0.9014
P	0.0055	0.009	0.9445	0.0062	1.5852	0.9877	1.1809	1.2996	0.25
Q	0.0086	0.9572	0.6935	0.0618	0.7595	0.8172	0.9294	0.9114	0.3233
R	0.0247	2.3781	0.776	0.0186	1.2356	0.0292	1.4513	1.5161	0.4128
S	0.018	0.6649	0.9953	0.0242	1.132	1.2457	0.4448	0.6707	1.4032
T	0.0172	0.9475	0.9504	0.0729	1.2112	1.0738	0.4301	0.8424	1.475
V	0.8169	1.5453	1.356	0.3215	0.8963	1.5198	0.7289	0.9203	1.7798
W	6.0715	1.0641	0.8691	0.1248	0.505	0.1212	1.3048	0.3966	0.2545
Y	9.3509	0.9582	2.0136	0.206	0.6969	0.0789	0.6037	1.0389	0.9462

pepL	alpha	w_s
12	99.5307	0.083	0.1488	0	0.3949	0.3733
13	98.9574	0.0263	0.0764	0.2382	0.4675	0.1916
14	98.3293	0.0043	0.0259	0.161	0	0.4702	0.2976	0.0409
15	98.0138	0.0017	0.0096	0.0839	0.3761	0.4093	0.0998	0.0197
16	98.2233	8e-04	0.0022	0.03	0.2337	0	0.522	0.1562	0.0472	0.0079
17	98.7349	8e-04	0.0019	0.0146	0.1152	0.4294	0.2806	0.114	0.0362	0.0072
18	99.2174	5e-04	0.0013	0.0066	0.0433	0.2908	0	0.3312	0.218	0.0767	0.0267	0.005
19	99.5134	0.001	0.0012	0.0074	0.029	0.145	0.2323	0.2917	0.1843	0.0762	0.0263	0.0055
20	99.6911	0.001	0.0012	0.0048	0.0176	0.0704	0.1449	0	0.2809	0.2453	0.1596	0.0505	0.0192	0.0045
21	99.7886	0.0013	0.002	0.0054	0.0189	0.0569	0.1038	0.1384	0.2552	0.2215	0.1327	0.043	0.0166	0.0041
