Allele	BoLA_DRB3_095_01
Type	Standard
n_specificities	1
npep_u	1
npep_t	5000
spec_ids	1
L_core	9
L_N	0
L_C	0
CS_perL	1
pepL_lower	12
pepL_upper	21
n_diff_aa	20

PWM_norm.1	P1	P2	P3	P4	P5	P6	P7	P8	P9
A	0.0934	1.0692	1.3958	1.1804	0.9898	0.7265	0.6279	0.9802	0.9
C	0.049	0.1503	0.2118	0.3254	0.189	0.1443	0.0857	0.1257	0.2781
D	0.0361	0.6571	0.2021	0.31	1.5971	2.2345	3.3419	0.6312	0.2724
E	0.0576	1.0497	0.5174	1.1449	1.5796	0.6813	3.1357	0.7403	0.2984
F	8.2964	0.8403	1.525	3.0066	0.396	0.1114	0.4533	0.3495	0.8412
G	0.0619	0.4008	0.3364	0.2875	0.5974	0.2309	0.5388	0.8324	0.2631
H	0.1244	2.05	0.7824	1.0524	0.8577	0.2247	0.7917	1.0401	0.2795
I	2.7704	1.3945	2.0603	2.2956	1.0939	2.3742	0.8107	1.3628	4.3563
K	0.0618	1.5334	1.1527	0.1282	1.5025	0.0654	0.4124	1.6096	0.1372
L	1.3527	0.7658	0.9254	1.3917	0.6647	1.4095	0.9132	1.0939	2.7611
M	0.9209	0.6351	1.2601	1.7999	0.6035	0.8148	0.8114	0.7966	0.9116
N	0.0713	1.2645	0.6371	0.6618	1.0576	2.679	1.9553	1.1271	0.3761
P	0.0388	0.0614	1.3195	0.0932	1.2707	0.4486	0.2997	1.6485	0.1187
Q	0.0536	1.3139	0.9136	0.7246	0.9978	0.5636	1.2716	1.0693	0.4106
R	0.0379	1.5898	0.7724	0.0763	1.107	0.0601	0.3277	1.2773	0.2674
S	0.0414	0.8033	1.0398	1.4347	0.6874	0.6202	0.6775	0.6099	0.2735
T	0.0773	1.2014	0.5201	1.0881	1.0699	1.7258	0.8113	1.0103	0.554
V	0.9818	1.5403	1.5263	1.8158	1.244	3.2646	0.707	1.1708	3.6985
W	4.5203	0.6976	0.6146	0.6528	0.3353	0.0465	0.1668	0.1964	0.1293
Y	10.5593	1.2134	2.7509	0.4445	0.9423	0.1133	0.55	1.0561	0.8026

pepL	alpha	w_s
12	99.5307	0.083	0.1488	0	0.3949	0.3734
13	98.9575	0.0263	0.0764	0.2382	0.4675	0.1916
14	98.3294	0.0043	0.0259	0.161	0	0.4702	0.2977	0.0409
15	98.0139	0.0017	0.0096	0.0839	0.376	0.4093	0.0998	0.0197
16	98.2233	8e-04	0.0022	0.03	0.2337	0	0.5219	0.1563	0.0471	0.0079
17	98.735	8e-04	0.0019	0.0146	0.1152	0.4293	0.2806	0.114	0.0363	0.0072
18	99.2174	5e-04	0.0013	0.0066	0.0433	0.2908	0	0.3312	0.218	0.0767	0.0267	0.005
19	99.5133	0.001	0.0012	0.0074	0.029	0.145	0.2323	0.2918	0.1844	0.0762	0.0263	0.0055
20	99.691	0.001	0.0012	0.0048	0.0176	0.0704	0.1449	0	0.2809	0.2454	0.1596	0.0505	0.0192	0.0045
21	99.7886	0.0013	0.002	0.0054	0.0189	0.0569	0.1038	0.1383	0.2554	0.2215	0.1327	0.043	0.0166	0.0041
