Allele	BoLA_DRB3_091_01
Type	Standard
n_specificities	1
npep_u	1
npep_t	5000
spec_ids	1
L_core	9
L_N	0
L_C	0
CS_perL	1
pepL_lower	12
pepL_upper	21
n_diff_aa	20

PWM_norm.1	P1	P2	P3	P4	P5	P6	P7	P8	P9
A	0.0934	0.9786	1.3422	0.7601	0.8915	0.926	1.1902	0.8904	0.5925
C	0.049	0.1182	0.3683	0.2364	0.3339	0.3327	0.0885	0.1301	0.1254
D	0.0361	0.5555	0.3956	0.4674	0.9883	4.9216	0.3947	0.898	0.3464
E	0.0576	1.1065	0.6612	0.5605	0.9415	0.6516	0.4042	0.7694	0.2941
F	8.2964	0.8442	1.252	3.1358	0.6137	0.2597	1.1276	0.3727	3.2747
G	0.0619	0.3341	0.4953	0.3301	0.9013	0.4774	1.3474	0.8219	0.3308
H	0.1244	1.4506	0.7492	3.1564	1.2204	0.5791	3.1312	1.0155	0.9501
I	2.7704	1.5874	2.2618	1.2611	0.8424	1.1682	2.0096	1.5008	4.1157
K	0.0618	1.7251	1.0314	1.2627	1.7075	0.4215	1.5979	1.756	0.2057
L	1.3527	0.856	0.9544	1.0015	0.5592	0.6675	1.0742	0.7888	1.9331
M	0.9209	0.5286	1.2184	1.743	0.7782	0.6337	0.9341	0.479	1.0955
N	0.0713	1.0179	0.6998	0.8486	1.3403	2.5686	1.2327	1.1133	0.5786
P	0.0388	0.0529	1.012	0.1199	1.6834	0.4624	0.4407	1.4751	0.3582
Q	0.0536	1.1967	0.7209	1.0266	1.058	0.5912	0.9508	1.098	0.7434
R	0.0379	1.746	0.7354	0.9628	1.1531	0.2579	1.606	1.153	0.1827
S	0.0414	0.7128	0.9833	0.3404	0.9667	1.0674	0.4144	0.6093	0.2518
T	0.0773	1.1169	0.7518	0.5525	1.2357	1.6373	0.6129	1.2041	0.4715
V	0.9818	1.9381	1.6228	0.8954	0.7572	1.3496	0.8392	1.5054	2.1903
W	4.5203	0.5113	0.7128	4.0879	0.8266	0.2156	0.5348	0.1768	3.441
Y	10.5593	1.1473	2.3975	3.6861	0.821	0.2587	0.7419	1.0886	1.5702

pepL	alpha	w_s
12	99.5307	0.083	0.1488	0	0.3949	0.3734
13	98.9575	0.0263	0.0764	0.2382	0.4675	0.1916
14	98.3294	0.0043	0.0259	0.161	0	0.4702	0.2977	0.0409
15	98.0139	0.0017	0.0096	0.0839	0.376	0.4093	0.0998	0.0197
16	98.2233	8e-04	0.0022	0.03	0.2337	0	0.5219	0.1563	0.0471	0.0079
17	98.735	8e-04	0.0019	0.0146	0.1152	0.4293	0.2806	0.114	0.0363	0.0072
18	99.2174	5e-04	0.0013	0.0066	0.0433	0.2908	0	0.3312	0.218	0.0767	0.0267	0.005
19	99.5133	0.001	0.0012	0.0074	0.029	0.145	0.2323	0.2918	0.1844	0.0762	0.0263	0.0055
20	99.691	0.001	0.0012	0.0048	0.0176	0.0704	0.1449	0	0.2809	0.2454	0.1596	0.0505	0.0192	0.0045
21	99.7886	0.0013	0.002	0.0054	0.0189	0.0569	0.1038	0.1383	0.2554	0.2215	0.1327	0.043	0.0166	0.0041
