Allele	BoLA_DRB3_123_01
Type	Standard
n_specificities	1
npep_u	1
npep_t	5000
spec_ids	1
L_core	9
L_N	0
L_C	0
CS_perL	1
pepL_lower	12
pepL_upper	21
n_diff_aa	20

PWM_norm.1	P1	P2	P3	P4	P5	P6	P7	P8	P9
A	0.0896	0.971	1.5132	2.137	0.9657	0.6919	1.1776	1.1882	0.2344
C	0.0511	0.118	0.2495	0.4823	0.1839	0.1805	0.2872	0.1339	0.0763
D	0.0347	0.5546	0.2618	0.3797	1.932	0.6918	0.8191	0.5688	0.0765
E	0.0549	1.1045	0.6078	0.3129	1.5632	0.4948	1.0166	0.8775	0.1581
F	8.5177	0.8507	1.2374	1.1297	0.4319	0.2345	0.9109	0.6199	0.9493
G	0.0609	0.3361	0.4679	0.2986	0.653	0.3626	1.2685	0.9421	0.1884
H	0.1257	1.4432	0.7514	0.8652	1.1104	1.7791	1.4544	1.4512	0.1518
I	2.7942	1.5947	2.336	1.905	0.8543	1.6368	1.3394	1.0883	0.3698
K	0.0562	1.7443	0.9208	0.1279	1.6553	2.6313	1.1127	1.5225	8.9133
L	1.3764	0.8388	0.9527	0.6612	0.4286	0.747	1.0041	1.0613	0.4416
M	0.9048	0.5271	1.4045	0.5392	0.4625	0.5319	0.9426	0.576	0.6654
N	0.0706	1.0223	0.8528	1.6322	1.0772	1.2284	1.5843	0.9572	0.1187
P	0.0383	0.0548	1.1956	0.0813	1.2797	0.6022	0.7626	1.2838	0.0467
Q	0.0511	1.2417	0.9917	0.317	1.0275	0.7568	1.1117	1.0415	0.1705
R	0.0397	1.734	0.8837	0.0843	1.0856	2.4753	0.8394	1.4116	4.1974
S	0.0409	0.7046	0.8905	2.5359	0.8168	0.4472	0.6744	0.7854	0.1066
T	0.0763	1.109	0.6739	1.4977	1.2191	1.3612	0.7978	0.8768	0.1331
V	0.9921	1.94	1.496	2.7496	0.9303	1.8764	0.9345	1.0057	0.458
W	4.4804	0.5062	0.5953	0.2392	0.621	0.23	0.8182	0.3576	0.8543
Y	10.1766	1.153	1.8288	0.1802	0.8719	0.2808	1.2497	1.0389	0.854

pepL	alpha	w_s
12	99.5307	0.083	0.1488	0	0.3949	0.3733
13	98.9574	0.0263	0.0764	0.2382	0.4675	0.1916
14	98.3293	0.0043	0.0259	0.161	0	0.4702	0.2976	0.0409
15	98.0138	0.0017	0.0096	0.0839	0.3761	0.4093	0.0998	0.0197
16	98.2233	8e-04	0.0022	0.03	0.2337	0	0.522	0.1562	0.0472	0.0079
17	98.7349	8e-04	0.0019	0.0146	0.1152	0.4294	0.2806	0.114	0.0362	0.0072
18	99.2174	5e-04	0.0013	0.0066	0.0433	0.2908	0	0.3312	0.218	0.0767	0.0267	0.005
19	99.5134	0.001	0.0012	0.0074	0.029	0.145	0.2323	0.2917	0.1843	0.0762	0.0263	0.0055
20	99.6911	0.001	0.0012	0.0048	0.0176	0.0704	0.1449	0	0.2809	0.2453	0.1596	0.0505	0.0192	0.0045
21	99.7886	0.0013	0.002	0.0054	0.0189	0.0569	0.1038	0.1384	0.2552	0.2215	0.1327	0.043	0.0166	0.0041
