Allele	BoLA_DRB3_162_01
Type	Standard
n_specificities	1
npep_u	1
npep_t	5000
spec_ids	1
L_core	9
L_N	0
L_C	0
CS_perL	1
pepL_lower	12
pepL_upper	21
n_diff_aa	20

PWM_norm.1	P1	P2	P3	P4	P5	P6	P7	P8	P9
A	0.0896	0.971	1.6225	2.9945	1.0285	0.3549	1.4404	1.0644	0.3291
C	0.0511	0.118	0.2656	0.1471	0.217	0.0428	0.1796	0.1741	0.0936
D	0.0347	0.5546	0.3958	3.6874	0.9479	0.2271	0.5175	0.7402	0.1486
E	0.0549	1.1045	0.6995	0.6504	1.007	0.2018	0.9149	0.887	0.1438
F	8.5177	0.8507	1.3262	0.2239	0.7309	0.0846	0.8067	0.74	3.9165
G	0.0609	0.3361	0.745	0.4125	0.7268	0.0772	1.3435	0.8153	0.1174
H	0.1257	1.4432	1.0478	0.2142	1.1637	1.12	1.3313	1.0982	0.2092
I	2.7942	1.5947	1.579	0.6823	1.2402	1.1915	1.3929	1.2216	5.2317
K	0.0562	1.7443	0.8833	0.0953	1.7309	7.2233	0.9432	1.5537	0.0917
L	1.3764	0.8388	0.6469	0.1876	0.832	0.6412	0.9917	1.0214	2.4152
M	0.9048	0.5271	1.6672	0.2182	1.0102	0.2514	0.6878	0.6684	1.6532
N	0.0706	1.0223	0.8661	1.8931	1.1187	0.3194	1.7376	1.0545	0.2382
P	0.0383	0.0548	1.047	0.0556	1.0802	0.2011	1.036	1.269	0.0893
Q	0.0511	1.2417	1.0463	0.3666	1.2158	0.4469	0.9587	0.9768	0.2523
R	0.0397	1.734	0.8394	0.0727	0.9991	3.5917	0.8149	1.3668	0.0815
S	0.0409	0.7046	1.2171	1.86	0.6557	0.121	0.6967	0.8432	0.1241
T	0.0763	1.109	0.7531	2.0697	1.1659	0.5902	0.8665	0.8858	0.3589
V	0.9921	1.94	1.1218	1.6785	1.1495	1.3512	1.0169	1.0389	2.8521
W	4.4804	0.5062	1.02	0.0422	0.5314	0.052	0.8937	0.4268	0.9354
Y	10.1766	1.153	1.9765	0.068	1.034	0.0901	1.1237	1.078	2.1141

pepL	alpha	w_s
12	99.5307	0.083	0.1488	0	0.3949	0.3733
13	98.9574	0.0263	0.0764	0.2382	0.4675	0.1916
14	98.3293	0.0043	0.0259	0.161	0	0.4702	0.2976	0.0409
15	98.0138	0.0017	0.0096	0.0839	0.3761	0.4093	0.0998	0.0197
16	98.2233	8e-04	0.0022	0.03	0.2337	0	0.522	0.1562	0.0472	0.0079
17	98.7349	8e-04	0.0019	0.0146	0.1152	0.4294	0.2806	0.114	0.0362	0.0072
18	99.2174	5e-04	0.0013	0.0066	0.0433	0.2908	0	0.3312	0.218	0.0767	0.0267	0.005
19	99.5134	0.001	0.0012	0.0074	0.029	0.145	0.2323	0.2917	0.1843	0.0762	0.0263	0.0055
20	99.6911	0.001	0.0012	0.0048	0.0176	0.0704	0.1449	0	0.2809	0.2453	0.1596	0.0505	0.0192	0.0045
21	99.7886	0.0013	0.002	0.0054	0.0189	0.0569	0.1038	0.1384	0.2552	0.2215	0.1327	0.043	0.0166	0.0041
