Allele	BoLA_DRB3_098_01
Type	Standard
n_specificities	1
npep_u	1
npep_t	5000
spec_ids	1
L_core	9
L_N	0
L_C	0
CS_perL	1
pepL_lower	12
pepL_upper	21
n_diff_aa	20

PWM_norm.1	P1	P2	P3	P4	P5	P6	P7	P8	P9
A	0.1045	0.971	1.6225	2.6053	1.07	0.7292	1.1993	0.9293	1.5774
C	0.056	0.118	0.2656	0.2029	0.1988	0.2152	0.3455	0.0844	0.1977
D	0.0418	0.5546	0.3958	2.3738	1.1771	0.9558	1.0548	0.6106	2.1842
E	0.0625	1.1045	0.6995	0.7241	1.138	0.4547	1.6299	0.7422	2.4237
F	8.0687	0.8507	1.3262	0.415	0.7143	0.2379	0.8385	0.263	0.6084
G	0.0614	0.3361	0.745	0.4819	0.5721	0.28	0.8519	0.7903	1.2265
H	0.1197	1.4432	1.0478	0.3043	0.949	1.5738	1.0715	0.9906	0.6929
I	3.0843	1.5947	1.579	0.9782	1.5051	2.2203	1.1387	1.5087	1.6076
K	0.0466	1.7443	0.8833	0.0799	1.5875	2.0052	0.5818	1.5882	0.266
L	1.5202	0.8388	0.6469	0.1991	0.8307	1.0025	1.1317	1.2173	0.7456
M	0.9738	0.5271	1.6672	0.3285	0.9765	0.6285	0.8247	0.7519	0.6571
N	0.0599	1.0223	0.8661	1.9155	1.0329	1.5845	1.9316	1.0671	0.5893
P	0.05	0.0548	1.047	0.0568	0.8701	0.4385	0.717	1.7701	0.3302
Q	0.0556	1.2417	1.0463	0.6311	1.2507	0.8866	1.039	1.0953	1.7948
R	0.0349	1.734	0.8394	0.0812	0.9882	1.5009	0.527	1.2269	0.3106
S	0.0421	0.7046	1.2171	2.0499	0.6062	0.4839	0.8292	0.5083	0.575
T	0.0899	1.109	0.7531	2.3114	1.1727	1.4561	0.8224	0.9786	0.5929
V	1.2511	1.94	1.1218	1.8423	1.3011	2.199	1.1183	1.229	1.2492
W	3.8947	0.5062	1.02	0.127	0.3694	0.1946	0.6335	0.1389	0.1863
Y	9.2871	1.153	1.9765	0.0915	1.1421	0.281	1.2092	1.043	0.3853

pepL	alpha	w_s
12	99.5307	0.083	0.1488	0	0.3949	0.3733
13	98.9574	0.0263	0.0764	0.2382	0.4675	0.1916
14	98.3293	0.0043	0.0259	0.161	0	0.4702	0.2976	0.0409
15	98.0138	0.0017	0.0096	0.0839	0.3761	0.4093	0.0998	0.0197
16	98.2233	8e-04	0.0022	0.03	0.2337	0	0.522	0.1562	0.0472	0.0079
17	98.7349	8e-04	0.0019	0.0146	0.1152	0.4294	0.2806	0.114	0.0362	0.0072
18	99.2174	5e-04	0.0013	0.0066	0.0433	0.2908	0	0.3312	0.218	0.0767	0.0267	0.005
19	99.5134	0.001	0.0012	0.0074	0.029	0.145	0.2323	0.2917	0.1843	0.0762	0.0263	0.0055
20	99.6911	0.001	0.0012	0.0048	0.0176	0.0704	0.1449	0	0.2809	0.2453	0.1596	0.0505	0.0192	0.0045
21	99.7886	0.0013	0.002	0.0054	0.0189	0.0569	0.1038	0.1384	0.2552	0.2215	0.1327	0.043	0.0166	0.0041
