Allele	BoLA_DRB3_165_01
Type	Standard
n_specificities	1
npep_u	1
npep_t	5000
spec_ids	1
L_core	9
L_N	0
L_C	0
CS_perL	1
pepL_lower	12
pepL_upper	21
n_diff_aa	20

PWM_norm.1	P1	P2	P3	P4	P5	P6	P7	P8	P9
A	0.1514	0.971	1.4442	1.7424	0.7914	0.3855	1.3683	1.1785	0.234
C	0.0752	0.118	0.322	0.095	0.2158	0.0487	0.1777	0.1183	0.0547
D	0.0461	0.5546	0.4068	0.5214	0.675	0.2792	0.4754	0.8715	0.0977
E	0.034	1.1045	0.6878	0.2726	0.8094	0.2249	0.9773	0.769	0.0903
F	1.2848	0.8507	1.0403	1.8135	0.5684	0.1161	0.6219	0.6413	5.1413
G	0.0928	0.3361	0.5048	0.3858	1.0302	0.1088	0.5961	0.8499	0.0834
H	0.0565	1.4432	0.8438	4.3875	1.4446	0.7552	1.4014	1.0149	0.1558
I	8.7075	1.5947	2.2883	0.8363	0.8223	1.0938	1.3369	1.453	5.4582
K	0.0468	1.7443	1.164	2.6566	2.3917	7.2213	0.9427	1.6238	0.0565
L	2.8025	0.8388	0.9035	0.5772	0.6357	0.7015	0.6752	1.1239	2.6926
M	1.498	0.5271	1.4054	0.67	0.8808	0.2934	0.8763	0.4089	1.663
N	0.0555	1.0223	0.7972	0.8479	1.398	0.2394	2.2865	1.1451	0.1696
P	0.0887	0.0548	1.1575	0.0625	1.3163	0.225	0.9362	1.1217	0.0701
Q	0.0383	1.2417	0.8133	0.5194	1.2357	0.3926	1.6892	0.907	0.1921
R	0.0451	1.734	0.9677	1.4601	1.0873	3.6995	1.2362	1.3491	0.0441
S	0.0404	0.7046	0.9432	0.6227	0.7254	0.1562	0.729	0.9645	0.0847
T	0.1519	1.109	0.8292	1.0311	1.2787	0.6725	1.0015	0.653	0.2472
V	3.4569	1.94	1.3265	1.2594	0.8549	1.1244	1.259	1.0876	2.4345
W	0.3205	0.5062	0.4866	1.3246	0.8466	0.0975	0.9393	0.262	1.0758
Y	0.1975	1.153	1.537	1.0063	0.8732	0.1231	0.6611	0.786	1.3491

pepL	alpha	w_s
12	99.5307	0.083	0.1488	0	0.3949	0.3733
13	98.9574	0.0263	0.0764	0.2382	0.4675	0.1916
14	98.3293	0.0043	0.0259	0.161	0	0.4702	0.2976	0.0409
15	98.0138	0.0017	0.0096	0.0839	0.3761	0.4093	0.0998	0.0197
16	98.2233	8e-04	0.0022	0.03	0.2337	0	0.522	0.1562	0.0472	0.0079
17	98.7349	8e-04	0.0019	0.0146	0.1152	0.4294	0.2806	0.114	0.0362	0.0072
18	99.2174	5e-04	0.0013	0.0066	0.0433	0.2908	0	0.3312	0.218	0.0767	0.0267	0.005
19	99.5134	0.001	0.0012	0.0074	0.029	0.145	0.2323	0.2917	0.1843	0.0762	0.0263	0.0055
20	99.6911	0.001	0.0012	0.0048	0.0176	0.0704	0.1449	0	0.2809	0.2453	0.1596	0.0505	0.0192	0.0045
21	99.7886	0.0013	0.002	0.0054	0.0189	0.0569	0.1038	0.1384	0.2552	0.2215	0.1327	0.043	0.0166	0.0041
