Allele	BoLA_DRB3_090_02
Type	Standard
n_specificities	1
npep_u	1
npep_t	5000
spec_ids	1
L_core	9
L_N	0
L_C	0
CS_perL	1
pepL_lower	12
pepL_upper	21
n_diff_aa	20

PWM_norm.1	P1	P2	P3	P4	P5	P6	P7	P8	P9
A	0.0934	1.4655	1.3004	1.8404	0.9454	1.1555	1.1784	0.9162	1.2886
C	0.049	0.1005	0.2282	0.3766	0.278	0.3212	0.305	0.0927	0.1026
D	0.0361	0.6538	0.4098	0.5365	1.2719	1.1783	0.5527	0.6166	2.7733
E	0.0576	1.7354	0.8051	0.5201	1.1095	0.5878	1.1474	0.7327	3.5246
F	8.2964	0.7927	1.481	1.6219	0.6235	0.2277	0.9349	0.2443	0.3716
G	0.0619	0.46	0.4829	0.3565	0.6101	0.3814	0.8469	0.7801	1.3132
H	0.1244	1.5931	1.2746	2.078	1.1755	0.586	1.4828	0.9705	0.6905
I	2.7704	0.9289	1.8968	2.0326	1.0621	2.3651	1.1493	1.5146	1.0356
K	0.0618	1.1939	1.0096	0.4221	1.7569	0.5374	1.0235	1.6041	0.3091
L	1.3527	0.6749	0.8862	0.9728	0.7272	1.3461	1.3997	1.2326	0.681
M	0.9209	0.4812	1.0243	1.0441	0.8227	1.148	1.2697	0.7715	0.5182
N	0.0713	1.3847	0.7088	0.7496	1.116	1.3361	1.6672	1.0745	0.391
P	0.0388	0.0719	1.1305	0.2673	0.9307	0.8139	0.6495	1.7534	0.2523
Q	0.0536	1.2558	1.0451	0.3908	1.0887	0.6951	1.3901	1.138	1.9598
R	0.0379	1.2263	0.7011	0.1986	1.2346	0.4083	0.7688	1.2046	0.4119
S	0.0414	0.96	0.7078	1.4841	0.767	0.5664	0.6162	0.4978	0.4373
T	0.0773	1.4589	0.6456	1.4855	1.0996	1.2753	0.5489	0.9604	0.3849
V	0.9818	1.2283	1.6172	2.2657	1.3	3.1879	1.0512	1.2654	0.8523
W	4.5203	0.3642	1.2015	0.5276	0.6738	0.1377	0.9839	0.1237	0.0993
Y	10.5593	1.2166	2.5478	0.4967	0.9958	0.2998	1.2648	1.0328	0.1981

pepL	alpha	w_s
12	99.5307	0.083	0.1488	0	0.3949	0.3734
13	98.9575	0.0263	0.0764	0.2382	0.4675	0.1916
14	98.3294	0.0043	0.0259	0.161	0	0.4702	0.2977	0.0409
15	98.0139	0.0017	0.0096	0.0839	0.376	0.4093	0.0998	0.0197
16	98.2233	8e-04	0.0022	0.03	0.2337	0	0.5219	0.1563	0.0471	0.0079
17	98.735	8e-04	0.0019	0.0146	0.1152	0.4293	0.2806	0.114	0.0363	0.0072
18	99.2174	5e-04	0.0013	0.0066	0.0433	0.2908	0	0.3312	0.218	0.0767	0.0267	0.005
19	99.5133	0.001	0.0012	0.0074	0.029	0.145	0.2323	0.2918	0.1844	0.0762	0.0263	0.0055
20	99.691	0.001	0.0012	0.0048	0.0176	0.0704	0.1449	0	0.2809	0.2454	0.1596	0.0505	0.0192	0.0045
21	99.7886	0.0013	0.002	0.0054	0.0189	0.0569	0.1038	0.1383	0.2554	0.2215	0.1327	0.043	0.0166	0.0041
