Allele	BoLA_DRB3_046_01
Type	Standard
n_specificities	1
npep_u	1
npep_t	5000
spec_ids	1
L_core	9
L_N	0
L_C	0
CS_perL	1
pepL_lower	12
pepL_upper	21
n_diff_aa	20

PWM_norm.1	P1	P2	P3	P4	P5	P6	P7	P8	P9
A	0.0934	0.9786	1.4937	0.3672	1.0642	2.9682	1.0414	1.1812	2.8823
C	0.049	0.1182	0.2837	0.0799	0.263	0.6836	0.2438	0.116	0.236
D	0.0361	0.5555	0.3086	0.1859	1.0118	1.0616	0.838	0.5499	0.4497
E	0.0576	1.1065	0.6046	0.1756	0.8889	0.8835	0.6519	0.9164	0.4846
F	8.2964	0.8442	1.0001	5.0866	0.539	0.3486	1.5432	0.6052	0.2476
G	0.0619	0.3341	0.6714	0.1342	0.7873	1.9164	1.0464	0.9468	2.954
H	0.1244	1.4506	0.9263	1.0772	1.2943	0.403	2.1976	1.5282	0.883
I	2.7704	1.5874	1.992	1.6077	0.8326	0.8808	1.2713	1.0162	0.3248
K	0.0618	1.7251	0.9113	0.399	1.7106	0.2351	1.398	1.5537	0.2833
L	1.3527	0.856	0.9441	1.8366	0.5411	0.3712	0.9773	1.0855	0.1751
M	0.9209	0.5286	1.0684	1.9278	0.7175	0.434	1.0559	0.5538	0.3138
N	0.0713	1.0179	0.8236	0.3442	1.333	1.8175	1.2011	0.9038	0.9326
P	0.0388	0.0529	0.9493	0.0519	1.7337	0.8712	1.093	1.2759	0.3804
Q	0.0536	1.1967	1.1118	0.5057	1.0011	0.8051	1.0323	1.0813	2.8359
R	0.0379	1.746	1.248	0.5074	1.1932	0.21	1.3187	1.4304	0.2655
S	0.0414	0.7128	0.8692	0.1064	0.9263	1.2609	0.5328	0.746	2.1883
T	0.0773	1.1169	0.9005	0.2194	1.1826	1.1674	0.5264	0.863	0.6405
V	0.9818	1.9381	1.3831	0.8214	0.9036	1.1464	0.7114	0.997	0.4338
W	4.5203	0.5113	0.8635	3.0683	0.6961	0.1868	1.346	0.3334	0.0731
Y	10.5593	1.1473	1.6828	9.261	0.8358	0.2764	1.1942	1.0766	0.2052

pepL	alpha	w_s
12	99.5307	0.083	0.1488	0	0.3949	0.3734
13	98.9575	0.0263	0.0764	0.2382	0.4675	0.1916
14	98.3294	0.0043	0.0259	0.161	0	0.4702	0.2977	0.0409
15	98.0139	0.0017	0.0096	0.0839	0.376	0.4093	0.0998	0.0197
16	98.2233	8e-04	0.0022	0.03	0.2337	0	0.5219	0.1563	0.0471	0.0079
17	98.735	8e-04	0.0019	0.0146	0.1152	0.4293	0.2806	0.114	0.0363	0.0072
18	99.2174	5e-04	0.0013	0.0066	0.0433	0.2908	0	0.3312	0.218	0.0767	0.0267	0.005
19	99.5133	0.001	0.0012	0.0074	0.029	0.145	0.2323	0.2918	0.1844	0.0762	0.0263	0.0055
20	99.691	0.001	0.0012	0.0048	0.0176	0.0704	0.1449	0	0.2809	0.2454	0.1596	0.0505	0.0192	0.0045
21	99.7886	0.0013	0.002	0.0054	0.0189	0.0569	0.1038	0.1383	0.2554	0.2215	0.1327	0.043	0.0166	0.0041
