Allele	BoLA_DRB3_043_03
Type	Standard
n_specificities	1
npep_u	1
npep_t	5000
spec_ids	1
L_core	9
L_N	0
L_C	0
CS_perL	1
pepL_lower	12
pepL_upper	21
n_diff_aa	20

PWM_norm.1	P1	P2	P3	P4	P5	P6	P7	P8	P9
A	0.0896	0.971	1.4815	1.814	0.8631	1.7951	1.1769	1.0644	0.2711
C	0.0511	0.118	0.3191	0.1325	0.2049	0.3236	0.225	0.1741	0.0866
D	0.0347	0.5546	0.4037	8.7698	1.3049	0.9194	1.0021	0.7402	0.1699
E	0.0549	1.1045	0.6979	0.7283	1.4422	1.0705	1.2377	0.887	0.1516
F	8.5177	0.8507	1.0737	0.4041	0.6822	0.3392	1.0196	0.74	3.5066
G	0.0609	0.3361	0.5972	0.3594	0.8661	0.6657	1.0903	0.8153	0.0905
H	0.1257	1.4432	0.7858	0.2089	1.0709	0.8282	1.7336	1.0982	0.1705
I	2.7942	1.5947	2.2462	0.5343	1.0539	1.8852	1.2695	1.2216	5.1288
K	0.0562	1.7443	0.9462	0.0639	1.6476	0.5733	0.8119	1.5537	0.0923
L	1.3764	0.8388	0.9202	0.2639	0.6388	0.9924	0.8238	1.0214	2.6307
M	0.9048	0.5271	1.333	0.3789	0.77	0.6498	0.5687	0.6684	1.8569
N	0.0706	1.0223	0.8979	1.0217	1.0117	1.3149	1.6036	1.0545	0.2701
P	0.0383	0.0548	1.1284	0.0378	0.9474	0.7865	1.3393	1.269	0.0651
Q	0.0511	1.2417	0.8793	0.4234	1.0501	1.2644	0.8912	0.9768	0.2379
R	0.0397	1.734	0.8779	0.0553	1.1446	0.4589	0.6606	1.3668	0.0854
S	0.0409	0.7046	0.8629	1.4831	0.7989	0.6142	0.6648	0.8432	0.1038
T	0.0763	1.109	0.7902	1.0512	1.2464	1.2449	0.8303	0.8858	0.3052
V	0.9921	1.94	1.4579	0.717	1.036	2.1704	0.9905	1.0389	2.884
W	4.4804	0.5062	0.5861	0.0935	0.5623	0.1861	0.9006	0.4268	1.003
Y	10.1766	1.153	1.744	0.094	0.9323	0.2861	1.314	1.078	2.1689

pepL	alpha	w_s
12	99.5307	0.083	0.1488	0	0.3949	0.3733
13	98.9574	0.0263	0.0764	0.2382	0.4675	0.1916
14	98.3293	0.0043	0.0259	0.161	0	0.4702	0.2976	0.0409
15	98.0138	0.0017	0.0096	0.0839	0.3761	0.4093	0.0998	0.0197
16	98.2233	8e-04	0.0022	0.03	0.2337	0	0.522	0.1562	0.0472	0.0079
17	98.7349	8e-04	0.0019	0.0146	0.1152	0.4294	0.2806	0.114	0.0362	0.0072
18	99.2174	5e-04	0.0013	0.0066	0.0433	0.2908	0	0.3312	0.218	0.0767	0.0267	0.005
19	99.5134	0.001	0.0012	0.0074	0.029	0.145	0.2323	0.2917	0.1843	0.0762	0.0263	0.0055
20	99.6911	0.001	0.0012	0.0048	0.0176	0.0704	0.1449	0	0.2809	0.2453	0.1596	0.0505	0.0192	0.0045
21	99.7886	0.0013	0.002	0.0054	0.0189	0.0569	0.1038	0.1384	0.2552	0.2215	0.1327	0.043	0.0166	0.0041
