Allele	BoLA_DRB3_045_01
Type	Standard
n_specificities	1
npep_u	1
npep_t	5000
spec_ids	1
L_core	9
L_N	0
L_C	0
CS_perL	1
pepL_lower	12
pepL_upper	21
n_diff_aa	20

PWM_norm.1	P1	P2	P3	P4	P5	P6	P7	P8	P9
A	0.0896	0.971	1.5087	0.4169	1.0315	1.7338	0.9921	1.1786	1.276
C	0.0511	0.118	0.2912	0.1246	0.1995	0.3713	0.186	0.1131	0.9559
D	0.0347	0.5546	0.3144	0.2845	0.8502	2.0637	0.607	0.5371	0.2176
E	0.0549	1.1045	0.6243	0.3331	0.9311	1.4745	0.7994	0.9166	0.2405
F	8.5177	0.8507	0.9848	5.4974	0.4118	0.3359	1.5198	0.6046	0.9842
G	0.0609	0.3361	0.659	0.1661	0.744	1.315	0.7532	0.9621	0.9927
H	0.1257	1.4432	0.9172	1.3297	1.3898	1.0739	2.6766	1.5437	0.3733
I	2.7942	1.5947	1.9613	1.5545	0.7213	1.0441	1.2014	1.0119	1.374
K	0.0562	1.7443	0.9043	0.352	2.024	0.6428	1.5025	1.5625	1.7584
L	1.3764	0.8388	0.9473	0.9831	0.4297	0.4346	0.9622	1.0918	1.7013
M	0.9048	0.5271	1.0933	1.549	0.5941	0.5446	0.7184	0.5453	2.0145
N	0.0706	1.0223	0.8202	0.3786	1.411	2.1449	1.5108	0.8962	0.6559
P	0.0383	0.0548	0.9039	0.1002	1.6908	0.5055	0.7416	1.2711	0.1366
Q	0.0511	1.2417	1.1323	0.6861	1.2179	0.9127	1.2092	1.0865	0.4724
R	0.0397	1.734	1.2915	0.4544	1.3541	0.5938	1.4419	1.4361	1.2417
S	0.0409	0.7046	0.8634	0.1671	0.9159	0.9373	0.5829	0.7431	0.6158
T	0.0763	1.109	0.8764	0.269	1.2784	1.2056	0.5946	0.862	0.6793
V	0.9921	1.94	1.4038	0.8933	0.8001	0.9298	0.7369	0.984	2.2125
W	4.4804	0.5062	0.8324	4.9623	0.5207	0.2983	1.1917	0.333	0.4668
Y	10.1766	1.153	1.6843	9.5786	0.7638	0.4922	1.4507	1.0692	1.0913

pepL	alpha	w_s
12	99.5307	0.083	0.1488	0	0.3949	0.3733
13	98.9574	0.0263	0.0764	0.2382	0.4675	0.1916
14	98.3293	0.0043	0.0259	0.161	0	0.4702	0.2976	0.0409
15	98.0138	0.0017	0.0096	0.0839	0.3761	0.4093	0.0998	0.0197
16	98.2233	8e-04	0.0022	0.03	0.2337	0	0.522	0.1562	0.0472	0.0079
17	98.7349	8e-04	0.0019	0.0146	0.1152	0.4294	0.2806	0.114	0.0362	0.0072
18	99.2174	5e-04	0.0013	0.0066	0.0433	0.2908	0	0.3312	0.218	0.0767	0.0267	0.005
19	99.5134	0.001	0.0012	0.0074	0.029	0.145	0.2323	0.2917	0.1843	0.0762	0.0263	0.0055
20	99.6911	0.001	0.0012	0.0048	0.0176	0.0704	0.1449	0	0.2809	0.2453	0.1596	0.0505	0.0192	0.0045
21	99.7886	0.0013	0.002	0.0054	0.0189	0.0569	0.1038	0.1384	0.2552	0.2215	0.1327	0.043	0.0166	0.0041
