Allele	BoLA_DRB3_027_14
Type	Standard
n_specificities	1
npep_u	1
npep_t	5000
spec_ids	1
L_core	9
L_N	0
L_C	0
CS_perL	1
pepL_lower	12
pepL_upper	21
n_diff_aa	20

PWM_norm.1	P1	P2	P3	P4	P5	P6	P7	P8	P9
A	0.0896	1.3819	1.5994	2.6105	1.0064	1.1589	1.1739	1.0316	0.5292
C	0.0511	0.0859	0.1646	0.218	0.1725	0.4498	0.1924	0.0921	0.1701
D	0.0347	0.6727	0.2153	0.2506	1.3132	2.0091	0.7182	0.667	0.9176
E	0.0549	1.7044	0.5717	0.2159	1.1572	2.0078	0.8433	1.0585	1.0247
F	8.5177	0.8393	1.164	1.6499	0.5039	0.2832	1.2392	0.5554	1.8454
G	0.0609	0.4529	0.5957	0.3617	0.6262	0.6959	0.9788	0.8469	0.2753
H	0.1257	1.6694	1.1105	2.0565	1.2008	0.5573	1.9062	1.2916	0.2677
I	2.7942	0.9773	1.7342	1.6665	0.9676	1.2664	1.2472	1.1125	2.5566
K	0.0562	1.1873	0.9298	0.2046	1.8523	0.1903	1.3564	1.4686	0.2954
L	1.3764	0.683	0.897	0.6148	0.6914	0.7932	1.351	1.2311	2.4094
M	0.9048	0.4878	0.9682	0.5676	0.644	0.7147	0.9353	0.6151	3.0703
N	0.0706	1.3314	0.7308	0.4306	1.1474	1.8136	1.1026	0.8748	0.311
P	0.0383	0.0706	1.2131	0.1281	0.7728	0.7248	0.6886	1.3342	0.0948
Q	0.0511	1.3149	1.1684	0.1819	1.0277	1.0953	1.1355	1.1475	0.6251
R	0.0397	1.2296	1.0696	0.0987	1.3491	0.2227	1.3722	1.3806	0.6447
S	0.0409	0.9684	0.9158	2.1786	0.8104	0.8785	0.4758	0.6195	0.2656
T	0.0763	1.4653	0.5839	1.8691	1.1187	1.2645	0.6441	0.8099	0.5028
V	0.9921	1.1942	1.4295	2.6806	1.376	1.783	0.7674	1.0382	1.6719
W	4.4804	0.4664	0.9497	0.3457	0.5129	0.2326	0.9358	0.3348	2.0928
Y	10.1766	1.2296	2.3325	0.2329	0.9664	0.3678	1.0856	1.171	2.2703

pepL	alpha	w_s
12	99.5307	0.083	0.1488	0	0.3949	0.3733
13	98.9574	0.0263	0.0764	0.2382	0.4675	0.1916
14	98.3293	0.0043	0.0259	0.161	0	0.4702	0.2976	0.0409
15	98.0138	0.0017	0.0096	0.0839	0.3761	0.4093	0.0998	0.0197
16	98.2233	8e-04	0.0022	0.03	0.2337	0	0.522	0.1562	0.0472	0.0079
17	98.7349	8e-04	0.0019	0.0146	0.1152	0.4294	0.2806	0.114	0.0362	0.0072
18	99.2174	5e-04	0.0013	0.0066	0.0433	0.2908	0	0.3312	0.218	0.0767	0.0267	0.005
19	99.5134	0.001	0.0012	0.0074	0.029	0.145	0.2323	0.2917	0.1843	0.0762	0.0263	0.0055
20	99.6911	0.001	0.0012	0.0048	0.0176	0.0704	0.1449	0	0.2809	0.2453	0.1596	0.0505	0.0192	0.0045
21	99.7886	0.0013	0.002	0.0054	0.0189	0.0569	0.1038	0.1384	0.2552	0.2215	0.1327	0.043	0.0166	0.0041
