Allele	BoLA_DRB3_002_01
Type	Standard
n_specificities	1
npep_u	1
npep_t	5000
spec_ids	1
L_core	9
L_N	0
L_C	0
CS_perL	1
pepL_lower	12
pepL_upper	21
n_diff_aa	20

PWM_norm.1	P1	P2	P3	P4	P5	P6	P7	P8	P9
A	0.1391	0.9786	1.5907	0.5882	1.0627	0.3353	1.0604	1.1812	1.092
C	0.0583	0.1182	0.2804	0.1561	0.1722	0.0273	0.28	0.116	0.542
D	0.0402	0.5555	0.5111	0.3207	1.3732	0.2206	0.9503	0.5499	0.1885
E	0.0321	1.1065	0.795	0.3496	1.1806	0.2015	1.3143	0.9164	0.2375
F	0.8712	0.8442	1.0454	4.8675	0.4956	0.0511	0.9596	0.6052	1.4774
G	0.0626	0.3341	0.7087	0.1811	0.7015	0.1031	0.8136	0.9468	0.4496
H	0.041	1.4506	0.8247	2.3532	1.2293	1.1755	1.34	1.5282	0.3514
I	8.7661	1.5874	2.3246	1.4751	0.9375	0.5336	1.2289	1.0162	1.9125
K	0.0339	1.7251	0.8812	0.7418	1.7439	8.5146	0.8889	1.5537	0.212
L	2.7494	0.856	0.9193	0.8987	0.4537	0.2268	0.8165	1.0855	2.2623
M	1.3964	0.5286	1.1058	1.3633	0.634	0.1342	1.0087	0.5538	1.4762
N	0.0398	1.0179	0.8488	1.1157	1.1752	0.253	1.9542	0.9038	0.6783
P	0.0759	0.0529	1.0026	0.0635	1.1399	0.1812	0.7904	1.2759	0.1227
Q	0.0349	1.1967	0.8584	0.7749	1.2348	0.3052	1.2106	1.0813	0.55
R	0.0305	1.746	0.7923	0.6435	1.1435	4.645	0.6144	1.4304	0.375
S	0.033	0.7128	0.7845	0.2884	0.9813	0.1256	0.8682	0.746	0.6773
T	0.1218	1.1169	0.8781	0.4386	1.3604	0.4821	0.8502	0.863	0.8719
V	3.9808	1.9381	1.4068	1.0444	0.8719	0.5979	1.1176	0.997	3.0834
W	0.1798	0.5113	0.5362	5.8232	0.3946	0.0396	0.8161	0.3334	0.2168
Y	0.1653	1.1473	1.7551	5.5436	0.9295	0.0692	1.5865	1.0766	2.7968

pepL	alpha	w_s
12	99.5307	0.083	0.1488	0	0.3949	0.3734
13	98.9575	0.0263	0.0764	0.2382	0.4675	0.1916
14	98.3294	0.0043	0.0259	0.161	0	0.4702	0.2977	0.0409
15	98.0139	0.0017	0.0096	0.0839	0.376	0.4093	0.0998	0.0197
16	98.2233	8e-04	0.0022	0.03	0.2337	0	0.5219	0.1563	0.0471	0.0079
17	98.735	8e-04	0.0019	0.0146	0.1152	0.4293	0.2806	0.114	0.0363	0.0072
18	99.2174	5e-04	0.0013	0.0066	0.0433	0.2908	0	0.3312	0.218	0.0767	0.0267	0.005
19	99.5133	0.001	0.0012	0.0074	0.029	0.145	0.2323	0.2918	0.1844	0.0762	0.0263	0.0055
20	99.691	0.001	0.0012	0.0048	0.0176	0.0704	0.1449	0	0.2809	0.2454	0.1596	0.0505	0.0192	0.0045
21	99.7886	0.0013	0.002	0.0054	0.0189	0.0569	0.1038	0.1383	0.2554	0.2215	0.1327	0.043	0.0166	0.0041
