Allele	BoLA_DRB3_134_01
Type	Standard
n_specificities	1
npep_u	1
npep_t	5000
spec_ids	1
L_core	9
L_N	0
L_C	0
CS_perL	1
pepL_lower	12
pepL_upper	21
n_diff_aa	20

PWM_norm.1	P1	P2	P3	P4	P5	P6	P7	P8	P9
A	0.1514	0.971	1.5132	1.5731	0.6223	0.4356	0.9567	1.0893	0.7995
C	0.0752	0.118	0.2495	0.1879	0.1208	0.1198	0.1297	0.122	0.1816
D	0.0461	0.5546	0.2618	2.4334	1.5179	0.6943	0.7732	0.6099	4.9033
E	0.034	1.1045	0.6078	1.1989	1.639	0.6442	1.1704	0.9874	3.2533
F	1.2848	0.8507	1.2374	0.868	0.401	0.1452	1.4109	0.6356	0.3041
G	0.0928	0.3361	0.4679	0.3665	0.7285	0.0948	0.4749	0.8651	1.0404
H	0.0565	1.4432	0.7514	0.905	0.8694	0.2678	1.4745	1.3727	0.8119
I	8.7075	1.5947	2.336	1.0004	1.317	4.8708	1.9109	1.0976	0.5519
K	0.0468	1.7443	0.9208	0.0863	1.7319	0.2155	0.4831	1.5419	0.5094
L	2.8025	0.8388	0.9527	0.2864	0.766	2.6219	0.9737	1.1315	0.6589
M	1.498	0.5271	1.4045	0.4122	0.8207	0.8038	0.6557	0.664	0.5954
N	0.0555	1.0223	0.8528	2.7817	0.7518	1.0445	1.6384	0.8988	0.8959
P	0.0887	0.0548	1.1956	0.0846	0.9342	0.1651	1.6941	1.2788	0.207
Q	0.0383	1.2417	0.9917	0.8378	0.9645	0.5808	0.7636	1.1338	1.2565
R	0.0451	1.734	0.8837	0.0759	1.4331	0.2449	0.5093	1.3498	0.4188
S	0.0404	0.7046	0.8905	2.3095	0.5764	0.22	0.6002	0.6976	0.475
T	0.1519	1.109	0.6739	1.5089	1.0676	0.8437	1.1232	0.855	0.4079
V	3.4569	1.94	1.496	1.4423	1.4149	3.4467	1.4061	1.0082	0.6091
W	0.3205	0.5062	0.5953	0.2201	0.2977	0.0917	0.6723	0.3935	0.1333
Y	0.1975	1.153	1.8288	0.1335	0.7474	0.2627	1.2684	1.1458	0.3408

pepL	alpha	w_s
12	99.5307	0.083	0.1488	0	0.3949	0.3733
13	98.9574	0.0263	0.0764	0.2382	0.4675	0.1916
14	98.3293	0.0043	0.0259	0.161	0	0.4702	0.2976	0.0409
15	98.0138	0.0017	0.0096	0.0839	0.3761	0.4093	0.0998	0.0197
16	98.2233	8e-04	0.0022	0.03	0.2337	0	0.522	0.1562	0.0472	0.0079
17	98.7349	8e-04	0.0019	0.0146	0.1152	0.4294	0.2806	0.114	0.0362	0.0072
18	99.2174	5e-04	0.0013	0.0066	0.0433	0.2908	0	0.3312	0.218	0.0767	0.0267	0.005
19	99.5134	0.001	0.0012	0.0074	0.029	0.145	0.2323	0.2917	0.1843	0.0762	0.0263	0.0055
20	99.6911	0.001	0.0012	0.0048	0.0176	0.0704	0.1449	0	0.2809	0.2453	0.1596	0.0505	0.0192	0.0045
21	99.7886	0.0013	0.002	0.0054	0.0189	0.0569	0.1038	0.1384	0.2552	0.2215	0.1327	0.043	0.0166	0.0041
