Allele	BoLA_DRB3_072_01
Type	Standard
n_specificities	1
npep_u	1
npep_t	5000
spec_ids	1
L_core	9
L_N	0
L_C	0
CS_perL	1
pepL_lower	12
pepL_upper	21
n_diff_aa	20

PWM_norm.1	P1	P2	P3	P4	P5	P6	P7	P8	P9
A	0.1329	0.971	1.4442	1.4875	0.8163	0.5504	1.6281	1.1786	0.9585
C	0.0539	0.118	0.322	0.276	0.2404	0.1093	0.2569	0.1131	0.3116
D	0.0395	0.5546	0.4068	3.1668	1.3745	0.4339	0.9634	0.5371	0.2208
E	0.0275	1.1045	0.6878	0.7479	1.3094	0.323	1.5383	0.9166	0.4054
F	0.8949	0.8507	1.0403	1.1166	0.6232	0.1684	0.5922	0.6046	1.4044
G	0.0598	0.3361	0.5048	0.3683	0.7975	0.155	1.0358	0.9621	0.7763
H	0.0379	1.4432	0.8438	0.7665	1.1416	1.655	0.5248	1.5437	0.5255
I	8.7578	1.5947	2.2883	1.0521	1.0996	1.64	1.0233	1.0119	0.7651
K	0.0307	1.7443	1.164	0.1783	1.7032	4.8406	0.4454	1.5625	3.1518
L	2.9065	0.8388	0.9035	0.3294	0.6901	0.7882	1.3806	1.0918	0.8259
M	1.2553	0.5271	1.4054	0.5586	0.7768	0.4759	0.7835	0.5453	1.3697
N	0.0347	1.0223	0.7972	3.6035	1.0277	0.6991	1.6908	0.8962	0.4804
P	0.0794	0.0548	1.1575	0.0658	1.0645	0.321	0.4264	1.2711	0.143
Q	0.0298	1.2417	0.8133	1.0177	1.1218	0.6957	0.9675	1.0865	0.7181
R	0.0294	1.734	0.9677	0.1613	1.0994	2.9545	0.4012	1.4361	3.3681
S	0.0298	0.7046	0.9432	1.5866	0.7206	0.226	0.9863	0.7431	0.5719
T	0.1199	1.109	0.8292	1.3285	1.2694	0.8402	0.9882	0.862	0.4679
V	3.8187	1.94	1.3265	1.4146	1.0394	1.6869	1.2704	0.984	1.0389
W	0.1738	0.5062	0.4866	0.626	0.4963	0.1227	0.2952	0.333	0.6385
Y	0.1263	1.153	1.537	0.3713	0.9364	0.1772	0.9706	1.0692	1.9809

pepL	alpha	w_s
12	99.5307	0.083	0.1488	0	0.3949	0.3733
13	98.9574	0.0263	0.0764	0.2382	0.4675	0.1916
14	98.3293	0.0043	0.0259	0.161	0	0.4702	0.2976	0.0409
15	98.0138	0.0017	0.0096	0.0839	0.3761	0.4093	0.0998	0.0197
16	98.2233	8e-04	0.0022	0.03	0.2337	0	0.522	0.1562	0.0472	0.0079
17	98.7349	8e-04	0.0019	0.0146	0.1152	0.4294	0.2806	0.114	0.0362	0.0072
18	99.2174	5e-04	0.0013	0.0066	0.0433	0.2908	0	0.3312	0.218	0.0767	0.0267	0.005
19	99.5134	0.001	0.0012	0.0074	0.029	0.145	0.2323	0.2917	0.1843	0.0762	0.0263	0.0055
20	99.6911	0.001	0.0012	0.0048	0.0176	0.0704	0.1449	0	0.2809	0.2453	0.1596	0.0505	0.0192	0.0045
21	99.7886	0.0013	0.002	0.0054	0.0189	0.0569	0.1038	0.1384	0.2552	0.2215	0.1327	0.043	0.0166	0.0041
