Allele	BoLA_DRB3_158_01
Type	Standard
n_specificities	1
npep_u	1
npep_t	5000
spec_ids	1
L_core	9
L_N	0
L_C	0
CS_perL	1
pepL_lower	12
pepL_upper	21
n_diff_aa	20

PWM_norm.1	P1	P2	P3	P4	P5	P6	P7	P8	P9
A	0.1391	1.011	1.2917	0.821	0.5812	0.5642	1.0696	1.0347	0.42
C	0.0583	0.1696	0.2413	0.2071	0.0869	0.1268	0.1838	0.108	0.1753
D	0.0402	0.6416	0.3569	1.8481	0.9952	2.1732	0.5439	0.6454	0.3978
E	0.0321	1.0599	0.676	2.3722	1.4846	1.209	0.8	1.0308	0.3646
F	0.8712	0.875	1.4982	1.2231	0.3724	0.163	1.3753	0.5338	1.2898
G	0.0626	0.3967	0.4187	0.2468	0.706	0.1494	0.7816	0.8564	0.0976
H	0.041	1.9291	1.1559	1.4411	0.9257	0.2595	1.3246	1.291	0.1269
I	8.7661	1.4199	2.0003	1.8468	1.2618	3.3793	1.5722	1.0806	3.3639
K	0.0339	1.5741	1.0855	0.1408	2.0333	0.1729	0.7846	1.4956	0.1311
L	2.7494	0.7752	0.9002	1.5756	0.837	1.8603	1.0311	1.1933	3.2798
M	1.3964	0.6704	1.2181	1.6204	0.8156	0.9114	0.9121	0.6292	1.5056
N	0.0398	1.2024	0.7438	0.6873	0.7362	1.6839	1.4998	0.8818	0.3419
P	0.0759	0.0699	1.1534	0.0963	0.757	0.2229	1.8898	1.3334	0.0604
Q	0.0349	1.3176	1.1455	1.4292	1.1161	0.8047	0.8524	1.1305	0.2302
R	0.0305	1.5817	0.8263	0.1267	1.6826	0.1218	0.7026	1.3811	0.1922
S	0.033	0.7981	0.7132	0.8654	0.5804	0.4309	0.6824	0.6731	0.1309
T	0.1218	1.1625	0.642	0.9082	1.0458	1.0706	0.9518	0.8198	0.4149
V	3.9808	1.5852	1.5578	1.0424	1.651	2.6995	1.0429	1.0684	3.5186
W	0.1798	0.8225	0.9561	0.2319	0.2376	0.0884	0.7877	0.3364	0.2606
Y	0.1653	1.2495	2.3962	0.3245	0.6287	0.2262	1.2803	1.1546	2.6976

pepL	alpha	w_s
12	99.5307	0.083	0.1488	0	0.3949	0.3734
13	98.9575	0.0263	0.0764	0.2382	0.4675	0.1916
14	98.3294	0.0043	0.0259	0.161	0	0.4702	0.2977	0.0409
15	98.0139	0.0017	0.0096	0.0839	0.376	0.4093	0.0998	0.0197
16	98.2233	8e-04	0.0022	0.03	0.2337	0	0.5219	0.1563	0.0471	0.0079
17	98.735	8e-04	0.0019	0.0146	0.1152	0.4293	0.2806	0.114	0.0363	0.0072
18	99.2174	5e-04	0.0013	0.0066	0.0433	0.2908	0	0.3312	0.218	0.0767	0.0267	0.005
19	99.5133	0.001	0.0012	0.0074	0.029	0.145	0.2323	0.2918	0.1844	0.0762	0.0263	0.0055
20	99.691	0.001	0.0012	0.0048	0.0176	0.0704	0.1449	0	0.2809	0.2454	0.1596	0.0505	0.0192	0.0045
21	99.7886	0.0013	0.002	0.0054	0.0189	0.0569	0.1038	0.1383	0.2554	0.2215	0.1327	0.043	0.0166	0.0041
