Allele	BoLA_DRB3_150_01
Type	Standard
n_specificities	1
npep_u	1
npep_t	5000
spec_ids	1
L_core	9
L_N	0
L_C	0
CS_perL	1
pepL_lower	12
pepL_upper	21
n_diff_aa	20

PWM_norm.1	P1	P2	P3	P4	P5	P6	P7	P8	P9
A	0.0934	1.2763	1.4246	1.775	1.2047	3.1636	0.8957	1.1812	2.8823
C	0.049	0.1405	0.2257	0.3282	0.2228	0.6463	0.1427	0.116	0.236
D	0.0361	0.7383	0.2759	0.1935	1.3306	0.6567	0.749	0.5499	0.4497
E	0.0576	1.5	0.5376	0.2754	0.9172	0.7352	0.8463	0.9164	0.4846
F	8.2964	0.8432	1.2056	1.8784	0.4614	0.2533	1.1493	0.6052	0.2476
G	0.0619	0.4409	0.6163	0.193	0.7172	2.07	0.5939	0.9468	2.954
H	0.1244	1.5903	1.0168	0.8222	1.1475	0.2484	2.0024	1.5282	0.883
I	2.7704	1.1394	1.8284	2.7407	0.9623	0.8485	1.1017	1.0162	0.3248
K	0.0618	1.2703	0.9893	0.2042	1.74	0.106	1.3853	1.5537	0.2833
L	1.3527	0.7134	0.8762	2.4809	0.547	0.4411	1.5125	1.0855	0.1751
M	0.9209	0.6048	1.164	1.832	0.7319	0.3883	1.0095	0.5538	0.3138
N	0.0713	1.1087	0.7933	0.4668	1.42	1.5386	1.3184	0.9038	0.9326
P	0.0388	0.0739	1.0561	0.0749	1.0906	1.171	0.8916	1.2759	0.3804
Q	0.0536	1.3137	1.1667	0.3108	0.8654	0.7341	1.4919	1.0813	2.8359
R	0.0379	1.352	1.1209	0.1174	1.3042	0.0925	1.3274	1.4304	0.2655
S	0.0414	0.8751	0.9106	0.8829	0.9379	1.3109	0.437	0.746	2.1883
T	0.0773	1.279	0.7255	0.9612	1.1597	1.2033	0.5318	0.863	0.6405
V	0.9818	1.5337	1.4564	2.2739	1.1567	1.4252	0.8398	0.997	0.4338
W	4.5203	0.651	1.0272	0.4813	0.5228	0.0979	0.9065	0.3334	0.0731
Y	10.5593	1.2012	2.1469	0.4941	0.8942	0.1678	1.1541	1.0766	0.2052

pepL	alpha	w_s
12	99.5307	0.083	0.1488	0	0.3949	0.3734
13	98.9575	0.0263	0.0764	0.2382	0.4675	0.1916
14	98.3294	0.0043	0.0259	0.161	0	0.4702	0.2977	0.0409
15	98.0139	0.0017	0.0096	0.0839	0.376	0.4093	0.0998	0.0197
16	98.2233	8e-04	0.0022	0.03	0.2337	0	0.5219	0.1563	0.0471	0.0079
17	98.735	8e-04	0.0019	0.0146	0.1152	0.4293	0.2806	0.114	0.0363	0.0072
18	99.2174	5e-04	0.0013	0.0066	0.0433	0.2908	0	0.3312	0.218	0.0767	0.0267	0.005
19	99.5133	0.001	0.0012	0.0074	0.029	0.145	0.2323	0.2918	0.1844	0.0762	0.0263	0.0055
20	99.691	0.001	0.0012	0.0048	0.0176	0.0704	0.1449	0	0.2809	0.2454	0.1596	0.0505	0.0192	0.0045
21	99.7886	0.0013	0.002	0.0054	0.0189	0.0569	0.1038	0.1383	0.2554	0.2215	0.1327	0.043	0.0166	0.0041
