Allele	BoLA_DRB3_141_01
Type	Standard
n_specificities	1
npep_u	1
npep_t	5000
spec_ids	1
L_core	9
L_N	0
L_C	0
CS_perL	1
pepL_lower	12
pepL_upper	21
n_diff_aa	20

PWM_norm.1	P1	P2	P3	P4	P5	P6	P7	P8	P9
A	0.1514	0.971	1.4253	1.3063	0.9391	1.7166	1.3876	1.1786	1.7586
C	0.0752	0.118	0.2901	0.2921	0.2752	0.3444	0.3466	0.1131	0.5023
D	0.0461	0.5546	0.2849	3.5151	1.5783	2.0597	1.4242	0.5371	0.3057
E	0.034	1.1045	0.5448	1.039	1.1418	0.6106	1.02	0.9166	0.4902
F	1.2848	0.8507	0.9587	1.5161	0.5519	0.3698	1.2923	0.6046	1.354
G	0.0928	0.3361	0.613	0.3596	0.7162	1.2298	1.2605	0.9621	1.2845
H	0.0565	1.4432	0.8407	0.7321	1.0462	0.4953	1.1694	1.5437	0.6675
I	8.7075	1.5947	1.9565	1.4417	0.8858	1.1805	1.041	1.0119	1.1074
K	0.0468	1.7443	0.9129	0.173	1.4113	0.141	0.6499	1.5625	0.8271
L	2.8025	0.8388	0.9715	0.5273	0.5177	0.4936	0.9527	1.0918	0.9735
M	1.498	0.5271	1.1565	0.9572	0.6689	0.4373	0.7333	0.5453	1.4699
N	0.0555	1.0223	0.8972	1.1841	1.3581	3.2873	1.355	0.8962	0.8
P	0.0887	0.0548	1.0294	0.1371	1.6682	0.6209	0.5417	1.2711	0.2122
Q	0.0383	1.2417	1.1226	0.8704	1.0113	0.993	0.9058	1.0865	1.1831
R	0.0451	1.734	1.2985	0.1393	1.1168	0.1006	0.7651	1.4361	1.2901
S	0.0404	0.7046	0.8891	1.4978	0.8788	1.5927	0.8594	0.7431	1.0918
T	0.1519	1.109	0.8411	1.4226	1.1535	1.5243	1.0388	0.862	0.808
V	3.4569	1.94	1.4798	1.4899	0.9756	1.1414	0.9715	0.984	1.4403
W	0.3205	0.5062	0.8007	0.6483	0.4566	0.1548	0.8768	0.333	0.2976
Y	0.1975	1.153	1.6745	0.5748	0.9487	0.3104	1.3653	1.0692	1.777

pepL	alpha	w_s
12	99.5307	0.083	0.1488	0	0.3949	0.3733
13	98.9574	0.0263	0.0764	0.2382	0.4675	0.1916
14	98.3293	0.0043	0.0259	0.161	0	0.4702	0.2976	0.0409
15	98.0138	0.0017	0.0096	0.0839	0.3761	0.4093	0.0998	0.0197
16	98.2233	8e-04	0.0022	0.03	0.2337	0	0.522	0.1562	0.0472	0.0079
17	98.7349	8e-04	0.0019	0.0146	0.1152	0.4294	0.2806	0.114	0.0362	0.0072
18	99.2174	5e-04	0.0013	0.0066	0.0433	0.2908	0	0.3312	0.218	0.0767	0.0267	0.005
19	99.5134	0.001	0.0012	0.0074	0.029	0.145	0.2323	0.2917	0.1843	0.0762	0.0263	0.0055
20	99.6911	0.001	0.0012	0.0048	0.0176	0.0704	0.1449	0	0.2809	0.2453	0.1596	0.0505	0.0192	0.0045
21	99.7886	0.0013	0.002	0.0054	0.0189	0.0569	0.1038	0.1384	0.2552	0.2215	0.1327	0.043	0.0166	0.0041
