Allele	BoLA_DRB3_145_01
Type	Standard
n_specificities	1
npep_u	1
npep_t	5000
spec_ids	1
L_core	9
L_N	0
L_C	0
CS_perL	1
pepL_lower	12
pepL_upper	21
n_diff_aa	20

PWM_norm.1	P1	P2	P3	P4	P5	P6	P7	P8	P9
A	0.0934	1.2763	1.4713	2.2905	1.0084	2.9948	1.083	1.1812	0.6881
C	0.049	0.1405	0.1474	0.2372	0.1932	0.4332	0.1618	0.116	0.3192
D	0.0361	0.7383	0.1817	0.1724	1.2481	0.9805	0.6759	0.5499	0.2553
E	0.0576	1.5	0.4916	0.2385	1.1748	1.7552	0.7146	0.9164	0.378
F	8.2964	0.8432	1.2117	1.1127	0.4599	0.2245	1.2306	0.6052	1.1332
G	0.0619	0.4409	0.4747	0.1985	0.6797	1.8109	1.2924	0.9468	0.5512
H	0.1244	1.5903	0.8973	0.8803	1.1042	0.2058	1.9575	1.5282	0.4264
I	2.7704	1.1394	1.8868	2.3633	1.0243	0.6443	1.219	1.0162	0.8098
K	0.0618	1.2703	1.0158	0.2158	1.8873	0.0742	1.469	1.5537	3.3666
L	1.3527	0.7134	0.9254	1.777	0.6182	0.3601	1.2781	1.0855	1.0182
M	0.9209	0.6048	1.0897	0.9993	0.6971	0.3203	1.015	0.5538	1.3776
N	0.0713	1.1087	0.7578	0.5134	1.0979	1.5893	1.094	0.9038	0.6659
P	0.0388	0.0739	1.2548	0.0663	0.9455	0.9453	0.991	1.2759	0.1089
Q	0.0536	1.3137	1.2646	0.2183	0.8984	0.9301	0.9305	1.0813	0.5191
R	0.0379	1.352	1.2108	0.1001	1.3684	0.0745	1.39	1.4304	3.6208
S	0.0414	0.8751	0.9184	1.4929	0.8249	1.2247	0.4594	0.746	0.4854
T	0.0773	1.279	0.6013	1.5196	1.1759	1.0728	0.5301	0.863	0.4452
V	0.9818	1.5337	1.4749	2.7931	1.3542	1.1765	0.679	0.997	1.1347
W	4.5203	0.651	0.7354	0.2515	0.5121	0.0817	0.9732	0.3334	0.8277
Y	10.5593	1.2012	2.0953	0.2134	0.8276	0.163	1.0649	1.0766	2.1156

pepL	alpha	w_s
12	99.5307	0.083	0.1488	0	0.3949	0.3734
13	98.9575	0.0263	0.0764	0.2382	0.4675	0.1916
14	98.3294	0.0043	0.0259	0.161	0	0.4702	0.2977	0.0409
15	98.0139	0.0017	0.0096	0.0839	0.376	0.4093	0.0998	0.0197
16	98.2233	8e-04	0.0022	0.03	0.2337	0	0.5219	0.1563	0.0471	0.0079
17	98.735	8e-04	0.0019	0.0146	0.1152	0.4293	0.2806	0.114	0.0363	0.0072
18	99.2174	5e-04	0.0013	0.0066	0.0433	0.2908	0	0.3312	0.218	0.0767	0.0267	0.005
19	99.5133	0.001	0.0012	0.0074	0.029	0.145	0.2323	0.2918	0.1844	0.0762	0.0263	0.0055
20	99.691	0.001	0.0012	0.0048	0.0176	0.0704	0.1449	0	0.2809	0.2454	0.1596	0.0505	0.0192	0.0045
21	99.7886	0.0013	0.002	0.0054	0.0189	0.0569	0.1038	0.1383	0.2554	0.2215	0.1327	0.043	0.0166	0.0041
