Allele	BoLA_DRB3_010_03
Type	Standard
n_specificities	1
npep_u	1
npep_t	5000
spec_ids	1
L_core	9
L_N	0
L_C	0
CS_perL	1
pepL_lower	12
pepL_upper	21
n_diff_aa	20

PWM_norm.1	P1	P2	P3	P4	P5	P6	P7	P8	P9
A	0.0896	0.971	1.5087	0.9893	1.0589	1.5195	1.296	0.9944	0.5216
C	0.0511	0.118	0.2912	0.4402	0.3834	0.6425	0.2848	0.2047	0.1138
D	0.0347	0.5546	0.3144	0.4676	1.1895	2.6488	0.7563	0.935	0.4156
E	0.0549	1.1045	0.6243	0.6241	0.9536	0.7088	0.7779	1.0016	0.3909
F	8.5177	0.8507	0.9848	3.7337	0.6173	0.261	1.311	0.5873	3.777
G	0.0609	0.3361	0.659	0.3365	0.6991	0.8204	0.8596	0.8908	0.3535
H	0.1257	1.4432	0.9172	0.9672	1.2582	0.5561	1.5423	1.4974	1.0226
I	2.7942	1.5947	1.9613	2.5032	1.019	1.3832	1.8353	1.1753	2.886
K	0.0562	1.7443	0.9043	0.3109	1.6053	0.3072	0.9368	1.6479	0.2549
L	1.3764	0.8388	0.9473	1.2274	0.5928	0.6384	0.912	0.7184	1.8478
M	0.9048	0.5271	1.0933	2.2929	0.9074	0.6143	1.0062	0.3805	1.5647
N	0.0706	1.0223	0.8202	0.7015	1.2663	2.2538	1.3038	0.9774	0.5881
P	0.0383	0.0548	0.9039	0.1757	1.0668	0.7351	0.8441	1.1561	0.3408
Q	0.0511	1.2417	1.1323	0.9578	1.1667	0.6785	1.114	1.1823	0.7017
R	0.0397	1.734	1.2915	0.2754	1.1326	0.2655	1.1602	1.232	0.2061
S	0.0409	0.7046	0.8634	0.6198	0.8641	1.1557	0.5974	0.7031	0.3023
T	0.0763	1.109	0.8764	0.7305	1.2558	1.5195	0.9008	1.045	0.5018
V	0.9921	1.94	1.4038	1.5402	1.0941	1.7554	1.0784	1.3371	1.7243
W	4.4804	0.5062	0.8324	2.4296	0.75	0.181	1.0162	0.427	5.5405
Y	10.1766	1.153	1.6843	2.4895	1.0761	0.2962	1.0594	1.1636	2.3467

pepL	alpha	w_s
12	99.5307	0.083	0.1488	0	0.3949	0.3733
13	98.9574	0.0263	0.0764	0.2382	0.4675	0.1916
14	98.3293	0.0043	0.0259	0.161	0	0.4702	0.2976	0.0409
15	98.0138	0.0017	0.0096	0.0839	0.3761	0.4093	0.0998	0.0197
16	98.2233	8e-04	0.0022	0.03	0.2337	0	0.522	0.1562	0.0472	0.0079
17	98.7349	8e-04	0.0019	0.0146	0.1152	0.4294	0.2806	0.114	0.0362	0.0072
18	99.2174	5e-04	0.0013	0.0066	0.0433	0.2908	0	0.3312	0.218	0.0767	0.0267	0.005
19	99.5134	0.001	0.0012	0.0074	0.029	0.145	0.2323	0.2917	0.1843	0.0762	0.0263	0.0055
20	99.6911	0.001	0.0012	0.0048	0.0176	0.0704	0.1449	0	0.2809	0.2453	0.1596	0.0505	0.0192	0.0045
21	99.7886	0.0013	0.002	0.0054	0.0189	0.0569	0.1038	0.1384	0.2552	0.2215	0.1327	0.043	0.0166	0.0041
