Allele	BoLA_DRB3_160_01
Type	Standard
n_specificities	1
npep_u	1
npep_t	5000
spec_ids	1
L_core	9
L_N	0
L_C	0
CS_perL	1
pepL_lower	12
pepL_upper	21
n_diff_aa	20

PWM_norm.1	P1	P2	P3	P4	P5	P6	P7	P8	P9
A	0.1045	1.3819	1.6478	3.3045	0.9324	0.6272	1.0557	0.9729	0.6225
C	0.056	0.0859	0.1997	0.1459	0.1709	0.1364	0.1974	0.1419	0.1937
D	0.0418	0.6727	0.4208	2.0535	0.9556	0.7821	0.7276	0.644	0.5308
E	0.0625	1.7044	0.6953	0.302	1.1666	0.5947	1.6635	0.7757	0.5262
F	8.0687	0.8393	1.4278	0.6859	0.6794	0.1778	0.698	0.514	1.6741
G	0.0614	0.4529	0.8064	0.5971	0.8188	0.1693	0.5709	0.7762	0.2186
H	0.1197	1.6694	1.2594	1.3587	1.1568	1.6902	1.0853	0.9403	0.256
I	3.0843	0.9773	1.48	0.744	1.1115	1.8406	1.1889	1.4054	4.4
K	0.0466	1.1873	0.9061	0.1361	1.8419	3.4037	0.6601	1.6146	0.1386
L	1.5202	0.683	0.6143	0.1686	0.7585	0.9273	1.307	1.0371	2.365
M	0.9738	0.4878	1.5461	0.1986	0.8936	0.5458	0.6121	0.8387	1.8758
N	0.0599	1.3314	0.7827	1.3983	1.1338	0.9228	2.1118	1.1172	0.4246
P	0.05	0.0706	1.0438	0.1056	1.0616	0.3342	1.1811	1.5425	0.1068
Q	0.0556	1.3149	1.0657	0.2547	1.1926	0.9288	1.1758	1.0018	0.6292
R	0.0349	1.2296	0.6536	0.0984	1.0467	2.3753	0.5129	1.2487	0.2651
S	0.0421	0.9684	1.2039	2.0095	0.6843	0.2771	0.6816	0.7036	0.2339
T	0.0899	1.4653	0.6785	2.3344	1.2147	0.9559	0.737	1.0539	0.5157
V	1.2511	1.1942	1.0874	1.8345	1.0934	1.9343	1.2788	1.1407	2.8605
W	3.8947	0.4664	1.2058	0.1905	0.494	0.1461	0.5399	0.2582	0.7474
Y	9.2871	1.2296	2.447	0.1537	0.9808	0.2274	1.1011	1.1563	1.5229

pepL	alpha	w_s
12	99.5307	0.083	0.1488	0	0.3949	0.3733
13	98.9574	0.0263	0.0764	0.2382	0.4675	0.1916
14	98.3293	0.0043	0.0259	0.161	0	0.4702	0.2976	0.0409
15	98.0138	0.0017	0.0096	0.0839	0.3761	0.4093	0.0998	0.0197
16	98.2233	8e-04	0.0022	0.03	0.2337	0	0.522	0.1562	0.0472	0.0079
17	98.7349	8e-04	0.0019	0.0146	0.1152	0.4294	0.2806	0.114	0.0362	0.0072
18	99.2174	5e-04	0.0013	0.0066	0.0433	0.2908	0	0.3312	0.218	0.0767	0.0267	0.005
19	99.5134	0.001	0.0012	0.0074	0.029	0.145	0.2323	0.2917	0.1843	0.0762	0.0263	0.0055
20	99.6911	0.001	0.0012	0.0048	0.0176	0.0704	0.1449	0	0.2809	0.2453	0.1596	0.0505	0.0192	0.0045
21	99.7886	0.0013	0.002	0.0054	0.0189	0.0569	0.1038	0.1384	0.2552	0.2215	0.1327	0.043	0.0166	0.0041
