Allele	BoLA_DRB3_033_01
Type	Standard
n_specificities	1
npep_u	1
npep_t	5000
spec_ids	1
L_core	9
L_N	0
L_C	0
CS_perL	1
pepL_lower	12
pepL_upper	21
n_diff_aa	20

PWM_norm.1	P1	P2	P3	P4	P5	P6	P7	P8	P9
A	0.1514	0.971	1.5602	0.4972	0.9725	0.2585	1.1592	0.9459	0.8021
C	0.0752	0.118	0.3027	0.161	0.1837	0.0303	0.2011	0.0825	0.1245
D	0.0461	0.5546	0.4931	0.1851	1.2975	0.1587	0.4173	0.5644	6.0871
E	0.034	1.1045	0.8117	0.4945	1.0978	0.2067	1.1433	0.8411	3.7215
F	1.2848	0.8507	1.0192	0.7705	0.5827	0.0587	0.675	0.3369	0.2158
G	0.0928	0.3361	0.6765	0.0518	0.8779	0.0872	1.0135	0.7195	0.8522
H	0.0565	1.4432	0.8006	0.1054	1.2229	1.2586	1.084	0.9163	0.649
I	8.7075	1.5947	2.3123	3.1877	0.7924	0.5333	1.2818	1.4819	0.6594
K	0.0468	1.7443	0.8895	0.0784	1.7704	7.5295	0.9601	1.6339	0.172
L	2.8025	0.8388	0.9232	5.5266	0.4234	0.2792	1.3036	1.3532	0.4532
M	1.498	0.5271	1.1039	2.7432	0.5961	0.1487	0.9252	0.8402	0.3167
N	0.0555	1.0223	0.8403	0.2595	1.4332	0.2501	2.2386	0.9502	0.7832
P	0.0887	0.0548	1.0128	0.0155	1.3551	0.2028	0.7748	1.5705	0.2265
Q	0.0383	1.2417	0.8582	0.5395	1.1214	0.3284	1.4207	1.1619	0.8961
R	0.0451	1.734	0.8133	0.0376	1.0866	5.3986	0.6151	1.1153	0.1321
S	0.0404	0.7046	0.806	0.15	1.0652	0.113	0.683	0.5702	0.5061
T	0.1519	1.109	0.8623	0.2147	1.3526	0.5696	0.7151	0.9261	0.4373
V	3.4569	1.94	1.4503	1.0926	0.6992	0.749	1.1476	1.2344	0.7516
W	0.3205	0.5062	0.5576	0.1005	0.5611	0.0447	0.7173	0.1597	0.0768
Y	0.1975	1.153	1.7284	0.303	0.8254	0.0708	1.0927	0.9709	0.154

pepL	alpha	w_s
12	99.5307	0.083	0.1488	0	0.3949	0.3733
13	98.9574	0.0263	0.0764	0.2382	0.4675	0.1916
14	98.3293	0.0043	0.0259	0.161	0	0.4702	0.2976	0.0409
15	98.0138	0.0017	0.0096	0.0839	0.3761	0.4093	0.0998	0.0197
16	98.2233	8e-04	0.0022	0.03	0.2337	0	0.522	0.1562	0.0472	0.0079
17	98.7349	8e-04	0.0019	0.0146	0.1152	0.4294	0.2806	0.114	0.0362	0.0072
18	99.2174	5e-04	0.0013	0.0066	0.0433	0.2908	0	0.3312	0.218	0.0767	0.0267	0.005
19	99.5134	0.001	0.0012	0.0074	0.029	0.145	0.2323	0.2917	0.1843	0.0762	0.0263	0.0055
20	99.6911	0.001	0.0012	0.0048	0.0176	0.0704	0.1449	0	0.2809	0.2453	0.1596	0.0505	0.0192	0.0045
21	99.7886	0.0013	0.002	0.0054	0.0189	0.0569	0.1038	0.1384	0.2552	0.2215	0.1327	0.043	0.0166	0.0041
