Allele	BoLA_DRB3_090_04
Type	Standard
n_specificities	1
npep_u	1
npep_t	5000
spec_ids	1
L_core	9
L_N	0
L_C	0
CS_perL	1
pepL_lower	12
pepL_upper	21
n_diff_aa	20

PWM_norm.1	P1	P2	P3	P4	P5	P6	P7	P8	P9
A	0.0896	1.2265	1.3316	1.4041	0.7158	0.7181	1.0194	0.9293	0.7799
C	0.0511	0.1146	0.3163	0.4586	0.2429	0.2544	0.2218	0.0844	0.1506
D	0.0347	0.7134	0.3863	0.5281	1.6457	1.6118	0.881	0.6106	3.8166
E	0.0549	1.5231	0.6723	0.5775	1.554	1.2191	1.0595	0.7422	3.5755
F	8.5177	0.8882	1.3649	2.1241	0.5026	0.2301	1.2339	0.263	0.3953
G	0.0609	0.4298	0.4559	0.2971	0.729	0.2424	0.6945	0.7903	0.6906
H	0.1257	1.6831	1.1222	1.3277	0.9971	0.3124	1.5965	0.9906	0.5105
I	2.7942	1.1406	1.9801	2.4554	1.0567	3.1769	1.501	1.5087	1.3247
K	0.0562	1.289	1.0376	0.2699	1.5344	0.1897	0.7125	1.5882	0.4481
L	1.3764	0.7131	0.9149	1.2963	0.5526	1.7984	0.7726	1.2173	1.1922
M	0.9048	0.5848	1.3089	1.0888	0.7549	1.2283	0.6971	0.7519	0.5786
N	0.0706	1.1324	0.7631	1.0324	1.036	1.378	1.7876	1.0671	0.4159
P	0.0383	0.0679	1.0497	0.1884	1.0179	0.3538	1.9952	1.7701	0.1743
Q	0.0511	1.3528	1.1311	0.5303	1.0918	0.7599	1.0739	1.0953	1.0998
R	0.0397	1.3721	0.8842	0.1694	1.2522	0.1757	0.5973	1.2269	0.4329
S	0.0409	0.8922	0.7265	1.2176	0.779	0.4371	0.6371	0.5083	0.2095
T	0.0763	1.3182	0.6894	1.1522	1.2384	1.018	0.8658	0.9786	0.3558
V	0.9921	1.3895	1.5803	2.4578	1.1578	2.8374	0.9612	1.229	1.0352
W	4.4804	0.6247	0.975	0.7071	0.514	0.1939	0.9985	0.1389	0.1461
Y	10.1766	1.2606	2.2362	0.6601	0.9047	0.4059	1.1973	1.043	0.4148

pepL	alpha	w_s
12	99.5307	0.083	0.1488	0	0.3949	0.3733
13	98.9574	0.0263	0.0764	0.2382	0.4675	0.1916
14	98.3293	0.0043	0.0259	0.161	0	0.4702	0.2976	0.0409
15	98.0138	0.0017	0.0096	0.0839	0.3761	0.4093	0.0998	0.0197
16	98.2233	8e-04	0.0022	0.03	0.2337	0	0.522	0.1562	0.0472	0.0079
17	98.7349	8e-04	0.0019	0.0146	0.1152	0.4294	0.2806	0.114	0.0362	0.0072
18	99.2174	5e-04	0.0013	0.0066	0.0433	0.2908	0	0.3312	0.218	0.0767	0.0267	0.005
19	99.5134	0.001	0.0012	0.0074	0.029	0.145	0.2323	0.2917	0.1843	0.0762	0.0263	0.0055
20	99.6911	0.001	0.0012	0.0048	0.0176	0.0704	0.1449	0	0.2809	0.2453	0.1596	0.0505	0.0192	0.0045
21	99.7886	0.0013	0.002	0.0054	0.0189	0.0569	0.1038	0.1384	0.2552	0.2215	0.1327	0.043	0.0166	0.0041
