Allele	BoLA_DRB3_027_05
Type	Standard
n_specificities	1
npep_u	1
npep_t	5000
spec_ids	1
L_core	9
L_N	0
L_C	0
CS_perL	1
pepL_lower	12
pepL_upper	21
n_diff_aa	20

PWM_norm.1	P1	P2	P3	P4	P5	P6	P7	P8	P9
A	0.1514	1.3819	1.4737	1.2872	0.962	1.6728	1.0607	1.1786	1.276
C	0.0752	0.0859	0.3158	0.3646	0.199	0.4835	0.1896	0.1131	0.9559
D	0.0461	0.6727	0.3801	0.2891	1.1116	1.7591	0.5607	0.5371	0.2176
E	0.034	1.7044	0.6434	0.7496	0.9262	1.3672	0.7833	0.9166	0.2405
F	1.2848	0.8393	1.2084	2.2821	0.4553	0.3103	1.2806	0.6046	0.9842
G	0.0928	0.4529	0.7406	0.2502	0.6944	1.294	0.9212	0.9621	0.9927
H	0.0565	1.6694	1.1362	0.7483	1.1595	0.7142	2.1907	1.5437	0.3733
I	8.7075	0.9773	1.8375	3.4266	0.921	0.9931	1.2503	1.0119	1.374
K	0.0468	1.1873	0.8893	0.2164	2.1032	0.3154	1.4598	1.5625	1.7584
L	2.8025	0.683	0.8624	1.8315	0.5074	0.5405	1.3399	1.0918	1.7013
M	1.498	0.4878	1.1361	2.8904	0.7599	0.5776	0.9383	0.5453	2.0145
N	0.0555	1.3314	0.8195	0.3206	1.3403	2.3022	1.2353	0.8962	0.6559
P	0.0887	0.0706	0.9347	0.108	0.9666	0.755	0.6266	1.2711	0.1366
Q	0.0383	1.3149	1.0809	0.5451	1.0941	0.9164	1.0944	1.0865	0.4724
R	0.0451	1.2296	0.9852	0.1221	1.5302	0.3294	1.4969	1.4361	1.2417
S	0.0404	0.9684	0.879	0.6573	0.9559	1.1188	0.469	0.7431	0.6158
T	0.1519	1.4653	0.7735	0.9054	1.2609	1.2605	0.6358	0.862	0.6793
V	3.4569	1.1942	1.3391	2.1178	1.0409	1.3303	0.7358	0.984	2.2125
W	0.3205	0.4664	1.3607	0.9764	0.3944	0.249	1.1193	0.333	0.4668
Y	0.1975	1.2296	2.1306	0.6928	0.942	0.39	1.2563	1.0692	1.0913

pepL	alpha	w_s
12	99.5307	0.083	0.1488	0	0.3949	0.3733
13	98.9574	0.0263	0.0764	0.2382	0.4675	0.1916
14	98.3293	0.0043	0.0259	0.161	0	0.4702	0.2976	0.0409
15	98.0138	0.0017	0.0096	0.0839	0.3761	0.4093	0.0998	0.0197
16	98.2233	8e-04	0.0022	0.03	0.2337	0	0.522	0.1562	0.0472	0.0079
17	98.7349	8e-04	0.0019	0.0146	0.1152	0.4294	0.2806	0.114	0.0362	0.0072
18	99.2174	5e-04	0.0013	0.0066	0.0433	0.2908	0	0.3312	0.218	0.0767	0.0267	0.005
19	99.5134	0.001	0.0012	0.0074	0.029	0.145	0.2323	0.2917	0.1843	0.0762	0.0263	0.0055
20	99.6911	0.001	0.0012	0.0048	0.0176	0.0704	0.1449	0	0.2809	0.2453	0.1596	0.0505	0.0192	0.0045
21	99.7886	0.0013	0.002	0.0054	0.0189	0.0569	0.1038	0.1384	0.2552	0.2215	0.1327	0.043	0.0166	0.0041
