Allele	BoLA_DRB3_117_01
Type	Standard
n_specificities	1
npep_u	1
npep_t	5000
spec_ids	1
L_core	9
L_N	0
L_C	0
CS_perL	1
pepL_lower	12
pepL_upper	21
n_diff_aa	20

PWM_norm.1	P1	P2	P3	P4	P5	P6	P7	P8	P9
A	0.1514	1.141	1.5132	2.1852	0.8864	0.8399	1.6651	0.9395	0.4625
C	0.0752	0.1105	0.2495	0.1827	0.2019	0.1937	0.1889	0.17	0.0965
D	0.0461	0.6214	0.2618	2.2264	1.4084	0.8192	0.8295	0.8465	0.1073
E	0.034	1.3053	0.6078	0.477	1.3624	0.38	0.8404	0.8116	0.1226
F	1.2848	0.8386	1.2374	0.6804	0.5152	0.2406	0.982	0.4313	1.3646
G	0.0928	0.3801	0.4679	0.4514	0.7018	0.2898	1.3128	0.8599	0.106
H	0.0565	1.2682	0.7514	1.1832	1.1677	0.9955	1.0755	1.163	0.152
I	8.7075	1.4428	2.336	0.7861	1.1129	3.0014	1.9154	1.3677	6.1613
K	0.0468	1.5271	0.9208	0.105	1.7287	1.2682	0.6989	1.7051	0.0454
L	2.8025	0.8386	0.9527	0.1978	0.6656	1.377	1.15	0.7564	2.9851
M	1.498	0.5176	1.4045	0.2253	0.7052	0.6557	0.9831	0.4469	0.8588
N	0.0555	0.9972	0.8528	2.9587	0.9244	1.4791	1.1602	1.0792	0.193
P	0.0887	0.0589	1.1956	0.079	1.058	0.4064	0.6089	1.4355	0.0767
Q	0.0383	1.1941	0.9917	0.5247	1.0828	0.7974	0.6499	1.0932	0.2335
R	0.0451	1.5462	0.8837	0.0863	1.1541	1.0269	0.8014	1.1854	0.0601
S	0.0404	0.7466	0.8905	2.5727	0.6886	0.4798	0.5975	0.6896	0.1185
T	0.1519	1.2313	0.6739	1.6397	1.1691	1.4054	1.0036	1.1993	0.3546
V	3.4569	1.8546	1.496	1.671	1.2695	2.6971	1.2748	1.4172	3.8699
W	0.3205	0.4914	0.5953	0.2173	0.5397	0.1664	0.6223	0.2317	0.2282
Y	0.1975	1.1833	1.8288	0.1417	0.8805	0.2999	1.0602	1.0771	0.714

pepL	alpha	w_s
12	99.5307	0.083	0.1488	0	0.3949	0.3733
13	98.9574	0.0263	0.0764	0.2382	0.4675	0.1916
14	98.3293	0.0043	0.0259	0.161	0	0.4702	0.2976	0.0409
15	98.0138	0.0017	0.0096	0.0839	0.3761	0.4093	0.0998	0.0197
16	98.2233	8e-04	0.0022	0.03	0.2337	0	0.522	0.1562	0.0472	0.0079
17	98.7349	8e-04	0.0019	0.0146	0.1152	0.4294	0.2806	0.114	0.0362	0.0072
18	99.2174	5e-04	0.0013	0.0066	0.0433	0.2908	0	0.3312	0.218	0.0767	0.0267	0.005
19	99.5134	0.001	0.0012	0.0074	0.029	0.145	0.2323	0.2917	0.1843	0.0762	0.0263	0.0055
20	99.6911	0.001	0.0012	0.0048	0.0176	0.0704	0.1449	0	0.2809	0.2453	0.1596	0.0505	0.0192	0.0045
21	99.7886	0.0013	0.002	0.0054	0.0189	0.0569	0.1038	0.1384	0.2552	0.2215	0.1327	0.043	0.0166	0.0041
