Allele	BoLA_DRB3_099_01
Type	Standard
n_specificities	1
npep_u	1
npep_t	5000
spec_ids	1
L_core	9
L_N	0
L_C	0
CS_perL	1
pepL_lower	12
pepL_upper	21
n_diff_aa	20

PWM_norm.1	P1	P2	P3	P4	P5	P6	P7	P8	P9
A	0.1514	1.0775	1.4043	1.8441	0.743	0.6267	0.7761	0.9459	0.7772
C	0.0752	0.1567	0.2109	0.2949	0.2539	0.197	0.1862	0.0825	0.1816
D	0.0461	0.6203	0.238	0.3268	1.4101	3.692	1.0153	0.5644	2.6606
E	0.034	1.1343	0.5469	0.4848	1.702	2.1837	1.6287	0.8411	2.4538
F	1.2848	0.8209	1.5085	1.8001	0.4737	0.154	1.2414	0.3369	0.2686
G	0.0928	0.4042	0.4116	0.2105	0.7788	0.2468	0.5394	0.7195	0.3902
H	0.0565	1.9571	0.842	0.8101	0.9878	0.3208	1.8134	0.9163	0.3876
I	8.7075	1.3552	2.0268	2.1097	0.9253	2.0049	1.3273	1.4819	2.0349
K	0.0468	1.5651	1.072	0.0997	1.7567	0.1202	0.6409	1.6339	0.4646
L	2.8025	0.7443	0.945	1.0182	0.4775	1.1027	0.9785	1.3532	2.3104
M	1.498	0.651	1.2372	0.8375	0.5624	0.7348	0.9155	0.8402	0.5958
N	0.0555	1.1991	0.5868	0.7166	1.0773	2.2681	2.0916	0.9502	0.4785
P	0.0887	0.0735	1.2726	0.0769	1.2212	0.2501	1.2272	1.5705	0.108
Q	0.0383	1.3818	0.788	0.3251	0.9359	0.7148	1.2239	1.1619	0.4831
R	0.0451	1.5381	0.6883	0.059	1.3516	0.1468	0.54	1.1153	0.5638
S	0.0404	0.8127	0.9959	2.4021	0.795	0.5676	0.6382	0.5702	0.1744
T	0.1519	1.1769	0.5167	1.5449	1.2273	1.1123	0.8054	0.9261	0.4149
V	3.4569	1.5638	1.675	2.6045	0.9806	1.8646	1.0079	1.2344	1.8599
W	0.3205	0.8018	0.7421	0.2287	0.6677	0.104	0.8377	0.1597	0.0851
Y	0.1975	1.1597	2.8789	0.2111	0.776	0.2438	1.0812	0.9709	0.2744

pepL	alpha	w_s
12	99.5307	0.083	0.1488	0	0.3949	0.3733
13	98.9574	0.0263	0.0764	0.2382	0.4675	0.1916
14	98.3293	0.0043	0.0259	0.161	0	0.4702	0.2976	0.0409
15	98.0138	0.0017	0.0096	0.0839	0.3761	0.4093	0.0998	0.0197
16	98.2233	8e-04	0.0022	0.03	0.2337	0	0.522	0.1562	0.0472	0.0079
17	98.7349	8e-04	0.0019	0.0146	0.1152	0.4294	0.2806	0.114	0.0362	0.0072
18	99.2174	5e-04	0.0013	0.0066	0.0433	0.2908	0	0.3312	0.218	0.0767	0.0267	0.005
19	99.5134	0.001	0.0012	0.0074	0.029	0.145	0.2323	0.2917	0.1843	0.0762	0.0263	0.0055
20	99.6911	0.001	0.0012	0.0048	0.0176	0.0704	0.1449	0	0.2809	0.2453	0.1596	0.0505	0.0192	0.0045
21	99.7886	0.0013	0.002	0.0054	0.0189	0.0569	0.1038	0.1384	0.2552	0.2215	0.1327	0.043	0.0166	0.0041
