Allele	BoLA_DRB3_027_10
Type	Standard
n_specificities	1
npep_u	1
npep_t	5000
spec_ids	1
L_core	9
L_N	0
L_C	0
CS_perL	1
pepL_lower	12
pepL_upper	21
n_diff_aa	20

PWM_norm.1	P1	P2	P3	P4	P5	P6	P7	P8	P9
A	0.0934	1.4655	1.5318	2.267	0.9719	2.1691	1.0202	1.1812	1.2505
C	0.049	0.1005	0.1392	0.2355	0.1585	0.418	0.1697	0.116	1.1063
D	0.0361	0.6538	0.2241	0.2789	1.3666	1.5772	0.5556	0.5499	0.1368
E	0.0576	1.7354	0.5674	0.2839	1.1581	1.4454	0.7635	0.9164	0.1216
F	8.2964	0.7927	1.1638	1.6144	0.4087	0.2438	1.4487	0.6052	0.7155
G	0.0619	0.46	0.5773	0.3175	0.5964	1.2588	0.9012	0.9468	0.5327
H	0.1244	1.5931	1.0571	1.9484	1.1547	0.5017	2.2864	1.5282	0.1808
I	2.7704	0.9289	1.689	1.92	0.9636	0.9144	1.1641	1.0162	1.8574
K	0.0618	1.1939	1.0076	0.2405	2.0245	0.2695	1.5523	1.5537	0.1309
L	1.3527	0.6749	0.883	0.7688	0.592	0.4799	1.1739	1.0855	2.67
M	0.9209	0.4812	0.9181	0.8104	0.5796	0.5175	0.8971	0.5538	1.3225
N	0.0713	1.3847	0.7311	0.5438	1.135	2.1164	1.2769	0.9038	0.7049
P	0.0388	0.0719	1.3136	0.1357	0.9087	0.7413	0.6882	1.2759	0.1045
Q	0.0536	1.2558	1.2127	0.2438	0.9979	0.8368	1.1155	1.0813	0.302
R	0.0379	1.2263	1.075	0.1174	1.4313	0.276	1.5431	1.4304	0.1679
S	0.0414	0.96	0.9193	2.0545	0.8188	1.1911	0.4843	0.746	0.6415
T	0.0773	1.4589	0.6104	1.8436	1.178	1.2991	0.6359	0.863	0.9655
V	0.9818	1.2283	1.4136	2.5583	1.3469	1.4018	0.7376	0.997	3.9025
W	4.5203	0.3642	0.8516	0.4187	0.3605	0.1505	1.0937	0.3334	0.1519
Y	10.5593	1.2166	2.3047	0.2415	0.8253	0.2677	1.3824	1.0766	1.1578

pepL	alpha	w_s
12	99.5307	0.083	0.1488	0	0.3949	0.3734
13	98.9575	0.0263	0.0764	0.2382	0.4675	0.1916
14	98.3294	0.0043	0.0259	0.161	0	0.4702	0.2977	0.0409
15	98.0139	0.0017	0.0096	0.0839	0.376	0.4093	0.0998	0.0197
16	98.2233	8e-04	0.0022	0.03	0.2337	0	0.5219	0.1563	0.0471	0.0079
17	98.735	8e-04	0.0019	0.0146	0.1152	0.4293	0.2806	0.114	0.0363	0.0072
18	99.2174	5e-04	0.0013	0.0066	0.0433	0.2908	0	0.3312	0.218	0.0767	0.0267	0.005
19	99.5133	0.001	0.0012	0.0074	0.029	0.145	0.2323	0.2918	0.1844	0.0762	0.0263	0.0055
20	99.691	0.001	0.0012	0.0048	0.0176	0.0704	0.1449	0	0.2809	0.2454	0.1596	0.0505	0.0192	0.0045
21	99.7886	0.0013	0.002	0.0054	0.0189	0.0569	0.1038	0.1383	0.2554	0.2215	0.1327	0.043	0.0166	0.0041
