Allele	BoLA_DRB3_018_02
Type	Standard
n_specificities	1
npep_u	1
npep_t	5000
spec_ids	1
L_core	9
L_N	0
L_C	0
CS_perL	1
pepL_lower	12
pepL_upper	21
n_diff_aa	20

PWM_norm.1	P1	P2	P3	P4	P5	P6	P7	P8	P9
A	0.1514	0.971	1.6225	3.0735	1.2608	0.4285	1.1407	1.026	0.5222
C	0.0752	0.118	0.2656	0.1618	0.2261	0.0797	0.4504	0.1014	0.17
D	0.0461	0.5546	0.3958	0.2516	0.9175	0.3853	1.2727	0.6976	0.2466
E	0.034	1.1045	0.6995	0.1986	1.0569	0.2533	1.037	0.9396	0.3117
F	1.2848	0.8507	1.3262	0.827	0.768	0.207	1.0308	0.5107	2.0323
G	0.0928	0.3361	0.745	0.4632	0.5251	0.1485	0.6793	0.8314	0.166
H	0.0565	1.4432	1.0478	1.9163	1.0563	0.8481	1.8186	1.1657	0.1578
I	8.7075	1.5947	1.579	1.3857	1.6113	1.7623	1.1208	1.2421	4.8358
K	0.0468	1.7443	0.8833	0.9185	1.6433	5.0378	1.0027	1.4976	0.0921
L	2.8025	0.8388	0.6469	0.2778	0.8797	1.2393	0.8215	1.2099	2.6954
M	1.498	0.5271	1.6672	0.3051	1.0927	0.4948	1.0335	0.6249	1.5209
N	0.0555	1.0223	0.8661	1.3943	0.9944	0.4184	1.6996	0.9532	0.2098
P	0.0887	0.0548	1.047	0.0802	0.8287	0.3048	0.6677	1.4072	0.0906
Q	0.0383	1.2417	1.0463	0.5535	1.4309	0.5487	1.4544	1.0963	0.298
R	0.0451	1.734	0.8394	0.6746	0.7675	2.9105	0.939	1.3599	0.1558
S	0.0404	0.7046	1.2171	1.3282	0.4918	0.2009	0.7178	0.6427	0.1627
T	0.1519	1.109	0.7531	2.1264	1.1839	0.8926	0.8759	0.8463	0.437
V	3.4569	1.94	1.1218	2.2918	1.2653	1.5859	1.0009	1.0826	3.3744
W	0.3205	0.5062	1.02	0.4631	0.4495	0.1698	1.3374	0.2826	0.3715
Y	0.1975	1.153	1.9765	0.3815	1.3628	0.1899	1.0078	1.0911	1.6648

pepL	alpha	w_s
12	99.5307	0.083	0.1488	0	0.3949	0.3733
13	98.9574	0.0263	0.0764	0.2382	0.4675	0.1916
14	98.3293	0.0043	0.0259	0.161	0	0.4702	0.2976	0.0409
15	98.0138	0.0017	0.0096	0.0839	0.3761	0.4093	0.0998	0.0197
16	98.2233	8e-04	0.0022	0.03	0.2337	0	0.522	0.1562	0.0472	0.0079
17	98.7349	8e-04	0.0019	0.0146	0.1152	0.4294	0.2806	0.114	0.0362	0.0072
18	99.2174	5e-04	0.0013	0.0066	0.0433	0.2908	0	0.3312	0.218	0.0767	0.0267	0.005
19	99.5134	0.001	0.0012	0.0074	0.029	0.145	0.2323	0.2917	0.1843	0.0762	0.0263	0.0055
20	99.6911	0.001	0.0012	0.0048	0.0176	0.0704	0.1449	0	0.2809	0.2453	0.1596	0.0505	0.0192	0.0045
21	99.7886	0.0013	0.002	0.0054	0.0189	0.0569	0.1038	0.1384	0.2552	0.2215	0.1327	0.043	0.0166	0.0041
