Allele	BoLA_DRB3_043_01
Type	Standard
n_specificities	1
npep_u	1
npep_t	5000
spec_ids	1
L_core	9
L_N	0
L_C	0
CS_perL	1
pepL_lower	12
pepL_upper	21
n_diff_aa	20

PWM_norm.1	P1	P2	P3	P4	P5	P6	P7	P8	P9
A	0.0934	0.9786	1.4683	1.0851	0.8161	1.5061	0.7749	1.0607	0.263
C	0.049	0.1182	0.3474	0.1479	0.1923	0.1816	0.1061	0.1717	0.0866
D	0.0361	0.5555	0.4121	10.1207	1.6308	1.157	1.3294	0.6905	0.1948
E	0.0576	1.1065	0.6688	0.9757	1.55	1.1223	1.3383	0.8429	0.1579
F	8.2964	0.8442	1.1583	0.608	0.5323	0.2677	1.0189	0.7526	4.1734
G	0.0619	0.3341	0.6012	0.2962	0.695	0.7024	1.7299	0.8678	0.0756
H	0.1244	1.4506	0.8028	0.257	1.0731	0.9189	1.2848	1.1532	0.1701
I	2.7704	1.5874	2.2495	0.535	0.8767	1.93	1.1603	1.1532	4.8003
K	0.0618	1.7251	0.9267	0.0904	1.4378	0.5863	0.5756	1.5476	0.1167
L	1.3527	0.856	0.9042	0.2138	0.3869	0.7669	0.7534	0.9804	2.4753
M	0.9209	0.5286	1.3498	0.438	0.5887	0.5337	0.4491	0.6992	1.8834
N	0.0713	1.0179	0.915	0.8391	1.1694	2.107	1.8963	1.0553	0.2884
P	0.0388	0.0529	1.1054	0.0517	1.4936	0.6261	0.6651	1.3287	0.071
Q	0.0536	1.1967	0.9109	0.496	1.1316	1.4576	0.8919	0.9756	0.2059
R	0.0379	1.746	0.8265	0.0793	1.179	0.3721	0.5502	1.3685	0.1087
S	0.0414	0.7128	0.8742	1.1444	0.9062	0.8135	0.7226	0.8447	0.1154
T	0.0773	1.1169	0.8169	1.0398	1.2411	1.5775	1.1757	0.9278	0.3672
V	0.9818	1.9381	1.4084	0.5677	0.9186	1.6999	1.1511	1.0299	2.592
W	4.5203	0.5113	0.748	0.2263	0.3934	0.1152	0.5177	0.4452	1.5287
Y	10.5593	1.1473	1.7927	0.1746	0.9063	0.2587	1.8832	1.13	2.5413

pepL	alpha	w_s
12	99.5307	0.083	0.1488	0	0.3949	0.3734
13	98.9575	0.0263	0.0764	0.2382	0.4675	0.1916
14	98.3294	0.0043	0.0259	0.161	0	0.4702	0.2977	0.0409
15	98.0139	0.0017	0.0096	0.0839	0.376	0.4093	0.0998	0.0197
16	98.2233	8e-04	0.0022	0.03	0.2337	0	0.5219	0.1563	0.0471	0.0079
17	98.735	8e-04	0.0019	0.0146	0.1152	0.4293	0.2806	0.114	0.0363	0.0072
18	99.2174	5e-04	0.0013	0.0066	0.0433	0.2908	0	0.3312	0.218	0.0767	0.0267	0.005
19	99.5133	0.001	0.0012	0.0074	0.029	0.145	0.2323	0.2918	0.1844	0.0762	0.0263	0.0055
20	99.691	0.001	0.0012	0.0048	0.0176	0.0704	0.1449	0	0.2809	0.2454	0.1596	0.0505	0.0192	0.0045
21	99.7886	0.0013	0.002	0.0054	0.0189	0.0569	0.1038	0.1383	0.2554	0.2215	0.1327	0.043	0.0166	0.0041
