Allele	BoLA_DRB3_002_02
Type	Standard
n_specificities	1
npep_u	1
npep_t	5000
spec_ids	1
L_core	9
L_N	0
L_C	0
CS_perL	1
pepL_lower	12
pepL_upper	21
n_diff_aa	20

PWM_norm.1	P1	P2	P3	P4	P5	P6	P7	P8	P9
A	0.1329	0.971	1.5602	0.5787	1.0353	0.2728	1.0787	1.1786	1.0957
C	0.0539	0.118	0.3027	0.17	0.1567	0.0277	0.3367	0.1131	0.5635
D	0.0395	0.5546	0.4931	0.3449	1.303	0.1836	0.8888	0.5371	0.1935
E	0.0275	1.1045	0.8117	0.3395	1.1565	0.1973	1.3281	0.9166	0.2099
F	0.8949	0.8507	1.0192	5.104	0.5045	0.049	0.8386	0.6046	1.543
G	0.0598	0.3361	0.6765	0.1806	0.7345	0.0881	0.8986	0.9621	0.438
H	0.0379	1.4432	0.8006	2.4459	1.2492	1.2944	1.3559	1.5437	0.3602
I	8.7578	1.5947	2.3123	1.7167	0.9248	0.5053	1.2913	1.0119	1.9572
K	0.0307	1.7443	0.8895	0.6058	1.8041	8.6106	0.924	1.5625	0.194
L	2.9065	0.8388	0.9232	0.8361	0.4894	0.2176	0.8812	1.0918	2.2274
M	1.2553	0.5271	1.1039	1.1885	0.6076	0.1238	1.0001	0.5453	1.4793
N	0.0347	1.0223	0.8403	1.0478	1.1801	0.2155	2.0522	0.8962	0.8272
P	0.0794	0.0548	1.0128	0.0773	1.1403	0.1729	0.7539	1.2711	0.1121
Q	0.0298	1.2417	0.8582	0.7737	1.2549	0.3081	1.2097	1.0865	0.5299
R	0.0294	1.734	0.8133	0.5737	1.1387	4.7015	0.6236	1.4361	0.2936
S	0.0298	0.7046	0.806	0.319	0.9356	0.1131	0.8059	0.7431	0.6567
T	0.1199	1.109	0.8623	0.4321	1.3668	0.5015	0.8045	0.862	0.8387
V	3.8187	1.94	1.4503	1.1344	0.8879	0.5931	1.0833	0.984	3.1594
W	0.1738	0.5062	0.5576	5.4484	0.4484	0.0417	0.8203	0.333	0.1929
Y	0.1263	1.153	1.7284	5.5051	0.9104	0.07	1.3926	1.0692	2.8655

pepL	alpha	w_s
12	99.5307	0.083	0.1488	0	0.3949	0.3733
13	98.9574	0.0263	0.0764	0.2382	0.4675	0.1916
14	98.3293	0.0043	0.0259	0.161	0	0.4702	0.2976	0.0409
15	98.0138	0.0017	0.0096	0.0839	0.3761	0.4093	0.0998	0.0197
16	98.2233	8e-04	0.0022	0.03	0.2337	0	0.522	0.1562	0.0472	0.0079
17	98.7349	8e-04	0.0019	0.0146	0.1152	0.4294	0.2806	0.114	0.0362	0.0072
18	99.2174	5e-04	0.0013	0.0066	0.0433	0.2908	0	0.3312	0.218	0.0767	0.0267	0.005
19	99.5134	0.001	0.0012	0.0074	0.029	0.145	0.2323	0.2917	0.1843	0.0762	0.0263	0.0055
20	99.6911	0.001	0.0012	0.0048	0.0176	0.0704	0.1449	0	0.2809	0.2453	0.1596	0.0505	0.0192	0.0045
21	99.7886	0.0013	0.002	0.0054	0.0189	0.0569	0.1038	0.1384	0.2552	0.2215	0.1327	0.043	0.0166	0.0041
