Allele	BoLA_DRB3_027_15
Type	Standard
n_specificities	1
npep_u	1
npep_t	5000
spec_ids	1
L_core	9
L_N	0
L_C	0
CS_perL	1
pepL_lower	12
pepL_upper	21
n_diff_aa	20

PWM_norm.1	P1	P2	P3	P4	P5	P6	P7	P8	P9
A	0.0934	1.4655	1.5318	1.7445	1.2066	2.2909	0.9624	1.0347	0.4475
C	0.049	0.1005	0.1392	0.4351	0.2408	0.4293	0.2611	0.108	0.1954
D	0.0361	0.6538	0.2241	0.3514	1.2964	1.0575	0.7998	0.6454	0.3725
E	0.0576	1.7354	0.5674	0.4472	1.1032	1.2257	0.9544	1.0308	0.3911
F	8.2964	0.7927	1.1638	1.7084	0.4735	0.4089	1.1718	0.5338	1.4979
G	0.0619	0.46	0.5773	0.5205	0.6915	1.3192	0.9443	0.8564	0.1209
H	0.1244	1.5931	1.0571	1.6327	1.4333	0.2682	1.8689	1.291	0.1495
I	2.7704	0.9289	1.689	1.8454	0.7088	0.9851	1.1042	1.0806	3.7515
K	0.0618	1.1939	1.0076	0.2882	1.6695	0.0727	1.4721	1.4956	0.1052
L	1.3527	0.6749	0.883	0.8157	0.4956	0.595	0.9701	1.1933	3.204
M	0.9209	0.4812	0.9181	1.0453	0.4711	0.6214	0.8982	0.6292	1.8486
N	0.0713	1.3847	0.7311	1.1342	1.2097	1.9734	1.6137	0.8818	0.264
P	0.0388	0.0719	1.3136	0.2905	1.3246	1.2141	0.8797	1.3334	0.0614
Q	0.0536	1.2558	1.2127	0.5392	1.0825	1.0784	1.4122	1.1305	0.2863
R	0.0379	1.2263	1.075	0.1652	1.0891	0.0741	1.2416	1.3811	0.215
S	0.0414	0.96	0.9193	1.8189	0.936	1.1319	0.5353	0.6731	0.1797
T	0.0773	1.4589	0.6104	1.6536	1.2048	1.2027	0.6484	0.8198	0.4575
V	0.9818	1.2283	1.4136	2.0962	1.1315	1.534	0.7865	1.0684	3.0271
W	4.5203	0.3642	0.8516	0.8033	0.7277	0.1594	0.9581	0.3364	0.521
Y	10.5593	1.2166	2.3047	0.403	0.8433	0.2818	1.145	1.1546	2.3456

pepL	alpha	w_s
12	99.5307	0.083	0.1488	0	0.3949	0.3734
13	98.9575	0.0263	0.0764	0.2382	0.4675	0.1916
14	98.3294	0.0043	0.0259	0.161	0	0.4702	0.2977	0.0409
15	98.0139	0.0017	0.0096	0.0839	0.376	0.4093	0.0998	0.0197
16	98.2233	8e-04	0.0022	0.03	0.2337	0	0.5219	0.1563	0.0471	0.0079
17	98.735	8e-04	0.0019	0.0146	0.1152	0.4293	0.2806	0.114	0.0363	0.0072
18	99.2174	5e-04	0.0013	0.0066	0.0433	0.2908	0	0.3312	0.218	0.0767	0.0267	0.005
19	99.5133	0.001	0.0012	0.0074	0.029	0.145	0.2323	0.2918	0.1844	0.0762	0.0263	0.0055
20	99.691	0.001	0.0012	0.0048	0.0176	0.0704	0.1449	0	0.2809	0.2454	0.1596	0.0505	0.0192	0.0045
21	99.7886	0.0013	0.002	0.0054	0.0189	0.0569	0.1038	0.1383	0.2554	0.2215	0.1327	0.043	0.0166	0.0041
