Allele	BoLA_DRB3_027_12
Type	Standard
n_specificities	1
npep_u	1
npep_t	5000
spec_ids	1
L_core	9
L_N	0
L_C	0
CS_perL	1
pepL_lower	12
pepL_upper	21
n_diff_aa	20

PWM_norm.1	P1	P2	P3	P4	P5	P6	P7	P8	P9
A	0.0934	1.4655	1.4269	2.3231	1.0112	0.7818	1.4881	1.0939	1.4424
C	0.049	0.1005	0.1651	0.2833	0.1762	0.2877	0.1306	0.1081	0.3798
D	0.0361	0.6538	0.2284	0.422	1.2735	4.1235	0.4793	0.5678	0.1591
E	0.0576	1.7354	0.5762	0.4038	1.15	0.7554	0.7742	0.7548	0.2937
F	8.2964	0.7927	1.4584	1.3886	0.4767	0.1579	0.8782	0.3915	1.0737
G	0.0619	0.46	0.3989	0.3593	0.6057	0.3912	1.7503	0.9039	0.7989
H	0.1244	1.5931	0.94	1.8693	1.0753	0.8676	1.4603	1.1699	0.4601
I	2.7704	0.9289	1.8494	1.7606	1.0024	1.0561	1.4237	1.2447	1.5349
K	0.0618	1.1939	1.149	0.2785	1.8159	0.3489	1.1526	1.6311	2.068
L	1.3527	0.6749	0.8946	0.8179	0.6537	0.5383	1.5954	1.0727	1.2263
M	0.9209	0.4812	1.0239	0.7905	0.6349	0.5576	1.3678	0.6405	1.1597
N	0.0713	1.3847	0.6238	0.6503	1.0535	3.3533	0.9691	1.0421	0.6245
P	0.0388	0.0719	1.4089	0.1691	1.0216	0.4885	0.594	1.5552	0.1799
Q	0.0536	1.2558	0.9301	0.3021	0.9698	0.6706	0.8768	1.0564	0.8043
R	0.0379	1.2263	0.6731	0.1213	1.3499	0.2844	1.0695	1.3639	2.2738
S	0.0414	0.96	1.0215	2.0573	0.8506	1.1032	0.4735	0.6613	0.6552
T	0.0773	1.4589	0.5203	1.7509	1.1499	1.9568	0.5333	0.9828	0.5956
V	0.9818	1.2283	1.4995	2.2836	1.3351	1.5939	0.7254	1.1159	1.724
W	4.5203	0.3642	0.6372	0.3777	0.5508	0.115	0.4744	0.1923	0.2983
Y	10.5593	1.2166	3.0453	0.2449	0.9417	0.1868	0.9113	1.0418	1.2696

pepL	alpha	w_s
12	99.5307	0.083	0.1488	0	0.3949	0.3734
13	98.9575	0.0263	0.0764	0.2382	0.4675	0.1916
14	98.3294	0.0043	0.0259	0.161	0	0.4702	0.2977	0.0409
15	98.0139	0.0017	0.0096	0.0839	0.376	0.4093	0.0998	0.0197
16	98.2233	8e-04	0.0022	0.03	0.2337	0	0.5219	0.1563	0.0471	0.0079
17	98.735	8e-04	0.0019	0.0146	0.1152	0.4293	0.2806	0.114	0.0363	0.0072
18	99.2174	5e-04	0.0013	0.0066	0.0433	0.2908	0	0.3312	0.218	0.0767	0.0267	0.005
19	99.5133	0.001	0.0012	0.0074	0.029	0.145	0.2323	0.2918	0.1844	0.0762	0.0263	0.0055
20	99.691	0.001	0.0012	0.0048	0.0176	0.0704	0.1449	0	0.2809	0.2454	0.1596	0.0505	0.0192	0.0045
21	99.7886	0.0013	0.002	0.0054	0.0189	0.0569	0.1038	0.1383	0.2554	0.2215	0.1327	0.043	0.0166	0.0041
