Allele	BoLA_DRB3_050_01_01
Type	Standard
n_specificities	1
npep_u	1
npep_t	5000
spec_ids	1
L_core	9
L_N	0
L_C	0
CS_perL	1
pepL_lower	12
pepL_upper	21
n_diff_aa	20

PWM_norm.1	P1	P2	P3	P4	P5	P6	P7	P8	P9
A	0.1598	0.9786	1.5336	4.2779	1.1075	0.7441	1.7164	1.1172	1.8674
C	0.0686	0.1182	0.353	0.121	0.2263	0.1146	0.3779	0.105	0.3983
D	0.0465	0.5555	0.531	0.2966	0.9258	0.6584	0.926	0.6131	0.1389
E	0.0361	1.1065	0.7192	0.1254	1.0971	0.366	1.3058	0.7278	0.2118
F	1.2075	0.8442	1.3116	0.7968	0.7472	0.2464	0.729	0.4196	2.527
G	0.0913	0.3341	0.7871	0.5936	0.4834	0.2191	0.5889	0.9007	0.9235
H	0.0557	1.4506	1.2308	0.5572	0.8938	0.9407	1.1034	1.1073	0.5274
I	8.8482	1.5874	1.4987	1.1722	1.6829	1.4097	1.2376	1.3489	1.9187
K	0.0511	1.7251	0.9305	0.6529	1.5987	5.5116	0.7481	1.6722	0.4031
L	2.6807	0.856	0.6699	0.4283	0.8892	0.9889	0.6421	1.1092	1.2406
M	1.5984	0.5286	1.4358	0.2712	1.0648	0.8583	1.052	0.5692	1.5589
N	0.0572	1.0179	0.7528	0.3876	1.074	0.374	1.7141	1.0699	0.6485
P	0.0827	0.0529	0.9652	0.0936	0.7763	0.4725	0.6795	1.4502	0.2819
Q	0.0401	1.1967	1.1825	0.1887	1.4565	0.5981	1.6354	1.0242	1.0388
R	0.0421	1.746	0.8807	0.6318	0.7799	2.079	0.9665	1.3748	0.593
S	0.0434	0.7128	1.01	0.9693	0.5254	0.2621	0.8571	0.717	0.8687
T	0.1511	1.1169	0.9084	2.8898	1.31	0.6528	0.9097	0.8442	0.822
V	3.5484	1.9381	1.1539	2.4085	1.3288	1.4767	1.1733	1.1519	1.9966
W	0.3015	0.5113	1.2857	0.2133	0.3662	0.2151	0.9585	0.1865	0.3995
Y	0.2197	1.1473	1.865	0.3331	1.3671	0.2601	0.6308	0.9445	1.7745

pepL	alpha	w_s
12	99.5307	0.083	0.1488	0	0.3949	0.3734
13	98.9575	0.0263	0.0764	0.2382	0.4675	0.1916
14	98.3294	0.0043	0.0259	0.161	0	0.4702	0.2977	0.0409
15	98.0139	0.0017	0.0096	0.0839	0.376	0.4093	0.0998	0.0197
16	98.2233	8e-04	0.0022	0.03	0.2337	0	0.5219	0.1563	0.0471	0.0079
17	98.735	8e-04	0.0019	0.0146	0.1152	0.4293	0.2806	0.114	0.0363	0.0072
18	99.2174	5e-04	0.0013	0.0066	0.0433	0.2908	0	0.3312	0.218	0.0767	0.0267	0.005
19	99.5133	0.001	0.0012	0.0074	0.029	0.145	0.2323	0.2918	0.1844	0.0762	0.0263	0.0055
20	99.691	0.001	0.0012	0.0048	0.0176	0.0704	0.1449	0	0.2809	0.2454	0.1596	0.0505	0.0192	0.0045
21	99.7886	0.0013	0.002	0.0054	0.0189	0.0569	0.1038	0.1383	0.2554	0.2215	0.1327	0.043	0.0166	0.0041
