Allele	BoLA_DRB3_006_01
Type	Standard
n_specificities	1
npep_u	1
npep_t	5000
spec_ids	1
L_core	9
L_N	0
L_C	0
CS_perL	1
pepL_lower	12
pepL_upper	21
n_diff_aa	20

PWM_norm.1	P1	P2	P3	P4	P5	P6	P7	P8	P9
A	0.0896	1.0776	1.5994	1.9137	1.0221	3.4668	1.1081	1.0774	0.352
C	0.0511	0.1232	0.1646	0.189	0.2426	0.4473	0.2797	0.1313	0.1486
D	0.0347	0.6847	0.2153	1.3439	1.2344	1.1854	1.0872	0.7217	0.0824
E	0.0549	1.077	0.5717	0.7475	1.1856	1.0153	1.7216	0.7186	0.0606
F	8.5177	0.7443	1.164	0.8383	0.4771	0.2553	0.9387	0.4568	2.1185
G	0.0609	0.4347	0.5957	0.3337	0.6624	1.9048	0.5189	0.837	0.1045
H	0.1257	2.6404	1.1105	1.125	1.0348	0.2441	1.2437	1.0407	0.0946
I	2.7942	1.2042	1.7342	2.1061	1.1155	0.7426	1.0435	1.4851	5.9276
K	0.0562	1.4381	0.9298	0.07	1.7586	0.0915	0.6179	1.6138	0.0491
L	1.3764	0.6612	0.897	1.1287	0.6952	0.3932	0.9179	1.0677	3.1101
M	0.9048	0.5571	0.9682	0.7695	0.7736	0.3127	0.7169	0.5953	1.2576
N	0.0706	1.477	0.7308	0.5873	0.9065	2.0542	2.0076	1.191	0.2031
P	0.0383	0.0634	1.2131	0.129	0.9909	0.6732	1.1083	1.4551	0.0573
Q	0.0511	1.4608	1.1684	0.4129	0.9425	0.8508	1.2018	0.9795	0.1352
R	0.0397	1.5543	1.0696	0.0544	1.3404	0.0728	0.8158	1.2588	0.0353
S	0.0409	0.9015	0.9158	2.2093	0.7331	1.3042	0.757	0.7487	0.0851
T	0.0763	1.2624	0.5839	1.7419	1.1298	0.9926	0.8557	0.8996	0.3169
V	0.9921	1.292	1.4295	1.711	1.4518	1.0903	1.0906	1.1718	3.6596
W	4.4804	0.7138	0.9497	0.1218	0.4944	0.1009	0.8345	0.2157	0.3579
Y	10.1766	1.1661	2.3325	0.1312	0.9214	0.1973	0.8489	0.9405	0.6675

pepL	alpha	w_s
12	99.5307	0.083	0.1488	0	0.3949	0.3733
13	98.9574	0.0263	0.0764	0.2382	0.4675	0.1916
14	98.3293	0.0043	0.0259	0.161	0	0.4702	0.2976	0.0409
15	98.0138	0.0017	0.0096	0.0839	0.3761	0.4093	0.0998	0.0197
16	98.2233	8e-04	0.0022	0.03	0.2337	0	0.522	0.1562	0.0472	0.0079
17	98.7349	8e-04	0.0019	0.0146	0.1152	0.4294	0.2806	0.114	0.0362	0.0072
18	99.2174	5e-04	0.0013	0.0066	0.0433	0.2908	0	0.3312	0.218	0.0767	0.0267	0.005
19	99.5134	0.001	0.0012	0.0074	0.029	0.145	0.2323	0.2917	0.1843	0.0762	0.0263	0.0055
20	99.6911	0.001	0.0012	0.0048	0.0176	0.0704	0.1449	0	0.2809	0.2453	0.1596	0.0505	0.0192	0.0045
21	99.7886	0.0013	0.002	0.0054	0.0189	0.0569	0.1038	0.1384	0.2552	0.2215	0.1327	0.043	0.0166	0.0041
