Allele	BoLA_DRB3_101_01
Type	Standard
n_specificities	1
npep_u	1
npep_t	5000
spec_ids	1
L_core	9
L_N	0
L_C	0
CS_perL	1
pepL_lower	12
pepL_upper	21
n_diff_aa	20

PWM_norm.1	P1	P2	P3	P4	P5	P6	P7	P8	P9
A	0.1329	0.971	1.6225	2.6375	1.07	0.5393	1.1993	1.0316	0.6305
C	0.0539	0.118	0.2656	0.2023	0.1988	0.0906	0.3455	0.0921	0.0655
D	0.0395	0.5546	0.3958	2.5854	1.1771	0.3864	1.0548	0.667	4.84
E	0.0275	1.1045	0.6995	0.7988	1.138	0.2798	1.6299	1.0585	5.2579
F	0.8949	0.8507	1.3262	0.1937	0.7143	0.1846	0.8385	0.5554	0.2971
G	0.0598	0.3361	0.745	0.3999	0.5721	0.1314	0.8519	0.8469	1.1739
H	0.0379	1.4432	1.0478	0.1867	0.949	1.0326	1.0715	1.2916	0.6779
I	8.7578	1.5947	1.579	0.9911	1.5051	2.7059	1.1387	1.1125	0.3185
K	0.0307	1.7443	0.8833	0.0765	1.5875	3.5396	0.5818	1.4686	0.3049
L	2.9065	0.8388	0.6469	0.1817	0.8307	1.4243	1.1317	1.2311	0.2853
M	1.2553	0.5271	1.6672	0.241	0.9765	0.5166	0.8247	0.6151	0.403
N	0.0347	1.0223	0.8661	1.9436	1.0329	0.6224	1.9316	0.8748	0.2789
P	0.0794	0.0548	1.047	0.0718	0.8701	0.2864	0.717	1.3342	0.1592
Q	0.0298	1.2417	1.0463	0.4662	1.2507	0.6409	1.039	1.1475	1.2891
R	0.0294	1.734	0.8394	0.0654	0.9882	2.2123	0.527	1.3806	0.3267
S	0.0298	0.7046	1.2171	2.2507	0.6062	0.2062	0.8292	0.6195	0.347
T	0.1199	1.109	0.7531	2.1504	1.1727	0.8465	0.8224	0.8099	0.2571
V	3.8187	1.94	1.1218	1.8838	1.3011	2.3325	1.1183	1.0382	0.2895
W	0.1738	0.5062	1.02	0.043	0.3694	0.1111	0.6335	0.3348	0.099
Y	0.1263	1.153	1.9765	0.0516	1.1421	0.2168	1.2092	1.171	0.27

pepL	alpha	w_s
12	99.5307	0.083	0.1488	0	0.3949	0.3733
13	98.9574	0.0263	0.0764	0.2382	0.4675	0.1916
14	98.3293	0.0043	0.0259	0.161	0	0.4702	0.2976	0.0409
15	98.0138	0.0017	0.0096	0.0839	0.3761	0.4093	0.0998	0.0197
16	98.2233	8e-04	0.0022	0.03	0.2337	0	0.522	0.1562	0.0472	0.0079
17	98.7349	8e-04	0.0019	0.0146	0.1152	0.4294	0.2806	0.114	0.0362	0.0072
18	99.2174	5e-04	0.0013	0.0066	0.0433	0.2908	0	0.3312	0.218	0.0767	0.0267	0.005
19	99.5134	0.001	0.0012	0.0074	0.029	0.145	0.2323	0.2917	0.1843	0.0762	0.0263	0.0055
20	99.6911	0.001	0.0012	0.0048	0.0176	0.0704	0.1449	0	0.2809	0.2453	0.1596	0.0505	0.0192	0.0045
21	99.7886	0.0013	0.002	0.0054	0.0189	0.0569	0.1038	0.1384	0.2552	0.2215	0.1327	0.043	0.0166	0.0041
