Allele	BoLA_DRB3_097_01
Type	Standard
n_specificities	1
npep_u	1
npep_t	5000
spec_ids	1
L_core	9
L_N	0
L_C	0
CS_perL	1
pepL_lower	12
pepL_upper	21
n_diff_aa	20

PWM_norm.1	P1	P2	P3	P4	P5	P6	P7	P8	P9
A	0.0934	1.4655	1.5318	1.8634	0.9519	1.262	0.9391	0.9162	0.8739
C	0.049	0.1005	0.1392	0.3437	0.1786	0.2542	0.1519	0.0927	0.1522
D	0.0361	0.6538	0.2241	0.4369	1.2658	2.0074	0.5328	0.6166	3.5301
E	0.0576	1.7354	0.5674	0.3826	1.2343	2.7382	0.8667	0.7327	2.9306
F	8.2964	0.7927	1.1638	2.1267	0.4857	0.2217	1.2887	0.2443	0.3977
G	0.0619	0.46	0.5773	0.4285	0.785	0.5076	0.7281	0.7801	0.6032
H	0.1244	1.5931	1.0571	1.7631	1.1093	0.1608	1.7264	0.9705	0.4428
I	2.7704	0.9289	1.689	1.956	0.7017	1.6941	1.3278	1.5146	1.5972
K	0.0618	1.1939	1.0076	0.2371	1.7126	0.0876	1.478	1.6041	0.3845
L	1.3527	0.6749	0.883	0.8215	0.432	1.06	1.1784	1.2326	1.4251
M	0.9209	0.4812	0.9181	1.045	0.4242	0.6602	0.8443	0.7715	0.7005
N	0.0713	1.3847	0.7311	0.6619	1.2896	1.8807	1.6758	1.0745	0.5251
P	0.0388	0.0719	1.3136	0.2008	1.4765	0.3599	1.0004	1.7534	0.1874
Q	0.0536	1.2558	1.2127	0.325	0.9456	0.7433	1.4708	1.138	1.1015
R	0.0379	1.2263	1.075	0.1453	1.2363	0.1014	1.2767	1.2046	0.3945
S	0.0414	0.96	0.9193	1.786	1.0368	0.8557	0.5519	0.4978	0.2466
T	0.0773	1.4589	0.6104	1.71	1.2619	1.0577	0.6396	0.9604	0.3845
V	0.9818	1.2283	1.4136	2.3417	1.0307	1.6692	0.8104	1.2654	1.4157
W	4.5203	0.3642	0.8516	0.6746	0.6616	0.1309	0.6761	0.1237	0.1474
Y	10.5593	1.2166	2.3047	0.411	0.8061	0.2608	0.9108	1.0328	0.3054

pepL	alpha	w_s
12	99.5307	0.083	0.1488	0	0.3949	0.3734
13	98.9575	0.0263	0.0764	0.2382	0.4675	0.1916
14	98.3294	0.0043	0.0259	0.161	0	0.4702	0.2977	0.0409
15	98.0139	0.0017	0.0096	0.0839	0.376	0.4093	0.0998	0.0197
16	98.2233	8e-04	0.0022	0.03	0.2337	0	0.5219	0.1563	0.0471	0.0079
17	98.735	8e-04	0.0019	0.0146	0.1152	0.4293	0.2806	0.114	0.0363	0.0072
18	99.2174	5e-04	0.0013	0.0066	0.0433	0.2908	0	0.3312	0.218	0.0767	0.0267	0.005
19	99.5133	0.001	0.0012	0.0074	0.029	0.145	0.2323	0.2918	0.1844	0.0762	0.0263	0.0055
20	99.691	0.001	0.0012	0.0048	0.0176	0.0704	0.1449	0	0.2809	0.2454	0.1596	0.0505	0.0192	0.0045
21	99.7886	0.0013	0.002	0.0054	0.0189	0.0569	0.1038	0.1383	0.2554	0.2215	0.1327	0.043	0.0166	0.0041
