Allele	BoLA_DRB3_007_05
Type	Standard
n_specificities	1
npep_u	1
npep_t	5000
spec_ids	1
L_core	9
L_N	0
L_C	0
CS_perL	1
pepL_lower	12
pepL_upper	21
n_diff_aa	20

PWM_norm.1	P1	P2	P3	P4	P5	P6	P7	P8	P9
A	0.1329	1.3819	1.5994	2.7029	1.0735	3.3669	0.9796	1.0644	0.3678
C	0.0539	0.0859	0.1646	0.1689	0.1755	0.435	0.1589	0.1741	0.1853
D	0.0395	0.6727	0.2153	0.1668	1.1827	0.6549	0.5345	0.7402	0.1612
E	0.0275	1.7044	0.5717	0.1963	1.0654	0.9945	0.7374	0.887	0.1096
F	0.8949	0.8393	1.164	1.3439	0.4157	0.3004	1.2858	0.74	2.6815
G	0.0598	0.4529	0.5957	0.2613	0.5913	2.6338	1.0908	0.8153	0.146
H	0.0379	1.6694	1.1105	1.6097	1.1687	0.2691	2.2983	1.0982	0.1387
I	8.7578	0.9773	1.7342	1.9176	1.0619	0.6566	1.2299	1.2216	5.3796
K	0.0307	1.1873	0.9298	0.2024	1.9767	0.1121	1.6036	1.5537	0.0868
L	2.9065	0.683	0.897	1.0597	0.6626	0.3639	1.4054	1.0214	2.7428
M	1.2553	0.4878	0.9682	0.6194	0.7255	0.3506	0.9647	0.6684	1.7702
N	0.0347	1.3314	0.7308	0.3056	1.0338	1.4021	1.1399	1.0545	0.2401
P	0.0794	0.0706	1.2131	0.0887	0.8627	1.0227	0.6907	1.269	0.0706
Q	0.0298	1.3149	1.1684	0.1458	0.9475	0.8185	1.0165	0.9768	0.1788
R	0.0294	1.2296	1.0696	0.0883	1.5099	0.1041	1.6196	1.3668	0.0603
S	0.0298	0.9684	0.9158	1.9766	0.7799	1.2175	0.4112	0.8432	0.1149
T	0.1199	1.4653	0.5839	1.7556	1.0946	0.929	0.5037	0.8858	0.3765
V	3.8187	1.1942	1.4295	2.8189	1.4585	1.0994	0.6498	1.0389	3.3221
W	0.1738	0.4664	0.9497	0.2405	0.4027	0.1234	1.1747	0.4268	0.561
Y	0.1263	1.2296	2.3325	0.1893	0.8762	0.2072	1.0713	1.078	1.4267

pepL	alpha	w_s
12	99.5307	0.083	0.1488	0	0.3949	0.3733
13	98.9574	0.0263	0.0764	0.2382	0.4675	0.1916
14	98.3293	0.0043	0.0259	0.161	0	0.4702	0.2976	0.0409
15	98.0138	0.0017	0.0096	0.0839	0.3761	0.4093	0.0998	0.0197
16	98.2233	8e-04	0.0022	0.03	0.2337	0	0.522	0.1562	0.0472	0.0079
17	98.7349	8e-04	0.0019	0.0146	0.1152	0.4294	0.2806	0.114	0.0362	0.0072
18	99.2174	5e-04	0.0013	0.0066	0.0433	0.2908	0	0.3312	0.218	0.0767	0.0267	0.005
19	99.5134	0.001	0.0012	0.0074	0.029	0.145	0.2323	0.2917	0.1843	0.0762	0.0263	0.0055
20	99.6911	0.001	0.0012	0.0048	0.0176	0.0704	0.1449	0	0.2809	0.2453	0.1596	0.0505	0.0192	0.0045
21	99.7886	0.0013	0.002	0.0054	0.0189	0.0569	0.1038	0.1384	0.2552	0.2215	0.1327	0.043	0.0166	0.0041
