Allele	BoLA_DRB3_017_04
Type	Standard
n_specificities	1
npep_u	1
npep_t	5000
spec_ids	1
L_core	9
L_N	0
L_C	0
CS_perL	1
pepL_lower	12
pepL_upper	21
n_diff_aa	20

PWM_norm.1	P1	P2	P3	P4	P5	P6	P7	P8	P9
A	0.0896	0.971	1.4703	2.589	1.1682	0.703	0.9406	1.1786	2.7488
C	0.0511	0.118	0.3786	0.1585	0.2276	0.1297	0.3665	0.1131	0.4011
D	0.0347	0.5546	0.5404	0.2875	0.9101	0.5467	0.7314	0.5371	0.5004
E	0.0549	1.1045	0.7083	0.2262	1.0458	0.3721	1.0559	0.9166	0.3501
F	8.5177	0.8507	1.3194	1.3455	0.8512	0.2306	1.2557	0.6046	0.1694
G	0.0609	0.3361	0.7474	0.412	0.5026	0.2025	0.6131	0.9621	2.6273
H	0.1257	1.4432	1.2575	1.9097	0.9373	1.0533	2.3229	1.5437	0.8053
I	2.7942	1.5947	1.4677	1.6068	1.7435	1.3396	1.0692	1.0119	0.5154
K	0.0562	1.7443	0.9242	1.3047	1.5962	5.6168	1.3182	1.5625	0.3036
L	1.3764	0.8388	0.6878	0.5884	0.8832	0.8986	1.1277	1.0918	0.2609
M	0.9048	0.5271	1.4866	0.4921	1.1096	0.7053	0.9434	0.5453	0.3746
N	0.0706	1.0223	0.8255	1.0918	1.0408	0.3816	1.7013	0.8962	1.3797
P	0.0383	0.0548	0.9614	0.119	0.7542	0.4403	0.648	1.2711	0.3985
Q	0.0511	1.2417	1.1518	0.4308	1.4875	0.6494	1.5272	1.0865	1.7402
R	0.0397	1.734	0.8595	0.7678	0.7702	2.274	1.0117	1.4361	0.1997
S	0.0409	0.7046	0.9984	0.8322	0.5208	0.2617	0.5574	0.7431	2.5846
T	0.0763	1.109	0.8878	1.6013	1.2684	0.7871	0.5335	0.862	0.8379
V	0.9921	1.94	1.2237	2.4772	1.2534	1.4137	0.8467	0.984	0.6812
W	4.4804	0.5062	1.2445	0.6308	0.3755	0.2363	1.3728	0.333	0.0849
Y	10.1766	1.153	1.9916	0.9421	1.367	0.2584	1.5534	1.0692	0.1959

pepL	alpha	w_s
12	99.5307	0.083	0.1488	0	0.3949	0.3733
13	98.9574	0.0263	0.0764	0.2382	0.4675	0.1916
14	98.3293	0.0043	0.0259	0.161	0	0.4702	0.2976	0.0409
15	98.0138	0.0017	0.0096	0.0839	0.3761	0.4093	0.0998	0.0197
16	98.2233	8e-04	0.0022	0.03	0.2337	0	0.522	0.1562	0.0472	0.0079
17	98.7349	8e-04	0.0019	0.0146	0.1152	0.4294	0.2806	0.114	0.0362	0.0072
18	99.2174	5e-04	0.0013	0.0066	0.0433	0.2908	0	0.3312	0.218	0.0767	0.0267	0.005
19	99.5134	0.001	0.0012	0.0074	0.029	0.145	0.2323	0.2917	0.1843	0.0762	0.0263	0.0055
20	99.6911	0.001	0.0012	0.0048	0.0176	0.0704	0.1449	0	0.2809	0.2453	0.1596	0.0505	0.0192	0.0045
21	99.7886	0.0013	0.002	0.0054	0.0189	0.0569	0.1038	0.1384	0.2552	0.2215	0.1327	0.043	0.0166	0.0041
