Allele	BoLA_DRB3_008_01
Type	Standard
n_specificities	1
npep_u	1
npep_t	5000
spec_ids	1
L_core	9
L_N	0
L_C	0
CS_perL	1
pepL_lower	12
pepL_upper	21
n_diff_aa	20

PWM_norm.1	P1	P2	P3	P4	P5	P6	P7	P8	P9
A	0.1598	0.9786	1.448	0.7405	0.8735	0.5224	1.02	0.936	0.9055
C	0.0686	0.1182	0.2674	0.1776	0.2816	0.0656	0.1017	0.0788	0.2585
D	0.0465	0.5555	0.409	0.3006	0.7957	0.4638	0.4278	0.6555	1.6027
E	0.0361	1.1065	0.6693	0.4134	0.8603	0.2678	0.3833	0.802	1.1439
F	1.2075	0.8442	1.0879	1.8438	0.5775	0.1794	1.2111	0.3425	2.1622
G	0.0913	0.3341	0.5305	0.2764	0.908	0.1715	1.0364	0.72	0.5452
H	0.0557	1.4506	0.7946	4.0389	1.6254	0.6815	4.1944	0.82	0.6761
I	8.8482	1.5874	2.3718	1.3069	0.8249	1.8647	1.4045	1.616	2.3009
K	0.0511	1.7251	1.1947	2.4544	2.0599	5.0143	1.9191	1.7238	0.3012
L	2.6807	0.856	0.8803	0.7185	0.6345	1.3387	1.0208	1.3143	1.4174
M	1.5984	0.5286	1.3568	1.1018	0.9648	0.4664	0.6875	0.7541	1.7544
N	0.0572	1.0179	0.7024	1.5403	1.38	0.389	1.3293	1.0277	0.7309
P	0.0827	0.0529	1.2009	0.0892	1.3863	0.3036	0.3411	1.516	0.2798
Q	0.0401	1.1967	0.7427	0.9672	1.2556	0.5019	0.9077	1.1369	0.7069
R	0.0421	1.746	0.976	1.5771	1.1071	2.7377	2.0165	1.1275	0.4101
S	0.0434	0.7128	1.0313	0.4133	0.7383	0.2061	0.4258	0.5918	0.4019
T	0.1511	1.1169	0.872	0.7017	1.1665	0.8098	0.5783	0.8398	0.6562
V	3.5484	1.9381	1.213	1.1274	0.8895	1.5554	0.7058	1.2703	2.096
W	0.3015	0.5113	0.493	3.0004	0.7629	0.1423	0.7464	0.1596	0.705
Y	0.2197	1.1473	1.4839	1.7458	0.9403	0.1857	1.0383	0.8963	1.5896

pepL	alpha	w_s
12	99.5307	0.083	0.1488	0	0.3949	0.3734
13	98.9575	0.0263	0.0764	0.2382	0.4675	0.1916
14	98.3294	0.0043	0.0259	0.161	0	0.4702	0.2977	0.0409
15	98.0139	0.0017	0.0096	0.0839	0.376	0.4093	0.0998	0.0197
16	98.2233	8e-04	0.0022	0.03	0.2337	0	0.5219	0.1563	0.0471	0.0079
17	98.735	8e-04	0.0019	0.0146	0.1152	0.4293	0.2806	0.114	0.0363	0.0072
18	99.2174	5e-04	0.0013	0.0066	0.0433	0.2908	0	0.3312	0.218	0.0767	0.0267	0.005
19	99.5133	0.001	0.0012	0.0074	0.029	0.145	0.2323	0.2918	0.1844	0.0762	0.0263	0.0055
20	99.691	0.001	0.0012	0.0048	0.0176	0.0704	0.1449	0	0.2809	0.2454	0.1596	0.0505	0.0192	0.0045
21	99.7886	0.0013	0.002	0.0054	0.0189	0.0569	0.1038	0.1383	0.2554	0.2215	0.1327	0.043	0.0166	0.0041
