Allele	BoLA_DRB3_081_01
Type	Standard
n_specificities	1
npep_u	1
npep_t	5000
spec_ids	1
L_core	9
L_N	0
L_C	0
CS_perL	1
pepL_lower	12
pepL_upper	21
n_diff_aa	20

PWM_norm.1	P1	P2	P3	P4	P5	P6	P7	P8	P9
A	0.1067	0.9786	1.5224	1.7626	0.9402	1.0323	1.4991	0.8904	0.5067
C	0.0519	0.1182	0.2463	0.2524	0.2186	0.2027	0.1875	0.1301	0.1039
D	0.0398	0.5555	0.2322	2.2488	1.5229	1.1772	0.7946	0.898	0.1276
E	0.0664	1.1065	0.5466	0.8292	1.4111	0.4668	0.8623	0.7694	0.123
F	7.7048	0.8442	1.3381	0.6293	0.5293	0.2178	0.9941	0.3727	1.4669
G	0.0614	0.3341	0.4073	0.427	0.6495	0.2737	1.4315	0.8219	0.1154
H	0.1158	1.4506	0.7173	0.8591	1.1711	0.7433	1.2372	1.0155	0.2212
I	2.9156	1.5874	2.4065	0.7807	1.0745	2.5881	1.8244	1.5008	6.154
K	0.0495	1.7251	0.9092	0.1146	1.616	1.2473	0.8223	1.756	0.0539
L	1.5115	0.856	0.9653	0.2788	0.6261	1.2982	1.1389	0.7888	2.8806
M	0.995	0.5286	1.4668	0.3377	0.6576	0.7259	1.0468	0.479	0.8213
N	0.0597	1.0179	0.8709	3.8392	0.9371	1.4213	1.146	1.1133	0.2029
P	0.0478	0.0529	1.2231	0.0986	1.0378	0.4332	0.5182	1.4751	0.1019
Q	0.0612	1.1967	1.0822	0.7289	1.0713	0.6887	0.6859	1.098	0.2809
R	0.0353	1.746	0.8533	0.0993	1.2004	0.8956	0.8838	1.153	0.078
S	0.0437	0.7128	0.9	2.2993	0.7061	0.5151	0.6255	0.6093	0.1315
T	0.0877	1.1169	0.6741	1.6242	1.1372	1.3938	1.0311	1.2041	0.3846
V	1.2306	1.9381	1.429	1.387	1.2866	2.8575	1.1791	1.5054	3.7092
W	3.9897	0.5113	0.6712	0.2014	0.5691	0.1178	0.6344	0.1768	0.2763
Y	10.0619	1.1473	1.7827	0.1383	0.8967	0.2345	0.9625	1.0886	0.7819

pepL	alpha	w_s
12	99.5307	0.083	0.1488	0	0.3949	0.3734
13	98.9575	0.0263	0.0764	0.2382	0.4675	0.1916
14	98.3294	0.0043	0.0259	0.161	0	0.4702	0.2977	0.0409
15	98.0139	0.0017	0.0096	0.0839	0.376	0.4093	0.0998	0.0197
16	98.2233	8e-04	0.0022	0.03	0.2337	0	0.5219	0.1563	0.0471	0.0079
17	98.735	8e-04	0.0019	0.0146	0.1152	0.4293	0.2806	0.114	0.0363	0.0072
18	99.2174	5e-04	0.0013	0.0066	0.0433	0.2908	0	0.3312	0.218	0.0767	0.0267	0.005
19	99.5133	0.001	0.0012	0.0074	0.029	0.145	0.2323	0.2918	0.1844	0.0762	0.0263	0.0055
20	99.691	0.001	0.0012	0.0048	0.0176	0.0704	0.1449	0	0.2809	0.2454	0.1596	0.0505	0.0192	0.0045
21	99.7886	0.0013	0.002	0.0054	0.0189	0.0569	0.1038	0.1383	0.2554	0.2215	0.1327	0.043	0.0166	0.0041
