Allele	BoLA_DRB3_057_02
Type	Standard
n_specificities	1
npep_u	1
npep_t	5000
spec_ids	1
L_core	9
L_N	0
L_C	0
CS_perL	1
pepL_lower	12
pepL_upper	21
n_diff_aa	20

PWM_norm.1	P1	P2	P3	P4	P5	P6	P7	P8	P9
A	0.0896	1.0776	1.5882	2.378	0.8521	0.6263	0.8513	1.1786	2.9915
C	0.0511	0.1232	0.2204	0.2749	0.1652	0.1408	0.2026	0.1131	0.2264
D	0.0347	0.6847	0.2955	0.5608	2.1953	0.4857	0.7816	0.5371	0.4185
E	0.0549	1.077	0.6706	0.4605	1.689	0.4261	1.4771	0.9166	0.4532
F	8.5177	0.7443	1.3697	2.4495	0.3903	0.2048	0.8167	0.6046	0.2364
G	0.0609	0.4347	0.5366	0.6529	0.5798	0.2527	0.7578	0.9621	2.9595
H	0.1257	2.6404	1.0181	2.1892	0.9056	1.1429	1.3358	1.5437	0.8422
I	2.7942	1.2042	2.0981	1.2999	1.0456	2.6317	1.3406	1.0119	0.3293
K	0.0562	1.4381	0.9788	0.0904	1.5558	1.6048	0.8601	1.5625	0.2691
L	1.3764	0.6612	0.8298	0.496	0.5022	1.3451	1.2378	1.0918	0.1742
M	0.9048	0.5571	1.2127	0.5494	0.572	0.6402	0.9009	0.5453	0.3262
N	0.0706	1.477	0.7867	0.6849	0.9817	1.0502	2.2304	0.8962	0.8888
P	0.0383	0.0634	1.1034	0.151	1.203	0.5171	0.6043	1.2711	0.3627
Q	0.0511	1.4608	1.0122	0.3219	0.973	0.6979	1.1951	1.0865	2.897
R	0.0397	1.5543	0.6748	0.0772	1.2074	1.7338	0.5386	1.4361	0.2309
S	0.0409	0.9015	0.9167	2.6189	0.7162	0.3607	0.7665	0.7431	2.2102
T	0.0763	1.2624	0.5642	1.3329	1.1487	1.398	0.8021	0.862	0.635
V	0.9921	1.292	1.3979	1.7471	1.02	2.9166	1.2718	0.984	0.4172
W	4.4804	0.7138	0.914	0.3229	0.4145	0.1731	0.5653	0.333	0.071
Y	10.1766	1.1661	2.6447	0.1782	0.8441	0.2663	1.2392	1.0692	0.1724

pepL	alpha	w_s
12	99.5307	0.083	0.1488	0	0.3949	0.3733
13	98.9574	0.0263	0.0764	0.2382	0.4675	0.1916
14	98.3293	0.0043	0.0259	0.161	0	0.4702	0.2976	0.0409
15	98.0138	0.0017	0.0096	0.0839	0.3761	0.4093	0.0998	0.0197
16	98.2233	8e-04	0.0022	0.03	0.2337	0	0.522	0.1562	0.0472	0.0079
17	98.7349	8e-04	0.0019	0.0146	0.1152	0.4294	0.2806	0.114	0.0362	0.0072
18	99.2174	5e-04	0.0013	0.0066	0.0433	0.2908	0	0.3312	0.218	0.0767	0.0267	0.005
19	99.5134	0.001	0.0012	0.0074	0.029	0.145	0.2323	0.2917	0.1843	0.0762	0.0263	0.0055
20	99.6911	0.001	0.0012	0.0048	0.0176	0.0704	0.1449	0	0.2809	0.2453	0.1596	0.0505	0.0192	0.0045
21	99.7886	0.0013	0.002	0.0054	0.0189	0.0569	0.1038	0.1384	0.2552	0.2215	0.1327	0.043	0.0166	0.0041
