Allele	BoLA_DRB3_010_01
Type	Standard
n_specificities	1
npep_u	1
npep_t	12119
spec_ids	1
L_core	9
L_N	0
L_C	0
CS_perL	1
pepL_lower	12
pepL_upper	21
n_diff_aa	20

PWM_norm.1	P1	P2	P3	P4	P5	P6	P7	P8	P9
A	0.0557	0.9792	1.7172	0.475	1.0939	0.4339	1.5215	0.9759	0.4458
C	0.0128	0.0247	0.4461	0.0347	0.0769	0.0488	0.1231	0.1633	0.0139
D	0.0722	0.6791	0.4158	0.1488	1.4209	0.5269	0.6219	1.0072	0.3449
E	0.0945	1.2436	0.9337	0.1655	1.1134	0.2357	0.8067	0.9894	0.3652
F	7.9758	0.4249	0.5874	7.3444	0.3286	0.0759	0.7077	0.5525	3.9691
G	0.0288	0.2659	0.4684	0.1122	0.6562	0.2725	1.0494	0.8903	0.3554
H	0.141	1.1093	0.7735	1.6271	1.2012	2.372	1.0918	1.4981	1.1201
I	3.5748	1.5572	2.3254	1.2259	0.9724	0.705	3.4271	1.1511	3.0143
K	0.1458	1.7798	0.8845	0.5014	1.8121	7.4596	0.7921	1.7322	0.2156
L	1.3253	0.7459	0.7591	0.529	0.4278	0.1654	0.8447	0.6641	1.9725
M	0.6665	0.3985	1.1001	0.9817	0.6743	0.1092	1.2494	0.2708	1.1011
N	0.0445	1.147	0.7902	0.9233	1.133	0.4864	1.1703	0.9167	0.4791
P	0.0048	0.0249	1.1185	0.0195	1.0891	0.3464	0.7689	1.1134	0.3614
Q	0.0158	1.1352	0.7724	0.7566	1.2709	0.3606	0.7415	1.2228	0.6953
R	0.0242	1.9606	0.7397	0.429	1.2041	3.7904	0.6945	1.1819	0.1525
S	0.0093	0.6371	0.9314	0.2839	1.0814	0.2664	0.4586	0.6886	0.3178
T	0.0467	1.1193	0.9132	0.4181	1.3993	0.5456	0.9426	1.1146	0.5344
V	0.8192	2.2067	1.517	0.639	0.8539	0.6065	1.6783	1.465	1.8216
W	3.5593	0.4779	0.3512	9.6007	0.2024	0.0946	0.3032	0.3636	5.7751
Y	11.0263	1.3219	2.3059	7.0417	0.9586	0.1811	0.6473	1.2031	2.0394

pepL	alpha	w_s
12	99.5307	0.083	0.1488	0	0.3949	0.3733
13	98.9574	0.0263	0.0764	0.2382	0.4675	0.1916
14	98.3293	0.0043	0.0259	0.161	0	0.4702	0.2976	0.0409
15	98.0138	0.0017	0.0096	0.0839	0.3761	0.4093	0.0998	0.0197
16	98.2233	8e-04	0.0022	0.03	0.2337	0	0.522	0.1562	0.0472	0.0079
17	98.7349	8e-04	0.0019	0.0146	0.1152	0.4294	0.2806	0.114	0.0362	0.0072
18	99.2174	5e-04	0.0013	0.0066	0.0433	0.2908	0	0.3312	0.218	0.0767	0.0267	0.005
19	99.5134	0.001	0.0012	0.0074	0.029	0.145	0.2323	0.2917	0.1843	0.0762	0.0263	0.0055
20	99.6911	0.001	0.0012	0.0048	0.0176	0.0704	0.1449	0	0.2809	0.2453	0.1596	0.0505	0.0192	0.0045
21	99.7886	0.0013	0.002	0.0054	0.0189	0.0569	0.1038	0.1384	0.2552	0.2215	0.1327	0.043	0.0166	0.0041
