Allele	BoLA_DRB3_015_07
Type	Standard
n_specificities	1
npep_u	1
npep_t	5000
spec_ids	1
L_core	9
L_N	0
L_C	0
CS_perL	1
pepL_lower	12
pepL_upper	21
n_diff_aa	20

PWM_norm.1	P1	P2	P3	P4	P5	P6	P7	P8	P9
A	0.1598	0.9786	1.717	4.6269	1.2965	0.5224	1.441	1.146	0.2311
C	0.0686	0.1182	0.2089	0.1216	0.1823	0.0656	0.2972	0.1128	0.0516
D	0.0465	0.5555	0.369	0.2947	0.9689	0.4638	1.2834	0.8366	0.0926
E	0.0361	1.1065	0.6892	0.1353	1.0188	0.2678	1.5832	0.7515	0.0998
F	1.2075	0.8442	1.3272	0.4532	0.8043	0.1794	0.5096	0.6313	5.3451
G	0.0913	0.3341	0.7665	0.6954	0.5097	0.1715	0.4822	0.8458	0.0767
H	0.0557	1.4506	1.0286	0.6121	0.9664	0.6815	0.9159	0.9835	0.1731
I	8.8482	1.5874	1.5927	0.803	1.7196	1.8647	1.2009	1.4644	5.4368
K	0.0511	1.7251	0.8277	0.5045	1.5823	5.0143	0.6033	1.6704	0.0699
L	2.6807	0.856	0.6246	0.1829	0.8701	1.3387	0.39	1.143	2.6633
M	1.5984	0.5286	1.616	0.1639	1.1027	0.4664	0.8258	0.4281	1.7854
N	0.0572	1.0179	0.81	0.4799	0.98	0.389	2.0312	1.1516	0.1785
P	0.0827	0.0529	1.0582	0.0752	0.7928	0.3036	0.7271	1.1388	0.0743
Q	0.0401	1.1967	1.1111	0.2251	1.3556	0.5019	1.6718	0.8791	0.1819
R	0.0421	1.746	0.7879	0.4741	0.7886	2.7377	0.8646	1.3565	0.0535
S	0.0434	0.7128	1.2883	1.4474	0.4883	0.2061	0.9574	0.9886	0.084
T	0.1511	1.1169	0.722	3.4951	1.2066	0.8098	1.2539	0.619	0.2792
V	3.5484	1.9381	1.0701	1.8632	1.3256	1.5554	1.3945	1.1103	2.3001
W	0.3015	0.5113	1.1167	0.1903	0.3379	0.1423	0.7676	0.2839	1.2119
Y	0.2197	1.1473	1.9939	0.1558	1.4516	0.1857	0.4118	0.7503	1.2356

pepL	alpha	w_s
12	99.5307	0.083	0.1488	0	0.3949	0.3734
13	98.9575	0.0263	0.0764	0.2382	0.4675	0.1916
14	98.3294	0.0043	0.0259	0.161	0	0.4702	0.2977	0.0409
15	98.0139	0.0017	0.0096	0.0839	0.376	0.4093	0.0998	0.0197
16	98.2233	8e-04	0.0022	0.03	0.2337	0	0.5219	0.1563	0.0471	0.0079
17	98.735	8e-04	0.0019	0.0146	0.1152	0.4293	0.2806	0.114	0.0363	0.0072
18	99.2174	5e-04	0.0013	0.0066	0.0433	0.2908	0	0.3312	0.218	0.0767	0.0267	0.005
19	99.5133	0.001	0.0012	0.0074	0.029	0.145	0.2323	0.2918	0.1844	0.0762	0.0263	0.0055
20	99.691	0.001	0.0012	0.0048	0.0176	0.0704	0.1449	0	0.2809	0.2454	0.1596	0.0505	0.0192	0.0045
21	99.7886	0.0013	0.002	0.0054	0.0189	0.0569	0.1038	0.1383	0.2554	0.2215	0.1327	0.043	0.0166	0.0041
