Allele	BoLA_DRB3_125_01
Type	Standard
n_specificities	1
npep_u	1
npep_t	5000
spec_ids	1
L_core	9
L_N	0
L_C	0
CS_perL	1
pepL_lower	12
pepL_upper	21
n_diff_aa	20

PWM_norm.1	P1	P2	P3	P4	P5	P6	P7	P8	P9
A	0.0934	1.1607	1.5651	0.6515	0.9533	1.2223	0.8241	0.9162	1.2578
C	0.049	0.1118	0.1773	0.2129	0.18	0.3858	0.1879	0.0927	0.2415
D	0.0361	0.6338	0.1902	0.266	2.1057	1.2579	0.9722	0.6166	0.3974
E	0.0576	1.3684	0.4662	1.1966	1.3648	0.6375	1.2138	0.7327	0.6847
F	8.2964	0.8526	1.0543	1.5432	0.3701	0.2263	1.2923	0.2443	0.7726
G	0.0619	0.3848	0.4994	0.1309	0.6006	0.6027	0.6869	0.7801	0.3815
H	0.1244	1.2561	0.738	0.7243	0.9092	0.4902	1.2962	0.9705	0.2377
I	2.7704	1.3421	1.993	3.3889	1.0518	2.036	1.343	1.5146	3.9516
K	0.0618	1.482	0.8942	0.0845	1.5901	0.2907	0.945	1.6041	0.1915
L	1.3527	0.8135	0.9962	3.3252	0.5118	1.2308	1.3855	1.2326	2.5302
M	0.9209	0.5171	1.0889	2.3681	0.5797	0.7809	1.099	0.7715	0.8284
N	0.0713	0.99	0.8018	0.3399	1.1941	1.8859	1.8165	1.0745	0.2866
P	0.0388	0.0632	1.1932	0.0479	1.1364	0.6586	0.7264	1.7534	0.1501
Q	0.0536	1.1825	1.2239	0.7911	0.8925	0.7544	1.2613	1.138	0.5105
R	0.0379	1.5489	1.347	0.0693	1.2653	0.2734	0.7388	1.2046	0.5078
S	0.0414	0.7706	0.9148	0.5771	0.7399	0.8979	0.5984	0.4978	0.2333
T	0.0773	1.2343	0.7377	0.5976	1.1493	1.5603	0.7658	0.9604	0.5327
V	0.9818	1.8888	1.4699	1.4871	1.1892	2.7558	0.9763	1.2654	3.1736
W	4.5203	0.4506	0.6378	0.2912	0.3525	0.1596	0.7217	0.1237	0.1851
Y	10.5593	1.1478	1.6649	0.2638	0.9195	0.288	1.2982	1.0328	0.6183

pepL	alpha	w_s
12	99.5307	0.083	0.1488	0	0.3949	0.3734
13	98.9575	0.0263	0.0764	0.2382	0.4675	0.1916
14	98.3294	0.0043	0.0259	0.161	0	0.4702	0.2977	0.0409
15	98.0139	0.0017	0.0096	0.0839	0.376	0.4093	0.0998	0.0197
16	98.2233	8e-04	0.0022	0.03	0.2337	0	0.5219	0.1563	0.0471	0.0079
17	98.735	8e-04	0.0019	0.0146	0.1152	0.4293	0.2806	0.114	0.0363	0.0072
18	99.2174	5e-04	0.0013	0.0066	0.0433	0.2908	0	0.3312	0.218	0.0767	0.0267	0.005
19	99.5133	0.001	0.0012	0.0074	0.029	0.145	0.2323	0.2918	0.1844	0.0762	0.0263	0.0055
20	99.691	0.001	0.0012	0.0048	0.0176	0.0704	0.1449	0	0.2809	0.2454	0.1596	0.0505	0.0192	0.0045
21	99.7886	0.0013	0.002	0.0054	0.0189	0.0569	0.1038	0.1383	0.2554	0.2215	0.1327	0.043	0.0166	0.0041
