Allele	BoLA_DRB3_009_03
Type	Standard
n_specificities	1
npep_u	1
npep_t	5000
spec_ids	1
L_core	9
L_N	0
L_C	0
CS_perL	1
pepL_lower	12
pepL_upper	21
n_diff_aa	20

PWM_norm.1	P1	P2	P3	P4	P5	P6	P7	P8	P9
A	0.0896	1.3819	1.5663	2.0511	0.9295	1.2452	0.9543	1.1786	0.6418
C	0.0511	0.0859	0.294	0.4236	0.1702	0.3584	0.2947	0.1131	0.2766
D	0.0347	0.6727	0.432	1.4571	1.0872	0.8849	0.9022	0.5371	0.2632
E	0.0549	1.7044	0.7083	0.5775	1.1869	0.6582	1.5823	0.9166	0.4734
F	8.5177	0.8393	1.2999	0.5203	0.6681	0.5455	0.6319	0.6046	1.245
G	0.0609	0.4529	0.6541	0.8576	0.7345	0.5096	0.8956	0.9621	0.4038
H	0.1257	1.6694	1.0494	1.8302	1.5345	0.9334	1.7335	1.5437	0.4352
I	2.7942	0.9773	2.0381	1.1033	0.9723	2.6974	0.9794	1.0119	0.7486
K	0.0562	1.1873	0.9427	0.3059	1.7792	0.4579	0.8516	1.5625	1.7797
L	1.3764	0.683	0.8112	0.2758	0.8914	1.2696	0.7802	1.0918	0.9478
M	0.9048	0.4878	1.2357	0.3893	0.6848	1.1551	0.5592	0.5453	1.6293
N	0.0706	1.3314	0.8335	2.7095	0.9503	1.6095	2.3451	0.8962	0.5386
P	0.0383	0.0706	1.0559	0.416	0.7381	0.8814	1.1241	1.2711	0.0786
Q	0.0511	1.3149	0.9505	0.5618	1.2419	1.1615	1.3424	1.0865	0.5597
R	0.0397	1.2296	0.6682	0.2133	1.1929	0.3958	0.5914	1.4361	5.0698
S	0.0409	0.9684	0.894	1.7679	0.7145	0.5033	0.754	0.7431	0.4064
T	0.0763	1.4653	0.6608	1.7147	1.0893	1.0849	0.8388	0.862	0.3853
V	0.9921	1.1942	1.3488	1.6205	1.2947	2.2467	1.0064	0.984	1.0216
W	4.4804	0.4664	1.0041	0.4817	0.4179	0.2924	0.7853	0.333	0.3142
Y	10.1766	1.2296	2.4067	0.2156	0.9526	0.5136	1.1903	1.0692	3.7825

pepL	alpha	w_s
12	99.5307	0.083	0.1488	0	0.3949	0.3733
13	98.9574	0.0263	0.0764	0.2382	0.4675	0.1916
14	98.3293	0.0043	0.0259	0.161	0	0.4702	0.2976	0.0409
15	98.0138	0.0017	0.0096	0.0839	0.3761	0.4093	0.0998	0.0197
16	98.2233	8e-04	0.0022	0.03	0.2337	0	0.522	0.1562	0.0472	0.0079
17	98.7349	8e-04	0.0019	0.0146	0.1152	0.4294	0.2806	0.114	0.0362	0.0072
18	99.2174	5e-04	0.0013	0.0066	0.0433	0.2908	0	0.3312	0.218	0.0767	0.0267	0.005
19	99.5134	0.001	0.0012	0.0074	0.029	0.145	0.2323	0.2917	0.1843	0.0762	0.0263	0.0055
20	99.6911	0.001	0.0012	0.0048	0.0176	0.0704	0.1449	0	0.2809	0.2453	0.1596	0.0505	0.0192	0.0045
21	99.7886	0.0013	0.002	0.0054	0.0189	0.0569	0.1038	0.1384	0.2552	0.2215	0.1327	0.043	0.0166	0.0041
