Allele	BoLA_DRB3_090_03
Type	Standard
n_specificities	1
npep_u	1
npep_t	5000
spec_ids	1
L_core	9
L_N	0
L_C	0
CS_perL	1
pepL_lower	12
pepL_upper	21
n_diff_aa	20

PWM_norm.1	P1	P2	P3	P4	P5	P6	P7	P8	P9
A	0.0896	1.3819	1.352	2.1974	1.1599	1.0159	1.682	0.9293	1.1144
C	0.0511	0.0859	0.2941	0.4907	0.1799	0.3016	0.1322	0.0844	0.1041
D	0.0347	0.6727	0.4106	0.5176	1.2636	1.0874	0.6593	0.6106	3.2047
E	0.0549	1.7044	0.7465	0.3425	1.0015	0.5318	0.8113	0.7422	4.1752
F	8.5177	0.8393	1.4535	2.1444	0.5067	0.3178	0.5845	0.263	0.3545
G	0.0609	0.4529	0.5135	0.4555	0.6722	0.4338	1.1719	0.7903	1.1545
H	0.1257	1.6694	1.2532	2.9161	1.2316	0.663	1.3542	0.9906	0.5963
I	2.7942	0.9773	1.8984	1.5801	0.9772	2.7044	1.2397	1.5087	1.0128
K	0.0562	1.1873	0.9766	0.3152	1.7893	0.571	1.2877	1.5882	0.3196
L	1.3764	0.683	0.8884	0.7174	0.6317	1.3719	0.9968	1.2173	0.6502
M	0.9048	0.4878	1.1773	0.9123	0.6971	1.1235	0.7719	0.7519	0.4812
N	0.0706	1.3314	0.7327	0.7711	1.2295	1.4012	1.1518	1.0671	0.3285
P	0.0383	0.0706	1.1004	0.2057	0.964	0.6639	1.258	1.7701	0.2225
Q	0.0511	1.3149	1.0531	0.3773	1.1029	0.7732	1.4739	1.0953	1.4919
R	0.0397	1.2296	0.7195	0.1821	1.1767	0.4354	1.0942	1.2269	0.3665
S	0.0409	0.9684	0.7257	1.595	0.839	0.6022	0.5934	0.5083	0.3617
T	0.0763	1.4653	0.6503	1.3484	1.108	1.2509	0.555	0.9786	0.3856
V	0.9921	1.1942	1.5672	2.0922	1.3157	2.9884	0.8617	1.229	0.7953
W	4.4804	0.4664	1.1659	0.7753	0.562	0.249	0.4724	0.1389	0.0952
Y	10.1766	1.2296	2.482	0.647	0.9329	0.3788	0.9142	1.043	0.231

pepL	alpha	w_s
12	99.5307	0.083	0.1488	0	0.3949	0.3733
13	98.9574	0.0263	0.0764	0.2382	0.4675	0.1916
14	98.3293	0.0043	0.0259	0.161	0	0.4702	0.2976	0.0409
15	98.0138	0.0017	0.0096	0.0839	0.3761	0.4093	0.0998	0.0197
16	98.2233	8e-04	0.0022	0.03	0.2337	0	0.522	0.1562	0.0472	0.0079
17	98.7349	8e-04	0.0019	0.0146	0.1152	0.4294	0.2806	0.114	0.0362	0.0072
18	99.2174	5e-04	0.0013	0.0066	0.0433	0.2908	0	0.3312	0.218	0.0767	0.0267	0.005
19	99.5134	0.001	0.0012	0.0074	0.029	0.145	0.2323	0.2917	0.1843	0.0762	0.0263	0.0055
20	99.6911	0.001	0.0012	0.0048	0.0176	0.0704	0.1449	0	0.2809	0.2453	0.1596	0.0505	0.0192	0.0045
21	99.7886	0.0013	0.002	0.0054	0.0189	0.0569	0.1038	0.1384	0.2552	0.2215	0.1327	0.043	0.0166	0.0041
