Allele	BoLA_DRB3_139_01
Type	Standard
n_specificities	1
npep_u	1
npep_t	5000
spec_ids	1
L_core	9
L_N	0
L_C	0
CS_perL	1
pepL_lower	12
pepL_upper	21
n_diff_aa	20

PWM_norm.1	P1	P2	P3	P4	P5	P6	P7	P8	P9
A	0.0896	0.971	1.4469	1.532	0.9892	1.6013	1.6511	1.1786	1.718
C	0.0511	0.118	0.2774	0.3345	0.2942	0.4477	0.4099	0.1131	1.2323
D	0.0347	0.5546	0.2797	2.7266	1.2861	3.123	1.4134	0.5371	0.2684
E	0.0549	1.1045	0.5515	1.0515	1.0391	1.257	1.4561	0.9166	0.2561
F	8.5177	0.8507	0.9719	1.2551	0.5398	0.2299	0.9548	0.6046	0.9057
G	0.0609	0.3361	0.6008	0.4836	0.7373	0.8257	0.6839	0.9621	1.1676
H	0.1257	1.4432	0.857	0.6291	1.004	0.6042	0.8072	1.5437	0.4088
I	2.7942	1.5947	1.9575	1.4299	1.0155	1.0337	1.026	1.0119	1.4769
K	0.0562	1.7443	0.9257	0.1116	1.7421	0.2129	0.4251	1.5625	0.4122
L	1.3764	0.8388	0.9648	0.5136	0.634	0.5439	0.9936	1.0918	1.6813
M	0.9048	0.5271	1.1997	0.9013	0.82	0.4643	0.6881	0.5453	1.9619
N	0.0706	1.0223	0.8631	1.697	1.1576	3.1185	1.4837	0.8962	0.9087
P	0.0383	0.0548	1.0455	0.1411	1.1231	0.4331	0.9037	1.2711	0.1735
Q	0.0511	1.2417	1.1288	0.9208	1.0655	0.8653	1.1091	1.0865	0.6603
R	0.0397	1.734	1.3281	0.1111	1.2569	0.1875	0.5759	1.4361	0.4608
S	0.0409	0.7046	0.8804	1.6932	0.7846	1.1326	0.8171	0.7431	1.0034
T	0.0763	1.109	0.8144	1.3567	1.1833	1.2821	0.9788	0.862	0.9361
V	0.9921	1.94	1.4656	1.5855	1.1667	1.2015	1.1402	0.984	2.2784
W	4.4804	0.5062	0.7557	0.493	0.5457	0.1662	0.6699	0.333	0.3428
Y	10.1766	1.153	1.6447	0.3775	1.0704	0.3198	1.0411	1.0692	1.1366

pepL	alpha	w_s
12	99.5307	0.083	0.1488	0	0.3949	0.3733
13	98.9574	0.0263	0.0764	0.2382	0.4675	0.1916
14	98.3293	0.0043	0.0259	0.161	0	0.4702	0.2976	0.0409
15	98.0138	0.0017	0.0096	0.0839	0.3761	0.4093	0.0998	0.0197
16	98.2233	8e-04	0.0022	0.03	0.2337	0	0.522	0.1562	0.0472	0.0079
17	98.7349	8e-04	0.0019	0.0146	0.1152	0.4294	0.2806	0.114	0.0362	0.0072
18	99.2174	5e-04	0.0013	0.0066	0.0433	0.2908	0	0.3312	0.218	0.0767	0.0267	0.005
19	99.5134	0.001	0.0012	0.0074	0.029	0.145	0.2323	0.2917	0.1843	0.0762	0.0263	0.0055
20	99.6911	0.001	0.0012	0.0048	0.0176	0.0704	0.1449	0	0.2809	0.2453	0.1596	0.0505	0.0192	0.0045
21	99.7886	0.0013	0.002	0.0054	0.0189	0.0569	0.1038	0.1384	0.2552	0.2215	0.1327	0.043	0.0166	0.0041
