Allele	BoLA_DRB3_028_05
Type	Standard
n_specificities	1
npep_u	1
npep_t	5000
spec_ids	1
L_core	9
L_N	0
L_C	0
CS_perL	1
pepL_lower	12
pepL_upper	21
n_diff_aa	20

PWM_norm.1	P1	P2	P3	P4	P5	P6	P7	P8	P9
A	0.1391	0.9786	1.4148	0.4766	0.7389	0.4746	0.823	1.0347	0.4387
C	0.0583	0.1182	0.3168	0.1675	0.21	0.1225	0.1037	0.108	0.162
D	0.0402	0.5555	0.3842	0.3652	1.4312	1.1795	0.5719	0.6454	0.67
E	0.0321	1.1065	0.6135	1.2662	1.3869	0.9241	0.9957	1.0308	0.7041
F	0.8712	0.8442	1.2901	1.8153	0.4446	0.1524	1.1703	0.5338	1.1019
G	0.0626	0.3341	0.4771	0.1489	0.7028	0.1282	0.5395	0.8564	0.1436
H	0.041	1.4506	0.9777	0.6935	0.9723	0.1254	1.2677	1.291	0.1869
I	8.7661	1.5874	2.0506	2.6139	1.0491	4.0756	2.0512	1.0806	3.1439
K	0.0339	1.7251	0.976	0.1157	1.6023	0.0868	0.7943	1.4956	0.2364
L	2.7494	0.856	0.9521	3.9319	0.5804	2.5173	1.1329	1.1933	3.571
M	1.3964	0.5286	1.2608	2.9047	0.8034	0.9624	0.8641	0.6292	1.524
N	0.0398	1.0179	0.8048	0.316	1.0329	0.9742	1.8837	0.8818	0.2396
P	0.0759	0.0529	1.0836	0.0522	1.2228	0.2206	1.8717	1.3334	0.0655
Q	0.0349	1.1967	1.1656	0.9147	1.1329	0.5374	1.2297	1.1305	0.3107
R	0.0305	1.746	0.9304	0.0991	1.4439	0.0864	0.6213	1.3811	0.3412
S	0.033	0.7128	0.739	0.3129	0.7812	0.2946	0.4979	0.6731	0.1199
T	0.1218	1.1169	0.819	0.354	1.1539	0.8834	0.7803	0.8198	0.3684
V	3.9808	1.9381	1.5145	1.0299	1.1497	3.5294	1.1178	1.0684	2.7988
W	0.1798	0.5113	0.8567	0.2381	0.5412	0.0942	0.526	0.3364	0.2653
Y	0.1653	1.1473	1.8853	0.6589	0.8072	0.2743	1.0849	1.1546	1.7691

pepL	alpha	w_s
12	99.5307	0.083	0.1488	0	0.3949	0.3734
13	98.9575	0.0263	0.0764	0.2382	0.4675	0.1916
14	98.3294	0.0043	0.0259	0.161	0	0.4702	0.2977	0.0409
15	98.0139	0.0017	0.0096	0.0839	0.376	0.4093	0.0998	0.0197
16	98.2233	8e-04	0.0022	0.03	0.2337	0	0.5219	0.1563	0.0471	0.0079
17	98.735	8e-04	0.0019	0.0146	0.1152	0.4293	0.2806	0.114	0.0363	0.0072
18	99.2174	5e-04	0.0013	0.0066	0.0433	0.2908	0	0.3312	0.218	0.0767	0.0267	0.005
19	99.5133	0.001	0.0012	0.0074	0.029	0.145	0.2323	0.2918	0.1844	0.0762	0.0263	0.0055
20	99.691	0.001	0.0012	0.0048	0.0176	0.0704	0.1449	0	0.2809	0.2454	0.1596	0.0505	0.0192	0.0045
21	99.7886	0.0013	0.002	0.0054	0.0189	0.0569	0.1038	0.1383	0.2554	0.2215	0.1327	0.043	0.0166	0.0041
