Allele	BoLA_DRB3_020_08
Type	Standard
n_specificities	1
npep_u	1
npep_t	5000
spec_ids	1
L_core	9
L_N	0
L_C	0
CS_perL	1
pepL_lower	12
pepL_upper	21
n_diff_aa	20

PWM_norm.1	P1	P2	P3	P4	P5	P6	P7	P8	P9
A	0.1329	0.971	1.4481	0.1893	0.9035	0.7985	1.2775	1.1786	2.0367
C	0.0539	0.118	0.4518	0.078	0.2717	0.2441	0.2034	0.1131	0.6994
D	0.0395	0.5546	0.5746	0.1492	1.4536	0.8567	0.6564	0.5371	0.5755
E	0.0275	1.1045	0.7427	0.6257	1.0747	0.5457	0.9369	0.9166	0.537
F	0.8949	0.8507	1.1331	2.0369	0.6032	0.2694	0.9359	0.6046	0.7693
G	0.0598	0.3361	0.6728	0.0423	0.7305	0.299	1.0443	0.9621	1.7156
H	0.0379	1.4432	1.1636	0.1496	1.1023	0.6899	1.1404	1.5437	0.5137
I	8.7578	1.5947	1.9725	2.9252	0.989	2.8461	1.5345	1.0119	1.2609
K	0.0307	1.7443	0.9915	0.0434	1.4602	0.528	0.9958	1.5625	0.3839
L	2.9065	0.8388	0.8704	5.5742	0.5208	1.579	1.2396	1.0918	0.9696
M	1.2553	0.5271	1.1143	3.0614	0.8601	1.1744	1.151	0.5453	0.9977
N	0.0347	1.0223	0.8013	0.1045	1.3231	1.3302	1.4189	0.8962	0.9843
P	0.0794	0.0548	0.936	0.0136	1.3879	0.6537	1.2088	1.2711	0.2828
Q	0.0298	1.2417	1.0451	0.7011	1.1649	0.8097	1.1142	1.0865	0.6322
R	0.0294	1.734	0.9132	0.0364	1.1145	0.4328	0.8283	1.4361	0.5142
S	0.0298	0.7046	0.7236	0.0549	1.0069	0.4769	0.5957	0.7431	1.3653
T	0.1199	1.109	1.0454	0.0975	1.257	1.3145	0.649	0.862	1.2617
V	3.8187	1.94	1.3196	0.6614	0.8911	3.3382	0.9278	0.984	1.7823
W	0.1738	0.5062	0.8184	0.2395	0.4324	0.2178	0.6847	0.333	0.2154
Y	0.1263	1.153	1.709	0.6201	0.8759	0.3447	1.0924	1.0692	0.9439

pepL	alpha	w_s
12	99.5307	0.083	0.1488	0	0.3949	0.3733
13	98.9574	0.0263	0.0764	0.2382	0.4675	0.1916
14	98.3293	0.0043	0.0259	0.161	0	0.4702	0.2976	0.0409
15	98.0138	0.0017	0.0096	0.0839	0.3761	0.4093	0.0998	0.0197
16	98.2233	8e-04	0.0022	0.03	0.2337	0	0.522	0.1562	0.0472	0.0079
17	98.7349	8e-04	0.0019	0.0146	0.1152	0.4294	0.2806	0.114	0.0362	0.0072
18	99.2174	5e-04	0.0013	0.0066	0.0433	0.2908	0	0.3312	0.218	0.0767	0.0267	0.005
19	99.5134	0.001	0.0012	0.0074	0.029	0.145	0.2323	0.2917	0.1843	0.0762	0.0263	0.0055
20	99.6911	0.001	0.0012	0.0048	0.0176	0.0704	0.1449	0	0.2809	0.2453	0.1596	0.0505	0.0192	0.0045
21	99.7886	0.0013	0.002	0.0054	0.0189	0.0569	0.1038	0.1384	0.2552	0.2215	0.1327	0.043	0.0166	0.0041
