Allele	BoLA_DRB3_024_15
Type	Standard
n_specificities	1
npep_u	1
npep_t	5000
spec_ids	1
L_core	9
L_N	0
L_C	0
CS_perL	1
pepL_lower	12
pepL_upper	21
n_diff_aa	20

PWM_norm.1	P1	P2	P3	P4	P5	P6	P7	P8	P9
A	0.0934	1.4655	1.4683	0.8079	1.0407	1.7528	0.8607	1.1812	2.8823
C	0.049	0.1005	0.2926	0.3249	0.3364	0.629	0.383	0.116	0.236
D	0.0361	0.6538	0.3872	0.5639	1.4218	2.1753	1.1536	0.5499	0.4497
E	0.0576	1.7354	0.6398	0.609	0.9814	0.7924	1.0728	0.9164	0.4846
F	8.2964	0.7927	1.121	3.8126	0.5691	0.3474	1.6383	0.6052	0.2476
G	0.0619	0.46	0.7511	0.3012	0.6883	0.9536	0.6523	0.9468	2.954
H	0.1244	1.5931	1.0678	1.9488	1.1304	0.6389	1.7065	1.5282	0.883
I	2.7704	0.9289	1.8332	2.1983	1.0001	1.1348	1.0893	1.0162	0.3248
K	0.0618	1.1939	0.9182	0.4975	1.5653	0.4116	1.0484	1.5537	0.2833
L	1.3527	0.6749	0.8692	0.961	0.5585	0.5944	0.9402	1.0855	0.1751
M	0.9209	0.4812	1.0665	2.0835	0.7996	0.6606	1.0713	0.5538	0.3138
N	0.0713	1.3847	0.7645	0.6343	1.2672	2.2832	1.5867	0.9038	0.9326
P	0.0388	0.0719	0.9453	0.2454	1.296	0.7166	0.8163	1.2759	0.3804
Q	0.0536	1.2558	1.0658	0.7514	0.9989	0.7582	1.2867	1.0813	2.8359
R	0.0379	1.2263	1.0193	0.3846	1.1355	0.3079	0.9993	1.4304	0.2655
S	0.0414	0.96	0.8811	0.5578	0.8868	1.2215	0.6731	0.746	2.1883
T	0.0773	1.4589	0.8237	0.8049	1.206	1.4771	0.7602	0.863	0.6405
V	0.9818	1.2283	1.4136	1.3889	1.1049	1.471	0.838	0.997	0.4338
W	4.5203	0.3642	1.273	4.1642	0.5773	0.2781	1.3586	0.3334	0.0731
Y	10.5593	1.2166	2.0601	2.8649	1.0487	0.3628	1.4773	1.0766	0.2052

pepL	alpha	w_s
12	99.5307	0.083	0.1488	0	0.3949	0.3734
13	98.9575	0.0263	0.0764	0.2382	0.4675	0.1916
14	98.3294	0.0043	0.0259	0.161	0	0.4702	0.2977	0.0409
15	98.0139	0.0017	0.0096	0.0839	0.376	0.4093	0.0998	0.0197
16	98.2233	8e-04	0.0022	0.03	0.2337	0	0.5219	0.1563	0.0471	0.0079
17	98.735	8e-04	0.0019	0.0146	0.1152	0.4293	0.2806	0.114	0.0363	0.0072
18	99.2174	5e-04	0.0013	0.0066	0.0433	0.2908	0	0.3312	0.218	0.0767	0.0267	0.005
19	99.5133	0.001	0.0012	0.0074	0.029	0.145	0.2323	0.2918	0.1844	0.0762	0.0263	0.0055
20	99.691	0.001	0.0012	0.0048	0.0176	0.0704	0.1449	0	0.2809	0.2454	0.1596	0.0505	0.0192	0.0045
21	99.7886	0.0013	0.002	0.0054	0.0189	0.0569	0.1038	0.1383	0.2554	0.2215	0.1327	0.043	0.0166	0.0041
