Allele	BoLA_DRB3_024_04
Type	Standard
n_specificities	1
npep_u	1
npep_t	5000
spec_ids	1
L_core	9
L_N	0
L_C	0
CS_perL	1
pepL_lower	12
pepL_upper	21
n_diff_aa	20

PWM_norm.1	P1	P2	P3	P4	P5	P6	P7	P8	P9
A	0.0896	1.3819	1.5994	2.7115	1.0666	2.9122	0.9256	1.1786	2.9915
C	0.0511	0.0859	0.1646	0.1681	0.218	0.6603	0.3197	0.1131	0.2264
D	0.0347	0.6727	0.2153	0.3629	1.0348	0.9346	0.7536	0.5371	0.4185
E	0.0549	1.7044	0.5717	0.1816	1.0049	0.6434	0.9235	0.9166	0.4532
F	8.5177	0.8393	1.164	1.7019	0.5221	0.3904	1.5145	0.6046	0.2364
G	0.0609	0.4529	0.5957	0.4117	0.6354	1.9368	0.708	0.9621	2.9595
H	0.1257	1.6694	1.1105	3.865	1.2596	0.3073	2.0345	1.5437	0.8422
I	2.7942	0.9773	1.7342	1.1741	1.1275	1.0524	1.0926	1.0119	0.3293
K	0.0562	1.1873	0.9298	0.3925	1.8467	0.149	1.2025	1.5625	0.2691
L	1.3764	0.683	0.897	0.4466	0.8052	0.5188	1.2181	1.0918	0.1742
M	0.9048	0.4878	0.9682	0.4077	0.8588	0.516	1.1457	0.5453	0.3262
N	0.0706	1.3314	0.7308	0.5833	0.9523	1.5311	1.4288	0.8962	0.8888
P	0.0383	0.0706	1.2131	0.1959	0.9381	0.9392	0.8817	1.2711	0.3627
Q	0.0511	1.3149	1.1684	0.1944	0.9988	0.8472	1.3376	1.0865	2.897
R	0.0397	1.2296	1.0696	0.1988	1.3234	0.1239	1.1587	1.4361	0.2309
S	0.0409	0.9684	0.9158	1.9331	0.7114	1.236	0.5098	0.7431	2.2102
T	0.0763	1.4653	0.5839	1.824	1.0508	1.2154	0.5438	0.862	0.635
V	0.9921	1.1942	1.4295	2.1567	1.4486	1.4507	0.8364	0.984	0.4172
W	4.4804	0.4664	0.9497	0.6118	0.5907	0.1657	1.6748	0.333	0.071
Y	10.1766	1.2296	2.3325	0.4355	0.9698	0.2373	1.2145	1.0692	0.1724

pepL	alpha	w_s
12	99.5307	0.083	0.1488	0	0.3949	0.3733
13	98.9574	0.0263	0.0764	0.2382	0.4675	0.1916
14	98.3293	0.0043	0.0259	0.161	0	0.4702	0.2976	0.0409
15	98.0138	0.0017	0.0096	0.0839	0.3761	0.4093	0.0998	0.0197
16	98.2233	8e-04	0.0022	0.03	0.2337	0	0.522	0.1562	0.0472	0.0079
17	98.7349	8e-04	0.0019	0.0146	0.1152	0.4294	0.2806	0.114	0.0362	0.0072
18	99.2174	5e-04	0.0013	0.0066	0.0433	0.2908	0	0.3312	0.218	0.0767	0.0267	0.005
19	99.5134	0.001	0.0012	0.0074	0.029	0.145	0.2323	0.2917	0.1843	0.0762	0.0263	0.0055
20	99.6911	0.001	0.0012	0.0048	0.0176	0.0704	0.1449	0	0.2809	0.2453	0.1596	0.0505	0.0192	0.0045
21	99.7886	0.0013	0.002	0.0054	0.0189	0.0569	0.1038	0.1384	0.2552	0.2215	0.1327	0.043	0.0166	0.0041
