Allele	BoLA_DRB3_151_01
Type	Standard
n_specificities	1
npep_u	1
npep_t	5000
spec_ids	1
L_core	9
L_N	0
L_C	0
CS_perL	1
pepL_lower	12
pepL_upper	21
n_diff_aa	20

PWM_norm.1	P1	P2	P3	P4	P5	P6	P7	P8	P9
A	0.1329	1.2265	1.6453	3.3044	1.2981	3.6659	1.0565	1.0644	0.533
C	0.0539	0.1146	0.1599	0.2697	0.1423	0.3863	0.1443	0.1741	0.2937
D	0.0395	0.7134	0.2813	0.0976	0.9384	0.5647	0.7705	0.7402	0.2058
E	0.0275	1.5231	0.5967	0.2062	0.9479	0.9053	0.9457	0.887	0.1278
F	0.8949	0.8882	1.1941	1.4035	0.53	0.26	0.9571	0.74	1.5145
G	0.0598	0.4298	0.7257	0.392	0.5381	2.6904	0.8045	0.8153	0.1913
H	0.0379	1.6831	1.1018	0.7577	1.2427	0.1807	2.3462	1.0982	0.1133
I	8.7578	1.1406	1.4671	1.8422	1.1117	0.6474	0.977	1.2216	5.4325
K	0.0307	1.289	0.8816	0.2408	1.9074	0.0644	1.7311	1.5537	0.0498
L	2.9065	0.7131	0.7424	1.9261	0.65	0.4053	1.1879	1.0214	2.6004
M	1.2553	0.5848	1.3788	0.9929	0.7933	0.3608	0.7652	0.6684	1.5427
N	0.0347	1.1324	0.7422	0.32	1.2855	1.3379	1.1857	1.0545	0.28
P	0.0794	0.0679	1.0079	0.0591	0.8703	1.0356	0.6978	1.269	0.0655
Q	0.0298	1.3528	1.2543	0.2771	1.1088	0.9527	1.4704	0.9768	0.214
R	0.0294	1.3721	1.0734	0.1582	1.2496	0.0563	1.6231	1.3668	0.0446
S	0.0298	0.8922	1.1855	1.0797	0.8038	1.1533	0.4547	0.8432	0.1628
T	0.1199	1.3182	0.6256	1.1085	1.1415	0.8559	0.5614	0.8858	0.4774
V	3.8187	1.3895	1.2535	2.4043	1.398	1.077	0.7386	1.0389	4.067
W	0.1738	0.6247	1.0346	0.301	0.2725	0.0932	0.6928	0.4268	0.185
Y	0.1263	1.2606	2.1804	0.3327	0.9756	0.1642	0.9452	1.078	1.0083

pepL	alpha	w_s
12	99.5307	0.083	0.1488	0	0.3949	0.3733
13	98.9574	0.0263	0.0764	0.2382	0.4675	0.1916
14	98.3293	0.0043	0.0259	0.161	0	0.4702	0.2976	0.0409
15	98.0138	0.0017	0.0096	0.0839	0.3761	0.4093	0.0998	0.0197
16	98.2233	8e-04	0.0022	0.03	0.2337	0	0.522	0.1562	0.0472	0.0079
17	98.7349	8e-04	0.0019	0.0146	0.1152	0.4294	0.2806	0.114	0.0362	0.0072
18	99.2174	5e-04	0.0013	0.0066	0.0433	0.2908	0	0.3312	0.218	0.0767	0.0267	0.005
19	99.5134	0.001	0.0012	0.0074	0.029	0.145	0.2323	0.2917	0.1843	0.0762	0.0263	0.0055
20	99.6911	0.001	0.0012	0.0048	0.0176	0.0704	0.1449	0	0.2809	0.2453	0.1596	0.0505	0.0192	0.0045
21	99.7886	0.0013	0.002	0.0054	0.0189	0.0569	0.1038	0.1384	0.2552	0.2215	0.1327	0.043	0.0166	0.0041
