Allele	DPA1_01_14__DPB1_648_01
Type	Standard
n_specificities	2
npep_u	0.964	0.036
npep_t	5000	5000
spec_ids	1	-1
L_core	9
L_N	0
L_C	0
CS_perL	1
pepL_lower	12
pepL_upper	21
n_diff_aa	20

PWM_norm.1	P1	P2	P3	P4	P5	P6	P7	P8	P9
A	0.1385	1.5926	1.7519	1.2292	0.9597	0.182	2.6205	1.3929	1.5228
C	0.0306	0.1911	0.2272	0.2967	0.2236	0.043	0.2548	0.1648	0.9011
D	0.0667	0.5011	0.7734	1.6389	1.3314	0.0347	0.5136	0.8155	0.5995
E	0.083	1.257	0.5232	1.8592	1.0828	0.0489	1.71	1.5579	0.3096
F	0.6121	1.1426	1.3687	0.2447	0.6551	15.9768	0.2982	0.4171	0.3981
G	0.0622	0.4293	1.4627	0.7627	0.5076	0.0667	0.8588	0.5194	0.4045
H	0.4195	0.5759	0.714	0.7411	1.2306	0.168	0.3434	0.9576	0.4228
I	0.2531	1.2912	1.0965	1.7043	0.8669	0.5693	0.8383	0.9771	2.0128
K	0.8316	1.225	0.3756	0.2628	1.597	0.0335	0.4037	1.4241	0.0944
L	0.2456	1.4538	0.774	0.4278	1.2186	0.944	1.8638	0.7134	1.5269
M	0.1704	0.7717	0.6949	0.4803	0.7021	0.8376	0.8873	0.6522	0.9102
N	0.1057	0.9376	0.8535	1.0123	1.1783	0.137	1.2144	1.1672	1.8733
P	0.0603	0.1469	0.7148	1.2044	0.9407	0.1447	0.3346	0.934	0.1991
Q	0.2678	0.7673	0.7441	0.6334	1.4036	0.0945	0.8888	1.2856	0.292
R	14.2122	0.9205	0.1946	0.1471	0.9522	0.028	0.3368	1.3797	0.1014
S	0.078	0.6965	1.1269	1.4044	0.7631	0.1176	0.9003	0.929	1.3756
T	0.1126	1.2701	0.9392	1.9141	1.0519	0.1678	0.6389	1.1016	1.7169
V	0.1815	1.4832	1.7586	1.5555	0.9259	0.3262	1.3282	1.0323	3.1647
W	0.0848	0.7443	2.8919	0.2637	0.3129	3.5851	0.1039	0.3216	0.1395
Y	0.3501	1.6377	2.5285	0.2114	1.1182	6.2947	0.3375	0.8037	0.3142

PWM_norm.2	P9	P8	P7	P6	P5	P4	P3	P2	P1
A	1.4593	1.3307	2.4463	0.1495	1.0564	1.4033	1.3626	1.786	0.4409
C	0.9185	0.2569	0.2387	0.0449	0.242	0.4848	0.3132	0.3624	0.0596
D	0.6116	0.9635	0.4954	0.0325	1.2731	1.9106	0.6008	0.3721	0.1533
E	0.3045	1.5058	1.4564	0.0402	1.1725	1.5487	0.6881	1.3644	0.2216
F	0.3868	0.5297	0.4296	16.6412	0.649	0.3573	1.7914	1.0087	0.573
G	0.4608	0.4851	0.5576	0.0743	0.5646	0.4468	0.7214	0.6413	0.1034
H	0.3965	1.157	0.4465	0.1396	1.0693	0.6093	0.7282	0.4792	0.414
I	2.0911	0.8759	0.9961	0.478	0.9344	1.7226	1.2159	1.5132	0.1845
K	0.0895	1.4439	0.4522	0.0485	1.7559	0.2943	0.6846	1.2839	0.8562
L	1.6033	0.6884	1.6628	0.8699	1.0656	0.4625	1.4769	0.9412	0.2399
M	0.9514	0.759	0.7385	0.7034	0.8204	0.958	0.9167	0.5274	0.2233
N	1.7197	1.0983	1.1199	0.096	1.2733	2.5871	0.7506	0.8409	0.1594
P	0.1872	0.74	0.8008	0.095	0.9108	0.7077	0.64	0.8466	0.074
Q	0.2404	1.5182	1.026	0.0932	1.3508	0.6604	0.7248	0.8685	0.268
R	0.0842	1.35	0.3295	0.0356	1.0617	0.2252	0.4042	0.9653	13.4773
S	1.3436	0.8713	0.7781	0.1022	0.6741	1.0938	0.8233	0.9857	0.1157
T	1.7103	1.1368	0.9984	0.1467	1.1923	1.5491	1.0786	1.0411	0.1289
V	3.2018	1.0802	1.5446	0.2236	0.7103	1.6668	1.2755	1.1692	0.1567
W	0.1327	0.3599	0.1838	3.2874	0.3119	0.344	3.1922	0.454	0.123
Y	0.3266	0.8116	0.4027	6.6543	1.0383	0.3599	2.4644	0.8701	0.3399

pepL	alpha	w_s
12	99.5307	0.083	0.1488	0	0.3949	0.3734	0.3191	0.2311	0	0.3551	0.0947
13	98.9575	0.0263	0.0764	0.2382	0.4675	0.1916	0.2986	0.3626	0.1368	0.1653	0.0367
14	98.3294	0.0043	0.0259	0.161	0	0.4702	0.2977	0.0409	0.075	0.4753	0.3062	0	0.0775	0.0543	0.0116
15	98.0139	0.0017	0.0096	0.0839	0.376	0.4093	0.0998	0.0197	0.0247	0.1824	0.5409	0.1811	0.0376	0.0237	0.0096
16	98.2233	8e-04	0.0022	0.03	0.2337	0	0.5219	0.1563	0.0471	0.0079	0.0142	0.0382	0.3427	0.4747	0	0.0918	0.02	0.0102	0.0081
17	98.735	8e-04	0.0019	0.0146	0.1152	0.4293	0.2806	0.114	0.0363	0.0072	0.013	0.0234	0.1237	0.5223	0.2209	0.0523	0.0192	0.0136	0.0115
18	99.2174	5e-04	0.0013	0.0066	0.0433	0.2908	0	0.3312	0.218	0.0767	0.0267	0.005	0.0144	0.0207	0.0564	0.2371	0.44	0	0.1507	0.0358	0.016	0.0144	0.0144
19	99.5133	0.001	0.0012	0.0074	0.029	0.145	0.2323	0.2918	0.1844	0.0762	0.0263	0.0055	0.0246	0.0328	0.0639	0.1615	0.2563	0.2441	0.1005	0.0409	0.0246	0.026	0.0246
20	99.691	0.001	0.0012	0.0048	0.0176	0.0704	0.1449	0	0.2809	0.2454	0.1596	0.0505	0.0192	0.0045	0.0326	0.0347	0.0601	0.0749	0.1659	0.2018	0	0.2124	0.0812	0.0389	0.0326	0.0326	0.0326
21	99.7886	0.0013	0.002	0.0054	0.0189	0.0569	0.1038	0.1383	0.2554	0.2215	0.1327	0.043	0.0166	0.0041	0.0457	0.0457	0.0575	0.0991	0.1287	0.1376	0.0991	0.1258	0.0724	0.0516	0.0457	0.0457	0.0457
