Allele	DPA1_02_02__DPB1_05_01
Type	Standard
n_specificities	2
npep_u	0.316	0.684
npep_t	4581	9936
spec_ids	1	-1
L_core	9
L_N	0
L_C	0
CS_perL	1
pepL_lower	12
pepL_upper	21
n_diff_aa	20

PWM_norm.1	P1	P2	P3	P4	P5	P6	P7	P8	P9
A	0.1061	1.1228	2.376	1.2766	0.928	0.7206	0.9658	1.6078	1.4248
C	0.0168	0.1623	0.1161	0.1027	0.2601	0.2663	0.2514	0.1319	0.2243
D	0.0424	0.7907	0.4486	1.4833	0.6931	0.0214	0.3637	0.7587	0.7142
E	0.0674	1.9483	0.3689	4.8572	1.3285	0.1373	2.0641	1.299	0.2622
F	0.2769	0.8347	1.3778	0.0797	0.4969	1.8224	0.2789	0.225	5.2907
G	0.0328	0.2443	1.9964	0.2709	0.3689	0.0601	0.4261	0.6521	0.4892
H	0.0586	0.3596	0.639	0.5501	0.9183	0.2584	0.1596	0.8542	0.174
I	0.0912	1.591	0.3824	1.0461	0.9785	3.8608	1.0141	0.7419	1.8583
K	12.9904	1.1147	0.2725	0.1246	1.3902	0.0211	0.5464	1.9227	0.1791
L	0.0888	0.9613	0.3776	0.2411	1.5735	3.5078	3.2901	0.4775	1.0838
M	0.3186	0.5515	0.6978	0.0716	1.0043	5.1938	0.7556	0.37	2.3994
N	0.0466	1.0711	1.3087	1.0218	1.2188	0.0563	1.8548	1.5065	0.284
P	0.0237	0.024	0.3558	0.1345	0.8179	0.1018	0.0436	1.2517	0.3469
Q	0.0665	1.2125	0.5801	0.5619	1.9977	0.2093	1.6985	1.5884	0.1944
R	3.2231	0.4868	0.1408	0.0295	0.3837	0.0185	0.3691	1.1406	0.1372
S	0.0305	0.6008	1.9543	1.4902	0.6308	0.2092	0.3756	1.4358	0.9922
T	0.0491	1.2484	0.9769	1.9337	0.981	0.1618	0.3872	0.7086	1.4807
V	0.0975	1.7981	1.3257	1.0796	1.3058	2.7071	1.1576	0.4853	1.6262
W	0.1238	3.4009	2.1608	0.351	0.2151	0.0435	0.0915	0.2123	0.9228
Y	0.0778	1.9599	2.8845	0.045	1.3476	0.8042	0.3242	0.7521	1.7649

PWM_norm.2	P9	P8	P7	P6	P5	P4	P3	P2	P1
A	1.0761	0.7991	1.2891	0.1863	0.9267	1.3895	1.2286	1.2591	0.1893
C	0.3242	0.1205	0.1465	0.0544	0.172	0.1447	0.3509	0.4875	0.0311
D	0.4412	1.8244	0.3189	0.084	0.7899	2.0957	0.4944	0.555	0.029
E	0.3569	1.6079	0.3796	0.0604	1.4657	2.1307	0.9575	2.4169	0.1065
F	1.7101	0.8111	0.7727	5.0938	0.4438	0.925	1.4056	0.4153	0.0375
G	1.1279	0.9205	0.1382	0.0613	0.6387	0.4416	0.2629	0.8639	0.0879
H	0.2387	1.1965	0.4538	0.1229	1.1565	0.4415	1.034	0.4991	0.0157
I	2.0856	0.7026	1.9857	2.3192	1.9002	0.7931	0.9532	1.196	0.073
K	0.2585	1.211	0.251	0.0132	1.9167	0.1611	0.8539	0.5892	15.0988
L	2.6019	0.8474	1.1886	4.3905	1.1214	0.3333	1.1863	0.9013	0.1635
M	3.5189	0.3336	0.6407	2.9752	0.6521	0.5266	0.8917	0.7002	0.0958
N	0.4052	1.1609	0.6568	0.1258	1.153	2.3811	1.5018	1.401	0.1791
P	0.4139	0.3866	1.675	0.0346	0.3629	0.5051	0.4147	0.519	0.0903
Q	0.7145	2.3002	0.6263	0.5762	1.1635	0.9554	1.2755	1.2381	0.1158
R	0.3408	0.8813	0.4571	0.0089	0.3136	0.0304	0.2345	0.3666	0.6372
S	0.5787	0.827	0.5381	0.1002	0.6819	0.9782	0.9222	0.8509	0.0902
T	0.8184	0.8918	2.5623	0.5128	1.4014	2.5319	1.7254	1.4526	0.0963
V	1.1522	0.9525	3.1159	0.9027	1.4982	1.4476	1.6623	1.3814	0.102
W	0.1182	0.6546	0.3365	0.4483	0.3119	0.0911	1.2277	0.7035	0.025
Y	1.3103	0.6697	0.8864	2.295	0.6807	0.4255	2.0097	0.8245	0.1766

pepL	alpha	w_s
12	99.5307	0.083	0.1488	0	0.3949	0.3733	0.3191	0.2311	0	0.3551	0.0947
13	98.9574	0.0263	0.0764	0.2382	0.4675	0.1916	0.2986	0.3626	0.1368	0.1653	0.0367
14	98.3293	0.0043	0.0259	0.161	0	0.4702	0.2976	0.0409	0.075	0.4753	0.3062	0	0.0775	0.0543	0.0116
15	98.0138	0.0017	0.0096	0.0839	0.3761	0.4093	0.0998	0.0197	0.0247	0.1824	0.5409	0.1811	0.0376	0.0237	0.0096
16	98.2233	8e-04	0.0022	0.03	0.2337	0	0.522	0.1562	0.0472	0.0079	0.0142	0.0382	0.3427	0.4747	0	0.0918	0.02	0.0102	0.0081
17	98.7349	8e-04	0.0019	0.0146	0.1152	0.4294	0.2806	0.114	0.0362	0.0072	0.013	0.0234	0.1237	0.5223	0.2209	0.0523	0.0192	0.0136	0.0115
18	99.2174	5e-04	0.0013	0.0066	0.0433	0.2908	0	0.3312	0.218	0.0767	0.0267	0.005	0.0144	0.0207	0.0564	0.2371	0.44	0	0.1507	0.0358	0.016	0.0144	0.0144
19	99.5134	0.001	0.0012	0.0074	0.029	0.145	0.2323	0.2917	0.1843	0.0762	0.0263	0.0055	0.0246	0.0328	0.0639	0.1615	0.2563	0.2441	0.1005	0.0409	0.0246	0.026	0.0246
20	99.6911	0.001	0.0012	0.0048	0.0176	0.0704	0.1449	0	0.2809	0.2453	0.1596	0.0505	0.0192	0.0045	0.0326	0.0347	0.0601	0.0749	0.1659	0.2018	0	0.2124	0.0812	0.0389	0.0326	0.0326	0.0326
21	99.7886	0.0013	0.002	0.0054	0.0189	0.0569	0.1038	0.1384	0.2552	0.2215	0.1327	0.043	0.0166	0.0041	0.0457	0.0457	0.0575	0.0991	0.1287	0.1376	0.0991	0.1258	0.0724	0.0516	0.0457	0.0457	0.0457
