Allele	DPA1_02_07__DPB1_09_01
Type	Standard
n_specificities	2
npep_u	0.744	0.256
npep_t	5000	5000
spec_ids	1	-1
L_core	9
L_N	0
L_C	0
CS_perL	1
pepL_lower	12
pepL_upper	21
n_diff_aa	20

PWM_norm.1	P1	P2	P3	P4	P5	P6	P7	P8	P9
A	0.1003	1.5793	1.7484	1.7263	1.1449	5.0953	0.8523	1.3737	0.9551
C	0.0305	0.1805	0.2178	0.1414	0.1832	0.362	0.1846	0.1616	0.45
D	0.069	0.5207	0.8042	0.5276	0.7128	0.1221	0.3051	0.7933	0.146
E	0.0889	1.2846	0.5221	0.8559	1.0651	0.1419	1.0295	1.6133	0.1978
F	0.3389	1.1255	1.4017	0.3223	0.6548	0.0926	0.5746	0.4242	0.1927
G	0.0553	0.4308	1.4555	0.4263	0.4719	0.6034	0.1854	0.5171	0.1106
H	0.0976	0.6067	0.7152	1.3777	0.564	0.0475	2.9198	0.9532	0.1065
I	0.1606	1.2851	1.1234	2.3028	1.6151	1.8298	0.6739	0.9809	3.1644
K	12.9119	1.2202	0.3665	1.9921	1.1929	0.0581	2.0803	1.4111	0.0434
L	0.1302	1.3978	0.7705	0.3402	1.6538	0.5438	1.3205	0.7152	3.9457
M	0.1265	0.7858	0.6904	0.4768	0.8111	0.3513	0.4803	0.6715	0.9261
N	0.1014	0.9549	0.8542	0.8913	1.0048	0.0884	1.5257	1.1509	0.3364
P	0.0408	0.147	0.6846	0.8137	0.8704	1.3999	0.2004	0.9184	0.0596
Q	0.104	0.7958	0.7468	0.6874	1.0925	0.0573	3.8691	1.314	0.2655
R	2.8675	0.9213	0.1847	0.2957	0.5623	0.0383	1.4233	1.4008	0.045
S	0.0582	0.7162	1.1411	1.7391	0.5737	0.8136	0.3006	0.9192	0.454
T	0.0873	1.278	0.897	1.3531	1.2537	0.6552	0.3928	1.095	0.7866
V	0.1069	1.479	1.7378	1.4993	1.493	3.8643	0.7776	1.0119	3.6877
W	0.0476	0.7527	2.9589	0.3931	0.1702	0.0222	0.5759	0.3255	0.0521
Y	0.2857	1.625	2.6035	0.3233	1.2935	0.0676	0.6213	0.798	0.1166

PWM_norm.2	P9	P8	P7	P6	P5	P4	P3	P2	P1
A	0.7654	1.3526	1.2962	4.3102	1.0275	2.241	1.3796	1.7726	0.2402
C	0.3519	0.2612	0.3591	0.5261	0.1878	0.4016	0.3517	0.428	0.0903
D	0.4067	0.937	0.2709	0.2437	0.7374	0.451	0.6085	0.348	0.1632
E	0.419	1.5085	0.7622	0.2431	1.0531	0.573	0.7029	1.3441	0.206
F	0.431	0.5248	0.347	0.6845	0.6048	0.7125	1.7204	0.9842	0.4182
G	0.2127	0.4867	0.2372	0.9869	0.5395	0.5065	0.7166	0.6618	0.1355
H	0.173	1.1858	2.7648	0.2158	0.5219	3.5806	0.7617	0.4133	0.1851
I	3.7153	0.8646	1.38	1.4752	1.7737	1.5026	1.2149	1.5777	0.1947
K	0.0973	1.4421	1.5483	0.1414	1.3715	1.3593	0.702	1.3002	12.845
L	4.1482	0.6953	1.0334	0.8248	1.5426	0.5385	1.4124	0.9229	0.1844
M	1.7492	0.7547	0.5888	0.4665	0.9993	1.5375	0.9716	0.5454	0.196
N	0.3899	1.0791	0.954	0.3445	0.8755	1.4779	0.7941	0.8595	0.3053
P	0.1915	0.7585	0.6256	1.211	0.9492	0.3226	0.6531	0.9263	0.0924
Q	0.2073	1.5194	1.8537	0.2271	1.0685	0.5529	0.7663	0.8526	0.2209
R	0.0931	1.3723	1.4776	0.1113	0.675	0.5097	0.4104	0.939	1.5668
S	0.3635	0.8624	0.3913	0.9571	0.5172	1.0577	0.8232	0.983	0.1714
T	0.6193	1.1087	0.987	1.1693	1.1744	1.0358	1.0669	1.0403	0.1575
V	2.1572	1.0786	1.9392	2.3691	1.417	1.5045	1.2789	1.1606	0.1262
W	0.1222	0.3535	0.4461	0.1349	0.2674	0.7945	3.2061	0.4159	0.0873
Y	0.2193	0.7914	0.6251	0.3247	1.3967	0.6663	2.3966	0.8243	0.4201

pepL	alpha	w_s
12	99.5307	0.083	0.1488	0	0.3949	0.3733	0.3191	0.2311	0	0.3551	0.0947
13	98.9574	0.0263	0.0764	0.2382	0.4675	0.1916	0.2986	0.3626	0.1368	0.1653	0.0367
14	98.3293	0.0043	0.0259	0.161	0	0.4702	0.2976	0.0409	0.075	0.4753	0.3062	0	0.0775	0.0543	0.0116
15	98.0138	0.0017	0.0096	0.0839	0.3761	0.4093	0.0998	0.0197	0.0247	0.1824	0.5409	0.1811	0.0376	0.0237	0.0096
16	98.2233	8e-04	0.0022	0.03	0.2337	0	0.522	0.1562	0.0472	0.0079	0.0142	0.0382	0.3427	0.4747	0	0.0918	0.02	0.0102	0.0081
17	98.7349	8e-04	0.0019	0.0146	0.1152	0.4294	0.2806	0.114	0.0362	0.0072	0.013	0.0234	0.1237	0.5223	0.2209	0.0523	0.0192	0.0136	0.0115
18	99.2174	5e-04	0.0013	0.0066	0.0433	0.2908	0	0.3312	0.218	0.0767	0.0267	0.005	0.0144	0.0207	0.0564	0.2371	0.44	0	0.1507	0.0358	0.016	0.0144	0.0144
19	99.5134	0.001	0.0012	0.0074	0.029	0.145	0.2323	0.2917	0.1843	0.0762	0.0263	0.0055	0.0246	0.0328	0.0639	0.1615	0.2563	0.2441	0.1005	0.0409	0.0246	0.026	0.0246
20	99.6911	0.001	0.0012	0.0048	0.0176	0.0704	0.1449	0	0.2809	0.2453	0.1596	0.0505	0.0192	0.0045	0.0326	0.0347	0.0601	0.0749	0.1659	0.2018	0	0.2124	0.0812	0.0389	0.0326	0.0326	0.0326
21	99.7886	0.0013	0.002	0.0054	0.0189	0.0569	0.1038	0.1384	0.2552	0.2215	0.1327	0.043	0.0166	0.0041	0.0457	0.0457	0.0575	0.0991	0.1287	0.1376	0.0991	0.1258	0.0724	0.0516	0.0457	0.0457	0.0457
