Allele	DPA1_02_01__DPB1_10_01
Type	Standard
n_specificities	2
npep_u	0.876	0.124
npep_t	4170	588
spec_ids	1	-1
L_core	9
L_N	0
L_C	0
CS_perL	1
pepL_lower	12
pepL_upper	21
n_diff_aa	20

PWM_norm.1	P1	P2	P3	P4	P5	P6	P7	P8	P9
A	0.1137	1.3737	1.805	1.6699	1.1546	5.7845	0.82	1.5223	0.7047
C	0.0183	0.2021	0.2025	0.0304	0.1472	0.4782	0.056	0.1881	0.4005
D	0.0671	0.375	0.6826	0.3922	0.7049	0.1573	0.2173	0.716	0.1267
E	0.0625	1.3441	0.6148	0.6934	1.1504	0.1151	0.9515	2.014	0.3053
F	0.1453	1.0134	1.0361	0.1577	0.8386	0.4197	0.7153	0.3604	0.0874
G	0.044	0.2132	1.549	0.2974	0.5774	0.9205	0.1647	0.7306	0.0882
H	0.0369	0.2909	0.3087	1.3809	0.6613	0.0236	2.5693	0.7813	0.0377
I	0.0297	1.4306	1.2078	2.5505	1.4772	1.2932	0.5228	1.2398	3.1382
K	14.7507	1.1816	0.2247	2.479	1.2103	0.0306	2.3693	1.1286	0.024
L	0.0914	1.953	0.7766	0.3402	1.237	0.3324	1.2828	0.6795	4.23
M	0.033	1.0845	0.6435	0.7053	1.0039	0.2014	0.2982	0.4504	0.9705
N	0.0713	0.9634	0.9983	0.7136	1.0899	0.0914	1.8927	1.4156	0.2951
P	0.0193	0.0408	0.9186	0.8204	0.8597	1.5721	0.1045	0.9643	0.0531
Q	0.0545	0.6618	0.6821	0.7073	0.9648	0.0312	4.4741	1.3009	0.2104
R	1.6542	0.5191	0.0872	0.1549	0.1831	0.0227	1.1569	0.8102	0.0371
S	0.0397	0.624	1.21	1.9111	0.7385	0.8668	0.2522	0.8909	0.3621
T	0.1263	1.2402	0.9958	1.1181	1.8812	0.6085	0.4576	1.1774	0.7389
V	0.0255	2.0935	2.3288	1.6833	1.4944	3.1027	0.709	0.9083	3.8368
W	0.02	0.7163	1.8857	0.2511	0.1973	0.0204	0.6764	0.1183	0.0235
Y	0.0576	1.1056	1.5667	0.2037	1.1745	0.1569	0.628	0.7357	0.0632

PWM_norm.2	P9	P8	P7	P6	P5	P4	P3	P2	P1
A	0.4004	1.0808	1.4567	5.6571	0.5905	2.6692	1.2035	2.0417	0.3726
C	0.4525	0.6113	0.5781	0.5461	0.2877	0.3735	0.2365	0.2385	0.1066
D	0.6177	1.3284	0.2093	0.1472	0.6288	0.1854	0.3311	0.1895	0.2175
E	0.4345	1.9308	0.2449	0.1193	0.988	0.6887	0.8254	1.0926	0.2447
F	0.5596	1.0895	0.2137	1.9172	0.4347	0.2392	2.3079	0.2736	0.115
G	0.2391	0.6608	0.2575	1.2058	1.0023	0.2705	0.1596	0.6176	0.1721
H	0.1165	1.7894	2.9331	0.1413	0.887	5.1476	0.8269	0.1552	0.2568
I	4.0726	0.7556	2.5755	0.9783	1.7761	1.6687	0.8068	2.8638	0.1675
K	0.1563	1.2157	1.1844	0.1682	1.922	2.0677	0.4975	1.1916	13.263
L	4.3248	0.4894	0.8687	0.5452	1.138	0.5601	2.8287	0.7468	0.1431
M	2.6775	0.2816	0.5837	0.5444	1.473	2.0617	1.4299	0.3167	0.3641
N	0.4483	1.1188	0.4319	0.4143	0.7643	0.6247	0.6073	0.9383	0.2924
P	0.2988	0.1615	1.2012	0.7707	0.9472	0.116	0.193	1.5806	0.1106
Q	0.1589	3.0722	0.3641	0.1176	0.9987	0.4216	0.6628	0.7388	0.387
R	0.1146	0.3825	1.1497	0.1756	0.262	0.2967	0.1704	0.4382	0.4618
S	0.1951	0.5798	0.2881	0.5086	0.5757	0.9751	0.6413	0.9194	0.4341
T	0.6985	1.3872	1.5387	1.0813	1.4595	0.7295	1.3038	0.8062	0.2661
V	1.2982	1.0124	3.0852	1.8318	1.452	1.6316	1.1235	1.7749	0.1445
W	0.1378	0.1313	0.2406	0.1375	0.1428	0.2462	1.1499	0.4773	0.1088
Y	0.3685	0.6457	0.3745	0.756	1.8494	0.295	2.5652	0.3925	0.1697

pepL	alpha	w_s
12	99.5307	0.083	0.1488	0	0.3949	0.3733	0.3191	0.2311	0	0.3551	0.0947
13	98.9574	0.0263	0.0764	0.2382	0.4675	0.1916	0.2986	0.3626	0.1368	0.1653	0.0367
14	98.3293	0.0043	0.0259	0.161	0	0.4702	0.2976	0.0409	0.075	0.4753	0.3062	0	0.0775	0.0543	0.0116
15	98.0138	0.0017	0.0096	0.0839	0.3761	0.4093	0.0998	0.0197	0.0247	0.1824	0.5409	0.1811	0.0376	0.0237	0.0096
16	98.2233	8e-04	0.0022	0.03	0.2337	0	0.522	0.1562	0.0472	0.0079	0.0142	0.0382	0.3427	0.4747	0	0.0918	0.02	0.0102	0.0081
17	98.7349	8e-04	0.0019	0.0146	0.1152	0.4294	0.2806	0.114	0.0362	0.0072	0.013	0.0234	0.1237	0.5223	0.2209	0.0523	0.0192	0.0136	0.0115
18	99.2174	5e-04	0.0013	0.0066	0.0433	0.2908	0	0.3312	0.218	0.0767	0.0267	0.005	0.0144	0.0207	0.0564	0.2371	0.44	0	0.1507	0.0358	0.016	0.0144	0.0144
19	99.5134	0.001	0.0012	0.0074	0.029	0.145	0.2323	0.2917	0.1843	0.0762	0.0263	0.0055	0.0246	0.0328	0.0639	0.1615	0.2563	0.2441	0.1005	0.0409	0.0246	0.026	0.0246
20	99.6911	0.001	0.0012	0.0048	0.0176	0.0704	0.1449	0	0.2809	0.2453	0.1596	0.0505	0.0192	0.0045	0.0326	0.0347	0.0601	0.0749	0.1659	0.2018	0	0.2124	0.0812	0.0389	0.0326	0.0326	0.0326
21	99.7886	0.0013	0.002	0.0054	0.0189	0.0569	0.1038	0.1384	0.2552	0.2215	0.1327	0.043	0.0166	0.0041	0.0457	0.0457	0.0575	0.0991	0.1287	0.1376	0.0991	0.1258	0.0724	0.0516	0.0457	0.0457	0.0457
