Allele	DPA1_01_03__DPB1_20_01
Type	Standard
n_specificities	1
npep_u	1
npep_t	4610
spec_ids	1
L_core	9
L_N	0
L_C	0
CS_perL	1
pepL_lower	12
pepL_upper	21
n_diff_aa	20

PWM_norm.1	P1	P2	P3	P4	P5	P6	P7	P8	P9
A	0.0634	1.5447	1.9491	1.0412	1.3669	6.0862	5.3107	1.4686	1.8876
C	0.0153	0.0259	0.2103	0.0834	0.0559	0.4319	0.197	0.0724	0.0933
D	0.0268	0.7664	0.8622	1.344	0.7099	0.0307	0.3409	0.5456	1.6402
E	0.0327	1.7374	0.3715	4.9856	1.0951	0.1232	1.4326	1.5263	1.015
F	0.4727	1.4032	1.8473	0.1256	0.4846	0.2002	0.2701	0.3805	0.038
G	0.0473	0.7937	2.219	0.0844	0.2447	0.9341	0.7782	0.2512	0.2923
H	0.6418	0.2334	0.6286	0.3425	0.2383	0.0802	0.0418	1.0529	3.8833
I	0.043	1.3678	0.4016	0.4159	1.4657	0.9253	0.7173	0.8743	0.1356
K	0.2503	0.6253	0.3416	0.0632	1.2442	0.0407	0.2545	1.4856	0.0372
L	0.0781	1.1136	0.4758	0.0994	2.3574	0.5055	1.282	0.7009	0.4029
M	0.0969	0.7772	0.5791	0.0986	0.9949	0.0638	1.4445	1.3161	0.2504
N	0.1029	0.1654	0.2939	0.3523	0.3652	0.0317	0.436	0.3503	5.4468
P	0.0228	0.1315	0.2684	0.0538	1.1143	3.2417	0.4654	0.6928	0.2139
Q	0.067	0.9252	0.5622	0.5376	0.7879	0.099	0.2864	1.6017	0.9187
R	16.0837	1.246	0.1686	0.0449	0.8436	0.0401	0.3822	2.7583	0.0555
S	0.0892	0.8937	1.5184	2.1427	0.3959	1.1365	0.6645	0.9298	2.6129
T	0.0344	1.0486	0.3203	2.9445	0.6431	0.2823	0.4309	0.8141	0.6895
V	0.0221	1.4631	0.9118	1.0434	1.677	1.0105	1.2606	0.8337	0.4056
W	0.0379	1.05	6.8116	0.0186	0.0913	0.0177	0.0374	0.1427	0.0184
Y	0.0387	1.4714	4.6637	0.0524	0.887	0.3822	0.2716	0.7013	0.0898

pepL	alpha	w_s
12	99.5307	0.083	0.1488	0	0.3949	0.3734
13	98.9575	0.0263	0.0764	0.2382	0.4675	0.1916
14	98.3294	0.0043	0.0259	0.161	0	0.4702	0.2977	0.0409
15	98.0139	0.0017	0.0096	0.0839	0.376	0.4093	0.0998	0.0197
16	98.2233	8e-04	0.0022	0.03	0.2337	0	0.5219	0.1563	0.0471	0.0079
17	98.735	8e-04	0.0019	0.0146	0.1152	0.4293	0.2806	0.114	0.0363	0.0072
18	99.2174	5e-04	0.0013	0.0066	0.0433	0.2908	0	0.3312	0.218	0.0767	0.0267	0.005
19	99.5133	0.001	0.0012	0.0074	0.029	0.145	0.2323	0.2918	0.1844	0.0762	0.0263	0.0055
20	99.691	0.001	0.0012	0.0048	0.0176	0.0704	0.1449	0	0.2809	0.2454	0.1596	0.0505	0.0192	0.0045
21	99.7886	0.0013	0.002	0.0054	0.0189	0.0569	0.1038	0.1383	0.2554	0.2215	0.1327	0.043	0.0166	0.0041
