Allele	DPA1_01_03__DPB1_03_01
Type	Standard
n_specificities	1
npep_u	1
npep_t	33498
spec_ids	1
L_core	9
L_N	0
L_C	0
CS_perL	1
pepL_lower	12
pepL_upper	21
n_diff_aa	20

PWM_norm.1	P1	P2	P3	P4	P5	P6	P7	P8	P9
A	0.1429	2.0033	2.2745	0.9921	1.5471	6.6816	4.9156	1.5444	2.1901
C	0.0023	0.0899	0.1897	0.0517	0.1309	0.4187	0.2955	0.1621	0.1404
D	0.0149	0.281	0.7911	1.3528	0.9798	0.019	0.4509	0.6953	1.4198
E	0.0252	1.4175	0.316	2.7194	0.9476	0.0858	1.1186	1.3744	0.6657
F	0.446	1.577	1.5996	0.0492	0.7083	0.1822	0.4064	0.4597	0.0213
G	0.0117	0.3208	1.4418	0.357	0.3621	0.7862	0.6587	0.4688	0.4047
H	0.3036	0.6793	0.4812	0.1559	0.2907	0.0112	0.1638	0.9317	2.4588
I	0.1564	1.0722	1.0594	2.5565	1.6331	0.7844	0.6559	0.9009	0.2284
K	0.5008	0.9783	0.2164	0.0132	0.9109	0.0119	0.119	1.2417	0.0274
L	0.2229	1.4215	0.751	0.1973	1.7915	0.3589	1.2829	0.8248	0.3662
M	0.1888	0.3464	0.511	0.2085	0.8833	0.1013	1.0981	0.9527	0.4029
N	0.0153	0.4293	0.5397	0.2274	0.5899	0.0679	0.4743	0.5512	5.8012
P	0.0343	0.1918	0.6479	1.0149	1.2307	3.1053	0.537	0.7092	0.1732
Q	0.2599	0.6329	0.8443	0.2447	0.8861	0.0227	0.5812	1.5165	1.0976
R	15.3055	1.1302	0.1049	0.0158	0.669	0.0167	0.305	1.5075	0.0725
S	0.0148	0.9585	1.2259	2.0652	0.5925	0.7427	0.93	1.1314	2.6429
T	0.0628	1.4079	0.5519	3.0869	0.8257	0.3112	0.5157	0.9999	0.6276
V	0.1634	1.2206	1.47	1.2706	1.6051	1.7336	1.521	1.2476	0.7732
W	0.1224	0.3229	4.2038	0.0075	0.1542	0.0366	0.115	0.4808	0.0026
Y	0.2138	1.6186	3.4804	0.029	1.0157	0.2225	0.3129	0.7674	0.0841

pepL	alpha	w_s
12	99.5307	0.083	0.1488	0	0.3949	0.3733
13	98.9574	0.0263	0.0764	0.2382	0.4675	0.1916
14	98.3293	0.0043	0.0259	0.161	0	0.4702	0.2976	0.0409
15	98.0138	0.0017	0.0096	0.0839	0.3761	0.4093	0.0998	0.0197
16	98.2233	8e-04	0.0022	0.03	0.2337	0	0.522	0.1562	0.0472	0.0079
17	98.7349	8e-04	0.0019	0.0146	0.1152	0.4294	0.2806	0.114	0.0362	0.0072
18	99.2174	5e-04	0.0013	0.0066	0.0433	0.2908	0	0.3312	0.218	0.0767	0.0267	0.005
19	99.5134	0.001	0.0012	0.0074	0.029	0.145	0.2323	0.2917	0.1843	0.0762	0.0263	0.0055
20	99.6911	0.001	0.0012	0.0048	0.0176	0.0704	0.1449	0	0.2809	0.2453	0.1596	0.0505	0.0192	0.0045
21	99.7886	0.0013	0.002	0.0054	0.0189	0.0569	0.1038	0.1384	0.2552	0.2215	0.1327	0.043	0.0166	0.0041
