Allele	DPA1_01_03__DPB1_06_01
Type	Standard
n_specificities	1
npep_u	1
npep_t	10404
spec_ids	1
L_core	9
L_N	0
L_C	0
CS_perL	1
pepL_lower	12
pepL_upper	21
n_diff_aa	20

PWM_norm.1	P1	P2	P3	P4	P5	P6	P7	P8	P9
A	0.1299	1.7692	1.4807	1.1119	1.2499	6.6276	2.9325	1.6843	2.1256
C	0.0161	0.0734	0.0637	0.0369	0.1126	0.7142	0.392	0.0336	0.0157
D	0.0118	0.7259	0.5528	0.0807	0.6047	0.045	0.4094	0.4145	1.5289
E	0.0224	1.4116	0.2079	0.8425	0.9393	0.0436	0.5058	1.6869	0.8912
F	0.676	0.8666	3.043	0.5692	0.3093	0.1221	0.4736	0.5493	0.0518
G	0.0519	0.3535	2.251	0.3662	0.3669	0.8969	0.2894	0.3158	0.3667
H	0.41	0.3878	1.4669	4.839	0.2914	0.0101	2.5731	0.6126	3.4799
I	0.1695	1.3955	0.402	0.7333	1.8125	1.0883	0.3923	1.1891	0.2381
K	0.3182	0.9122	0.1341	3.6251	0.8653	0.0198	1.2426	1.1617	0.0266
L	0.2751	0.9334	0.5448	0.3862	2.3132	0.4687	1.0844	1.0824	0.3707
M	0.2476	0.6708	0.491	0.2319	0.6916	0.1243	0.7646	0.5362	0.0183
N	0.0194	0.3928	0.4744	0.831	0.8437	0.0956	0.8835	0.7199	6.7203
P	0.084	0.0817	0.3912	0.1862	0.9996	2.7367	0.5548	0.8076	0.0824
Q	0.1715	0.6916	0.5964	1.1236	1.1634	0.0781	2.5777	0.9349	0.8463
R	15.1787	1.0114	0.1731	0.6776	0.781	0.0348	1.173	1.3046	0.0955
S	0.0177	0.9534	1.3904	1.2458	0.4277	0.8257	0.7696	0.8458	2.2884
T	0.0538	1.305	0.6588	1.7204	0.6486	0.5099	0.4182	1.5273	0.565
V	0.1307	2.2106	0.8507	0.8016	1.766	1.2942	0.9512	1.1808	0.5373
W	0.0097	2.1544	6.2901	0.688	0.0957	0.1014	0.3915	0.4618	0.0316
Y	0.3157	1.3528	4.2608	0.599	1.0786	0.0524	0.4411	0.8319	0.0366

pepL	alpha	w_s
12	99.5307	0.083	0.1488	0	0.3949	0.3734
13	98.9575	0.0263	0.0764	0.2382	0.4675	0.1916
14	98.3294	0.0043	0.0259	0.161	0	0.4702	0.2977	0.0409
15	98.0139	0.0017	0.0096	0.0839	0.376	0.4093	0.0998	0.0197
16	98.2233	8e-04	0.0022	0.03	0.2337	0	0.5219	0.1563	0.0471	0.0079
17	98.735	8e-04	0.0019	0.0146	0.1152	0.4293	0.2806	0.114	0.0363	0.0072
18	99.2174	5e-04	0.0013	0.0066	0.0433	0.2908	0	0.3312	0.218	0.0767	0.0267	0.005
19	99.5133	0.001	0.0012	0.0074	0.029	0.145	0.2323	0.2918	0.1844	0.0762	0.0263	0.0055
20	99.691	0.001	0.0012	0.0048	0.0176	0.0704	0.1449	0	0.2809	0.2454	0.1596	0.0505	0.0192	0.0045
21	99.7886	0.0013	0.002	0.0054	0.0189	0.0569	0.1038	0.1383	0.2554	0.2215	0.1327	0.043	0.0166	0.0041
