Allele	DPA1_01_14__DPB1_136_01
Type	Standard
n_specificities	1
npep_u	1
npep_t	5000
spec_ids	1
L_core	9
L_N	0
L_C	0
CS_perL	1
pepL_lower	12
pepL_upper	21
n_diff_aa	20

PWM_norm.1	P1	P2	P3	P4	P5	P6	P7	P8	P9
A	0.1372	1.4085	1.5855	0.9306	1.2388	5.3737	2.7056	1.3737	1.9551
C	0.0329	0.2063	0.2114	0.1723	0.141	0.3943	0.198	0.1616	0.132
D	0.0737	0.9616	0.9642	0.245	0.7632	0.0877	0.3056	0.7933	1.397
E	0.0804	1.305	0.3794	1.5574	1.2005	0.1429	1.5436	1.6133	0.8992
F	0.5933	0.8772	1.8278	0.4442	0.488	0.3403	0.4205	0.4242	0.094
G	0.0593	0.4413	1.892	0.1944	0.2891	1.3141	0.6955	0.5171	0.3836
H	0.4348	1.2262	1.2685	0.2406	0.6695	0.1093	0.4688	0.9532	3.0044
I	0.2547	1.438	0.5562	2.8129	1.3055	1.0895	1.1015	0.9809	0.2982
K	0.713	1.0157	0.3484	0.4694	1.4089	0.0916	0.5393	1.4111	0.1043
L	0.2413	0.9775	0.4135	2.9619	1.6284	0.4386	1.8766	0.7152	0.3787
M	0.1628	0.8674	0.7004	0.9759	0.643	0.2687	1.6654	0.6715	0.2206
N	0.1074	0.7709	0.8708	0.3795	1.0634	0.1777	0.9344	1.1509	6.3284
P	0.0567	0.0704	0.4409	0.137	0.8393	2.4648	0.3579	0.9184	0.1963
Q	0.268	1.1553	0.7608	0.4995	0.9961	0.1038	1.524	1.314	0.9207
R	14.4019	1.0208	0.2825	0.1513	0.9074	0.0612	0.3589	1.4008	0.1164
S	0.0752	0.8087	1.4462	0.7242	0.6262	1.0812	0.5252	0.9192	2.3718
T	0.1072	1.0437	0.8128	1.192	0.9025	0.5886	0.4034	1.095	0.5914
V	0.1622	1.6549	1.2447	2.0283	1.7448	1.6959	1.3579	1.0119	0.594
W	0.0796	1.7998	3.568	0.2198	0.1482	0.0822	0.1457	0.3255	0.0615
Y	0.3082	1.4545	3.617	0.2217	0.8843	0.2251	0.4051	0.798	0.1274

pepL	alpha	w_s
12	99.5307	0.083	0.1488	0	0.3949	0.3733
13	98.9574	0.0263	0.0764	0.2382	0.4675	0.1916
14	98.3293	0.0043	0.0259	0.161	0	0.4702	0.2976	0.0409
15	98.0138	0.0017	0.0096	0.0839	0.3761	0.4093	0.0998	0.0197
16	98.2233	8e-04	0.0022	0.03	0.2337	0	0.522	0.1562	0.0472	0.0079
17	98.7349	8e-04	0.0019	0.0146	0.1152	0.4294	0.2806	0.114	0.0362	0.0072
18	99.2174	5e-04	0.0013	0.0066	0.0433	0.2908	0	0.3312	0.218	0.0767	0.0267	0.005
19	99.5134	0.001	0.0012	0.0074	0.029	0.145	0.2323	0.2917	0.1843	0.0762	0.0263	0.0055
20	99.6911	0.001	0.0012	0.0048	0.0176	0.0704	0.1449	0	0.2809	0.2453	0.1596	0.0505	0.0192	0.0045
21	99.7886	0.0013	0.002	0.0054	0.0189	0.0569	0.1038	0.1384	0.2552	0.2215	0.1327	0.043	0.0166	0.0041
