Allele	DPA1_02_01__DPB1_04_01
Type	Standard
n_specificities	1
npep_u	1
npep_t	3380
spec_ids	1
L_core	9
L_N	0
L_C	0
CS_perL	1
pepL_lower	12
pepL_upper	21
n_diff_aa	20

PWM_norm.1	P1	P2	P3	P4	P5	P6	P7	P8	P9
A	0.0552	1.1331	1.9988	0.5744	1.0279	0.0328	1.2745	0.5152	0.7288
C	0.0339	0.3516	0.7731	0.2819	0.15	0.0407	0.6127	0.1221	0.4345
D	0.0202	0.8711	1.1718	1.5731	1.4059	0.0198	0.1956	1.6271	1.3033
E	0.0253	0.8331	0.2783	5.2183	0.8382	0.016	3.3109	1.7166	0.4669
F	6.8878	0.7374	1.2557	0.0978	0.5368	20.3071	0.0469	0.3353	0.8483
G	0.0251	0.4246	1.4965	0.3307	0.3064	0.0217	0.3374	0.3339	0.2587
H	0.0657	1.3847	1.2125	0.1862	1.1106	0.0882	0.2942	0.4609	0.3724
I	2.8427	1.8923	0.2472	0.9086	0.7115	0.2695	0.265	1.2694	4.2586
K	0.0251	0.6529	0.2314	0.0599	1.8124	0.0208	0.9813	1.7428	0.0597
L	2.4915	1.2296	0.2707	0.1273	1.8797	0.5715	2.8493	0.7591	2.5787
M	2.5979	1.423	1.1772	0.1339	1.3172	0.6814	0.4633	0.2549	1.9047
N	0.027	0.8437	0.8944	0.6064	1.0289	0.027	2.1439	1.8535	0.0904
P	0.0122	0.0268	0.4545	0.1988	1.0633	0.0329	0.2869	1.1414	0.2015
Q	0.125	0.9613	0.4645	0.8415	1.1833	0.015	1.1871	0.9637	0.0764
R	0.0384	1.1222	0.3889	0.0448	1.7432	0.0206	0.2672	1.8903	0.0302
S	0.0218	0.8189	1.4091	1.1297	0.4507	0.0174	0.485	0.6276	0.0879
T	0.0383	0.7385	0.646	2.9262	0.4608	0.0272	0.1039	1.0078	0.6315
V	1.1037	2.1496	1.5766	1.3374	0.4783	0.0901	0.7155	1.0708	2.8726
W	2.0641	2.0331	4.5575	0.0248	0.2176	3.3028	0.0269	0.1436	0.6939
Y	8.1292	1.7369	4.1673	0.048	1.0128	5.0452	0.1274	0.4642	2.2472

pepL	alpha	w_s
12	99.5307	0.083	0.1488	0	0.3949	0.3734
13	98.9575	0.0263	0.0764	0.2382	0.4675	0.1916
14	98.3294	0.0043	0.0259	0.161	0	0.4702	0.2977	0.0409
15	98.0139	0.0017	0.0096	0.0839	0.376	0.4093	0.0998	0.0197
16	98.2233	8e-04	0.0022	0.03	0.2337	0	0.5219	0.1563	0.0471	0.0079
17	98.735	8e-04	0.0019	0.0146	0.1152	0.4293	0.2806	0.114	0.0363	0.0072
18	99.2174	5e-04	0.0013	0.0066	0.0433	0.2908	0	0.3312	0.218	0.0767	0.0267	0.005
19	99.5133	0.001	0.0012	0.0074	0.029	0.145	0.2323	0.2918	0.1844	0.0762	0.0263	0.0055
20	99.691	0.001	0.0012	0.0048	0.0176	0.0704	0.1449	0	0.2809	0.2454	0.1596	0.0505	0.0192	0.0045
21	99.7886	0.0013	0.002	0.0054	0.0189	0.0569	0.1038	0.1383	0.2554	0.2215	0.1327	0.043	0.0166	0.0041
