Allele	DPA1_04_02__DPB1_764_01
Type	Standard
n_specificities	2
npep_u	0.807	0.193
npep_t	5000	5000
spec_ids	1	-1
L_core	9
L_N	0
L_C	0
CS_perL	1
pepL_lower	12
pepL_upper	21
n_diff_aa	20

PWM_norm.1	P1	P2	P3	P4	P5	P6	P7	P8	P9
A	0.1372	1.4085	1.5855	0.8672	0.9935	0.1865	1.3296	1.4324	1.3841
C	0.0329	0.2063	0.2114	0.186	0.2302	0.0401	0.2471	0.1784	0.4099
D	0.0737	0.9616	0.9642	1.303	1.2982	0.0236	0.3812	0.7275	0.6042
E	0.0804	1.305	0.3794	3.5338	1.0499	0.0418	2.2204	1.2376	0.3741
F	0.5933	0.8772	1.8278	0.1936	0.6909	16.9595	0.2322	0.368	4.1257
G	0.0593	0.4413	1.892	0.4498	0.4944	0.0624	0.55	0.7178	0.6497
H	0.4348	1.2262	1.2685	0.6295	1.2316	0.1287	0.6157	1.0985	0.3386
I	0.2547	1.438	0.5562	0.9364	0.8684	0.5034	0.875	0.8504	1.8971
K	0.713	1.0157	0.3484	0.2999	1.5995	0.0277	0.6941	1.7568	0.1767
L	0.2413	0.9775	0.4135	0.4057	1.2107	0.8317	2.2971	0.61	1.121
M	0.1628	0.8674	0.7004	0.3423	0.704	0.6755	0.6888	0.4982	2.4848
N	0.1074	0.7709	0.8708	0.8875	1.1804	0.1012	1.7679	1.3121	0.4248
P	0.0567	0.0704	0.4409	0.2292	0.9443	0.1278	0.235	1.2628	0.3425
Q	0.268	1.1553	0.7608	0.8266	1.4004	0.0711	1.44	1.4162	0.3104
R	14.4019	1.0208	0.2825	0.1413	0.9425	0.0263	0.3823	1.2193	0.2381
S	0.0752	0.8087	1.4462	1.4279	0.7613	0.1113	0.7042	1.1858	0.9208
T	0.1072	1.0437	0.8128	2.7955	1.0754	0.1334	0.537	0.8146	1.1976
V	0.1622	1.6549	1.2447	1.4502	0.9257	0.301	1.323	0.6546	1.7652
W	0.0796	1.7998	3.568	0.2107	0.3159	3.1183	0.1301	0.3304	1.0509
Y	0.3082	1.4545	3.617	0.1606	1.1497	6.2241	0.2361	0.911	2.1874

PWM_norm.2	P9	P8	P7	P6	P5	P4	P3	P2	P1
A	1.2465	0.8885	1.5831	0.1617	1.1092	0.8217	1.4257	1.371	0.4191
C	0.3781	0.2456	0.2833	0.0473	0.2052	0.1737	0.2671	0.2243	0.0597
D	0.4454	1.3635	0.3768	0.0358	1.2543	1.3327	0.941	0.9349	0.1395
E	0.4739	1.4089	1.6976	0.0429	1.19	3.7338	0.4527	1.3538	0.2103
F	2.0959	0.8829	0.402	16.4944	0.639	0.1958	1.847	0.8578	0.4906
G	1.0057	0.8799	0.3511	0.0806	0.5578	0.3532	1.6812	0.5028	0.0984
H	0.4077	1.2332	0.6855	0.1517	1.0796	0.4865	1.3119	1.2282	0.3985
I	1.795	0.8639	1.1907	0.5297	0.9732	0.8716	0.6692	1.4097	0.1833
K	0.3495	1.2676	0.6522	0.0559	1.7606	0.358	0.428	1.0057	0.8013
L	2.1023	0.8548	1.8065	0.9218	1.0728	0.3407	0.5209	0.9638	0.2247
M	2.8926	0.6222	0.5651	0.77	0.7975	0.3464	0.7827	0.8689	0.1904
N	0.4115	1.1289	1.2164	0.1059	1.2163	0.9307	0.8797	0.7889	0.1558
P	0.3138	0.644	0.6837	0.1026	0.8585	0.2147	0.4849	0.1209	0.0643
Q	0.8177	1.7996	1.136	0.1037	1.3233	0.8401	0.8172	1.1708	0.2619
R	0.518	1.079	0.385	0.0396	1.0435	0.1572	0.322	1.0354	13.7805
S	0.5785	0.7954	0.6307	0.1011	0.6705	1.4893	1.2819	0.8419	0.1136
T	0.6842	0.9149	1.2072	0.1762	1.1868	2.8793	0.8982	1.0472	0.1198
V	1.3594	0.9712	1.9041	0.2669	0.7775	1.315	1.2869	1.6331	0.1449
W	0.5293	0.8073	0.2177	3.2177	0.2817	0.1565	3.5331	1.4894	0.0956
Y	2.0562	0.8872	0.3866	6.2399	1.0302	0.165	3.4166	1.318	0.2515

pepL	alpha	w_s
12	99.5307	0.083	0.1488	0	0.3949	0.3733	0.3191	0.2311	0	0.3551	0.0947
13	98.9574	0.0263	0.0764	0.2382	0.4675	0.1916	0.2986	0.3626	0.1368	0.1653	0.0367
14	98.3293	0.0043	0.0259	0.161	0	0.4702	0.2976	0.0409	0.075	0.4753	0.3062	0	0.0775	0.0543	0.0116
15	98.0138	0.0017	0.0096	0.0839	0.3761	0.4093	0.0998	0.0197	0.0247	0.1824	0.5409	0.1811	0.0376	0.0237	0.0096
16	98.2233	8e-04	0.0022	0.03	0.2337	0	0.522	0.1562	0.0472	0.0079	0.0142	0.0382	0.3427	0.4747	0	0.0918	0.02	0.0102	0.0081
17	98.7349	8e-04	0.0019	0.0146	0.1152	0.4294	0.2806	0.114	0.0362	0.0072	0.013	0.0234	0.1237	0.5223	0.2209	0.0523	0.0192	0.0136	0.0115
18	99.2174	5e-04	0.0013	0.0066	0.0433	0.2908	0	0.3312	0.218	0.0767	0.0267	0.005	0.0144	0.0207	0.0564	0.2371	0.44	0	0.1507	0.0358	0.016	0.0144	0.0144
19	99.5134	0.001	0.0012	0.0074	0.029	0.145	0.2323	0.2917	0.1843	0.0762	0.0263	0.0055	0.0246	0.0328	0.0639	0.1615	0.2563	0.2441	0.1005	0.0409	0.0246	0.026	0.0246
20	99.6911	0.001	0.0012	0.0048	0.0176	0.0704	0.1449	0	0.2809	0.2453	0.1596	0.0505	0.0192	0.0045	0.0326	0.0347	0.0601	0.0749	0.1659	0.2018	0	0.2124	0.0812	0.0389	0.0326	0.0326	0.0326
21	99.7886	0.0013	0.002	0.0054	0.0189	0.0569	0.1038	0.1384	0.2552	0.2215	0.1327	0.043	0.0166	0.0041	0.0457	0.0457	0.0575	0.0991	0.1287	0.1376	0.0991	0.1258	0.0724	0.0516	0.0457	0.0457	0.0457
