Allele	DPA1_02_07__DPB1_30_01
Type	Standard
n_specificities	2
npep_u	0.603	0.397
npep_t	5000	5000
spec_ids	1	-1
L_core	9
L_N	0
L_C	0
CS_perL	1
pepL_lower	12
pepL_upper	21
n_diff_aa	20

PWM_norm.1	P1	P2	P3	P4	P5	P6	P7	P8	P9
A	0.1003	1.4085	1.5855	1.4441	1.1449	5.0953	0.8523	1.5438	0.7541
C	0.0305	0.2063	0.2114	0.0987	0.1832	0.362	0.1846	0.1549	0.2989
D	0.069	0.9616	0.9642	0.4531	0.7128	0.1221	0.3051	0.777	0.2657
E	0.0889	1.305	0.3794	1.1848	1.0651	0.1419	1.0295	1.3361	0.3004
F	0.3389	0.8772	1.8278	0.4005	0.6548	0.0926	0.5746	0.2874	0.5932
G	0.0553	0.4413	1.892	0.3703	0.4719	0.6034	0.1854	0.6529	0.1131
H	0.0976	1.2262	1.2685	2.8604	0.564	0.0475	2.9198	0.8949	0.113
I	0.1606	1.438	0.5562	1.1043	1.6151	1.8298	0.6739	0.791	3.7692
K	12.9119	1.0157	0.3484	2.9796	1.1929	0.0581	2.0803	1.8537	0.0453
L	0.1302	0.9775	0.4135	0.3675	1.6538	0.5438	1.3205	0.5161	3.8872
M	0.1265	0.8674	0.7004	0.425	0.8111	0.3513	0.4803	0.4118	1.3533
N	0.1014	0.7709	0.8708	0.9247	1.0048	0.0884	1.5257	1.4571	0.2107
P	0.0408	0.0704	0.4409	0.2499	0.8704	1.3999	0.2004	1.1946	0.074
Q	0.104	1.1553	0.7608	0.9683	1.0925	0.0573	3.8691	1.5402	0.2752
R	2.8675	1.0208	0.2825	0.5974	0.5623	0.0383	1.4233	1.1767	0.0461
S	0.0582	0.8087	1.4462	1.5178	0.5737	0.8136	0.3006	1.338	0.3225
T	0.0873	1.0437	0.8128	1.3443	1.2537	0.6552	0.3928	0.7606	0.6848
V	0.1069	1.6549	1.2447	1.0698	1.493	3.8643	0.7776	0.5587	3.2494
W	0.0476	1.7998	3.568	0.5909	0.1702	0.0222	0.5759	0.248	0.1258
Y	0.2857	1.4545	3.617	0.4359	1.2935	0.0676	0.6213	0.7668	0.2947

PWM_norm.2	P9	P8	P7	P6	P5	P4	P3	P2	P1
A	0.4375	0.8791	1.2962	4.3102	1.0275	1.3965	1.4257	1.371	0.2402
C	0.1456	0.1863	0.3591	0.5261	0.1878	0.2595	0.2671	0.2243	0.0903
D	0.3839	1.6725	0.2709	0.2437	0.7374	0.5624	0.941	0.9349	0.1632
E	0.45	1.6035	0.7622	0.2431	1.0531	0.9527	0.4527	1.3538	0.206
F	0.5497	0.7985	0.347	0.6845	0.6048	0.8614	1.847	0.8578	0.4182
G	0.176	0.8331	0.2372	0.9869	0.5395	0.5171	1.6812	0.5028	0.1355
H	0.0877	1.1457	2.7648	0.2158	0.5219	3.0726	1.3119	1.2282	0.1851
I	3.8425	0.7464	1.38	1.4752	1.7737	0.8882	0.6692	1.4097	0.1947
K	0.079	1.2467	1.5483	0.1414	1.3715	2.2928	0.428	1.0057	12.845
L	5.1001	0.8215	1.0334	0.8248	1.5426	0.4916	0.5209	0.9638	0.1844
M	2.2958	0.4634	0.5888	0.4665	0.9993	0.8049	0.7827	0.8689	0.196
N	0.1381	1.1479	0.954	0.3445	0.8755	1.4091	0.8797	0.7889	0.3053
P	0.1669	0.4972	0.6256	1.211	0.9492	0.3221	0.4849	0.1209	0.0924
Q	0.1758	2.1222	1.8537	0.2271	1.0685	0.9656	0.8172	1.1708	0.2209
R	0.0645	1.015	1.4776	0.1113	0.675	0.7352	0.322	1.0354	1.5668
S	0.1722	0.8051	0.3913	0.9571	0.5172	1.1098	1.2819	0.8419	0.1714
T	0.3751	0.9016	0.987	1.1693	1.1744	1.28	0.8982	1.0472	0.1575
V	1.4738	0.9627	1.9392	2.3691	1.417	1.1175	1.2869	1.6331	0.1262
W	0.1281	0.5687	0.4461	0.1349	0.2674	1.0155	3.5331	1.4894	0.0873
Y	0.2431	0.6728	0.6251	0.3247	1.3967	0.7567	3.4166	1.318	0.4201

pepL	alpha	w_s
12	99.5307	0.083	0.1488	0	0.3949	0.3733	0.3191	0.2311	0	0.3551	0.0947
13	98.9574	0.0263	0.0764	0.2382	0.4675	0.1916	0.2986	0.3626	0.1368	0.1653	0.0367
14	98.3293	0.0043	0.0259	0.161	0	0.4702	0.2976	0.0409	0.075	0.4753	0.3062	0	0.0775	0.0543	0.0116
15	98.0138	0.0017	0.0096	0.0839	0.3761	0.4093	0.0998	0.0197	0.0247	0.1824	0.5409	0.1811	0.0376	0.0237	0.0096
16	98.2233	8e-04	0.0022	0.03	0.2337	0	0.522	0.1562	0.0472	0.0079	0.0142	0.0382	0.3427	0.4747	0	0.0918	0.02	0.0102	0.0081
17	98.7349	8e-04	0.0019	0.0146	0.1152	0.4294	0.2806	0.114	0.0362	0.0072	0.013	0.0234	0.1237	0.5223	0.2209	0.0523	0.0192	0.0136	0.0115
18	99.2174	5e-04	0.0013	0.0066	0.0433	0.2908	0	0.3312	0.218	0.0767	0.0267	0.005	0.0144	0.0207	0.0564	0.2371	0.44	0	0.1507	0.0358	0.016	0.0144	0.0144
19	99.5134	0.001	0.0012	0.0074	0.029	0.145	0.2323	0.2917	0.1843	0.0762	0.0263	0.0055	0.0246	0.0328	0.0639	0.1615	0.2563	0.2441	0.1005	0.0409	0.0246	0.026	0.0246
20	99.6911	0.001	0.0012	0.0048	0.0176	0.0704	0.1449	0	0.2809	0.2453	0.1596	0.0505	0.0192	0.0045	0.0326	0.0347	0.0601	0.0749	0.1659	0.2018	0	0.2124	0.0812	0.0389	0.0326	0.0326	0.0326
21	99.7886	0.0013	0.002	0.0054	0.0189	0.0569	0.1038	0.1384	0.2552	0.2215	0.1327	0.043	0.0166	0.0041	0.0457	0.0457	0.0575	0.0991	0.1287	0.1376	0.0991	0.1258	0.0724	0.0516	0.0457	0.0457	0.0457
