Allele	DPA1_02_02__DPB1_296_01
Type	Standard
n_specificities	2
npep_u	0.974	0.026
npep_t	5000	5000
spec_ids	1	-1
L_core	9
L_N	0
L_C	0
CS_perL	1
pepL_lower	12
pepL_upper	21
n_diff_aa	20

PWM_norm.1	P1	P2	P3	P4	P5	P6	P7	P8	P9
A	0.2823	1.4085	1.5855	1.1724	0.9935	0.6244	2.5572	1.3737	1.2982
C	0.0811	0.2063	0.2114	0.1698	0.2302	0.1355	0.2926	0.1616	1.2454
D	0.0586	0.9616	0.9642	1.6338	1.2982	0.0442	0.5151	0.7933	0.8231
E	0.0738	1.305	0.3794	3.7843	1.0499	0.1384	1.7785	1.6133	0.2632
F	2.3323	0.8772	1.8278	0.1646	0.6909	1.8682	0.2563	0.4242	0.3659
G	0.0828	0.4413	1.892	0.4735	0.4944	0.0972	0.7434	0.5171	0.6046
H	0.0858	1.2262	1.2685	0.495	1.2316	0.1724	0.3303	0.9532	0.4629
I	5.9791	1.438	0.5562	0.9988	0.8684	3.6628	0.8296	0.9809	2.1322
K	0.6565	1.0157	0.3484	0.1873	1.5995	0.0491	0.3835	1.4111	0.1274
L	3.2484	0.9775	0.4135	0.3217	1.2107	3.4029	1.9995	0.7152	1.4044
M	2.4364	0.8674	0.7004	0.3119	0.704	4.5894	0.8832	0.6715	0.9152
N	0.0944	0.7709	0.8708	0.9835	1.1804	0.1548	1.2182	1.1509	1.9465
P	0.0941	0.0704	0.4409	0.1962	0.9443	0.2857	0.2748	0.9184	0.2299
Q	0.104	1.1553	0.7608	0.775	1.4004	0.1989	1.0024	1.314	0.2784
R	0.1392	1.0208	0.2825	0.0945	0.9425	0.0464	0.2779	1.4008	0.0904
S	0.0695	0.8087	1.4462	1.5519	0.7613	0.208	0.9009	0.9192	1.2458
T	0.2067	1.0437	0.8128	2.1365	1.0754	0.3749	0.6085	1.095	1.6532
V	2.4095	1.6549	1.2447	1.3178	0.9257	2.7684	1.3556	1.0119	3.0741
W	0.4618	1.7998	3.568	0.1441	0.3159	0.2938	0.0936	0.3255	0.1748
Y	0.7566	1.4545	3.617	0.1154	1.1497	0.9025	0.2525	0.798	0.645

PWM_norm.2	P9	P8	P7	P6	P5	P4	P3	P2	P1
A	1.3203	1.3526	2.7672	0.2347	1.1092	1.2064	1.4257	1.371	0.2871
C	1.1711	0.2612	0.2329	0.0668	0.2052	0.2954	0.2671	0.2243	0.1354
D	0.9737	0.937	0.5195	0.0736	1.2543	2.0526	0.941	0.9349	0.0869
E	0.2964	1.5085	1.5932	0.0949	1.19	2.1588	0.4527	1.3538	0.1153
F	0.3975	0.5248	0.3921	5.0409	0.639	0.5833	1.847	0.8578	2.473
G	0.5659	0.4867	0.504	0.0989	0.5578	0.5361	1.6812	0.5028	0.1302
H	0.5115	1.1858	0.4168	0.195	1.0796	0.5773	1.3119	1.2282	0.146
I	2.3543	0.8646	0.8073	2.2461	0.9732	0.9619	0.6692	1.4097	5.201
K	0.1223	1.4421	0.3998	0.0764	1.7606	0.2045	0.428	1.0057	0.8261
L	1.5293	0.6953	1.5908	4.185	1.0728	0.3682	0.5209	0.9638	3.096
M	0.8847	0.7547	0.7115	3.0122	0.7975	0.6054	0.7827	0.8689	2.6728
N	1.9953	1.0791	1.0441	0.2079	1.2163	2.1982	0.8797	0.7889	0.1929
P	0.2504	0.7585	0.7875	0.1937	0.8585	0.4233	0.4849	0.1209	0.1499
Q	0.2615	1.5194	1.0692	0.5686	1.3233	0.9558	0.8172	1.1708	0.1623
R	0.0917	1.3723	0.2952	0.048	1.0435	0.1428	0.322	1.0354	0.1058
S	1.1042	0.8624	0.8049	0.1392	0.6705	1.2193	1.2819	0.8419	0.1083
T	1.4748	1.1087	0.9343	0.4276	1.1868	2.2712	0.8982	1.0472	0.2445
V	2.8921	1.0786	1.4858	0.8939	0.7775	1.4018	1.2869	1.6331	2.2903
W	0.2202	0.3535	0.1898	0.5948	0.2817	0.2898	3.5331	1.4894	0.7436
Y	0.6178	0.7914	0.3829	2.1473	1.0302	0.2948	3.4166	1.318	1.0913

pepL	alpha	w_s
12	99.5307	0.083	0.1488	0	0.3949	0.3733	0.3191	0.2311	0	0.3551	0.0947
13	98.9574	0.0263	0.0764	0.2382	0.4675	0.1916	0.2986	0.3626	0.1368	0.1653	0.0367
14	98.3293	0.0043	0.0259	0.161	0	0.4702	0.2976	0.0409	0.075	0.4753	0.3062	0	0.0775	0.0543	0.0116
15	98.0138	0.0017	0.0096	0.0839	0.3761	0.4093	0.0998	0.0197	0.0247	0.1824	0.5409	0.1811	0.0376	0.0237	0.0096
16	98.2233	8e-04	0.0022	0.03	0.2337	0	0.522	0.1562	0.0472	0.0079	0.0142	0.0382	0.3427	0.4747	0	0.0918	0.02	0.0102	0.0081
17	98.7349	8e-04	0.0019	0.0146	0.1152	0.4294	0.2806	0.114	0.0362	0.0072	0.013	0.0234	0.1237	0.5223	0.2209	0.0523	0.0192	0.0136	0.0115
18	99.2174	5e-04	0.0013	0.0066	0.0433	0.2908	0	0.3312	0.218	0.0767	0.0267	0.005	0.0144	0.0207	0.0564	0.2371	0.44	0	0.1507	0.0358	0.016	0.0144	0.0144
19	99.5134	0.001	0.0012	0.0074	0.029	0.145	0.2323	0.2917	0.1843	0.0762	0.0263	0.0055	0.0246	0.0328	0.0639	0.1615	0.2563	0.2441	0.1005	0.0409	0.0246	0.026	0.0246
20	99.6911	0.001	0.0012	0.0048	0.0176	0.0704	0.1449	0	0.2809	0.2453	0.1596	0.0505	0.0192	0.0045	0.0326	0.0347	0.0601	0.0749	0.1659	0.2018	0	0.2124	0.0812	0.0389	0.0326	0.0326	0.0326
21	99.7886	0.0013	0.002	0.0054	0.0189	0.0569	0.1038	0.1384	0.2552	0.2215	0.1327	0.043	0.0166	0.0041	0.0457	0.0457	0.0575	0.0991	0.1287	0.1376	0.0991	0.1258	0.0724	0.0516	0.0457	0.0457	0.0457
