Allele	DPA1_01_03__DPB1_39_01
Type	Standard
n_specificities	1
npep_u	1
npep_t	5000
spec_ids	1
L_core	9
L_N	0
L_C	0
CS_perL	1
pepL_lower	12
pepL_upper	21
n_diff_aa	20

PWM_norm.1	P1	P2	P3	P4	P5	P6	P7	P8	P9
A	0.1369	1.4102	1.589	0.8145	0.9597	0.182	1.3343	1.0692	0.6433
C	0.0475	0.1874	0.2185	0.2035	0.2236	0.043	0.2811	0.1728	0.2008
D	0.0381	0.9491	0.9286	1.3498	1.3314	0.0347	0.3979	1.184	5.6082
E	0.0663	1.3105	0.3778	3.5139	1.0828	0.0489	2.1271	1.7529	3.5208
F	7.978	0.8762	1.8035	0.1856	0.6551	15.9768	0.2486	0.4482	0.9245
G	0.0446	0.4448	1.8808	0.4056	0.5076	0.0667	0.6028	0.5537	0.5736
H	0.26	1.1878	1.2825	0.7022	1.2306	0.168	0.7347	0.7365	0.6931
I	2.7937	1.4663	0.5578	0.9493	0.8669	0.5693	0.8935	0.8274	0.8358
K	0.0387	1.0207	0.359	0.3655	1.597	0.0335	0.7556	1.393	0.2317
L	2.4635	1.0108	0.4188	0.3815	1.2186	0.944	2.1284	0.7109	0.6985
M	1.6373	0.8326	0.7109	0.3367	0.7021	0.8376	0.752	0.4896	0.8031
N	0.0859	0.7516	0.8847	0.8821	1.1783	0.137	1.7918	1.1909	0.3684
P	0.0356	0.069	0.4658	0.2423	0.9407	0.1447	0.2532	1.0119	0.2386
Q	0.1471	1.1222	0.7425	0.8116	1.4036	0.0945	1.3883	1.2956	0.4782
R	0.0899	1.0122	0.3035	0.1694	0.9522	0.028	0.4469	1.6622	0.1736
S	0.0511	0.8119	1.4274	1.4389	0.7631	0.1176	0.7383	0.864	0.3698
T	0.085	1.0358	0.8491	2.819	1.0519	0.1678	0.5686	0.9415	0.499
V	0.9266	1.6822	1.2644	1.4045	0.9259	0.3262	1.3112	0.933	0.7787
W	3.5611	1.7064	3.5258	0.2251	0.3129	3.5851	0.1632	0.4326	0.6461
Y	6.2205	1.4466	3.5327	0.1894	1.1182	6.2947	0.2808	0.8595	1.0837

pepL	alpha	w_s
12	99.5307	0.083	0.1488	0	0.3949	0.3734
13	98.9575	0.0263	0.0764	0.2382	0.4675	0.1916
14	98.3294	0.0043	0.0259	0.161	0	0.4702	0.2977	0.0409
15	98.0139	0.0017	0.0096	0.0839	0.376	0.4093	0.0998	0.0197
16	98.2233	8e-04	0.0022	0.03	0.2337	0	0.5219	0.1563	0.0471	0.0079
17	98.735	8e-04	0.0019	0.0146	0.1152	0.4293	0.2806	0.114	0.0363	0.0072
18	99.2174	5e-04	0.0013	0.0066	0.0433	0.2908	0	0.3312	0.218	0.0767	0.0267	0.005
19	99.5133	0.001	0.0012	0.0074	0.029	0.145	0.2323	0.2918	0.1844	0.0762	0.0263	0.0055
20	99.691	0.001	0.0012	0.0048	0.0176	0.0704	0.1449	0	0.2809	0.2454	0.1596	0.0505	0.0192	0.0045
21	99.7886	0.0013	0.002	0.0054	0.0189	0.0569	0.1038	0.1383	0.2554	0.2215	0.1327	0.043	0.0166	0.0041
