Allele	DPA1_04_01__DPB1_667_01
Type	Standard
n_specificities	2
npep_u	0.965	0.035
npep_t	5000	5000
spec_ids	1	-1
L_core	9
L_N	0
L_C	0
CS_perL	1
pepL_lower	12
pepL_upper	21
n_diff_aa	20

PWM_norm.1	P1	P2	P3	P4	P5	P6	P7	P8	P9
A	0.1372	1.5793	1.7484	1.2587	0.9935	0.7149	1.3296	1.0301	0.3445
C	0.0329	0.1805	0.2178	0.3752	0.2302	0.2002	0.2471	0.1826	0.0388
D	0.0737	0.5207	0.8042	1.7268	1.2982	0.1197	0.3812	0.9839	6.4802
E	0.0804	1.2846	0.5221	1.7588	1.0499	0.2209	2.2204	1.5909	6.4569
F	0.5933	1.1255	1.4017	0.3008	0.6909	7.9873	0.2322	0.5022	0.2846
G	0.0593	0.4308	1.4555	0.8389	0.4944	0.229	0.55	0.6336	0.3921
H	0.4348	0.6067	0.7152	0.8778	1.2316	0.4638	0.6157	0.9476	0.7308
I	0.2547	1.2851	1.1234	1.5493	0.8684	1.2931	0.875	0.8948	0.1865
K	0.713	1.2202	0.3665	0.3011	1.5995	0.121	0.6941	1.3954	0.1541
L	0.2413	1.3978	0.7705	0.4124	1.2107	1.5021	2.2971	0.8009	0.1707
M	0.1628	0.7858	0.6904	0.5293	0.704	1.4448	0.6888	0.5968	0.2005
N	0.1074	0.9549	0.8542	1.1563	1.1804	0.3652	1.7679	1.1175	0.285
P	0.0567	0.147	0.6846	1.2293	0.9443	0.6214	0.235	1.103	0.1037
Q	0.268	0.7958	0.7468	0.7132	1.4004	0.3651	1.44	1.2468	0.5743
R	14.4019	0.9213	0.1847	0.153	0.9425	0.1109	0.3823	1.5977	0.1117
S	0.0752	0.7162	1.1411	1.3466	0.7613	0.3607	0.7042	0.8021	0.2372
T	0.1072	1.278	0.897	1.735	1.0754	0.44	0.537	0.947	0.2011
V	0.1622	1.479	1.7378	1.4976	0.9257	0.878	1.323	0.9582	0.2048
W	0.0796	0.7527	2.9589	0.2805	0.3159	4.2025	0.1301	0.4993	0.1072
Y	0.3082	1.625	2.6035	0.2373	1.1497	5.2287	0.2361	0.953	0.3447

PWM_norm.2	P9	P8	P7	P6	P5	P4	P3	P2	P1
A	0.3908	1.0824	1.5831	0.5991	1.1092	1.3835	1.3796	1.7726	0.4191
C	0.0854	0.2797	0.2833	0.1864	0.2052	0.5279	0.3517	0.428	0.0597
D	4.9319	1.0073	0.3768	0.2205	1.2543	1.7522	0.6085	0.348	0.1395
E	6.3681	1.4948	1.6976	0.2926	1.19	1.5029	0.7029	1.3441	0.2103
F	0.3253	0.7441	0.402	3.6544	0.639	0.3517	1.7204	0.9842	0.4906
G	0.5673	0.6497	0.3511	0.2322	0.5578	0.4464	0.7166	0.6618	0.0984
H	0.6236	1.0185	0.6855	0.4861	1.0796	0.5623	0.7617	0.4133	0.3985
I	0.405	0.9125	1.1907	1.5703	0.9732	1.6628	1.2149	1.5777	0.1833
K	0.2498	1.3913	0.6522	0.4059	1.7606	0.2823	0.702	1.3002	0.8013
L	0.1951	0.7678	1.8065	3.4685	1.0728	0.4447	1.4124	0.9229	0.2247
M	0.2928	0.7872	0.5651	3.189	0.7975	1.04	0.9716	0.5454	0.1904
N	0.4083	1.1291	1.2164	0.3141	1.2163	2.6725	0.7941	0.8595	0.1558
P	0.1748	1.0241	0.6837	0.5043	0.8585	0.6964	0.6531	0.9263	0.0643
Q	0.7676	1.26	1.136	1.2165	1.3233	0.6791	0.7663	0.8526	0.2619
R	0.1988	1.4255	0.385	0.1843	1.0435	0.2408	0.4104	0.939	13.7805
S	0.3027	0.7917	0.6307	0.3352	0.6705	1.1462	0.8232	0.983	0.1136
T	0.3617	0.9131	1.2072	0.49	1.1868	1.6899	1.0669	1.0403	0.1198
V	0.3626	1.028	1.9041	0.8804	0.7775	1.6702	1.2789	1.1606	0.1449
W	0.1196	0.5507	0.2177	0.9438	0.2817	0.3757	3.2061	0.4159	0.0956
Y	0.3587	0.9028	0.3866	1.1974	1.0302	0.3312	2.3966	0.8243	0.2515

pepL	alpha	w_s
12	99.5307	0.083	0.1488	0	0.3949	0.3733	0.3191	0.2311	0	0.3551	0.0947
13	98.9574	0.0263	0.0764	0.2382	0.4675	0.1916	0.2986	0.3626	0.1368	0.1653	0.0367
14	98.3293	0.0043	0.0259	0.161	0	0.4702	0.2976	0.0409	0.075	0.4753	0.3062	0	0.0775	0.0543	0.0116
15	98.0138	0.0017	0.0096	0.0839	0.3761	0.4093	0.0998	0.0197	0.0247	0.1824	0.5409	0.1811	0.0376	0.0237	0.0096
16	98.2233	8e-04	0.0022	0.03	0.2337	0	0.522	0.1562	0.0472	0.0079	0.0142	0.0382	0.3427	0.4747	0	0.0918	0.02	0.0102	0.0081
17	98.7349	8e-04	0.0019	0.0146	0.1152	0.4294	0.2806	0.114	0.0362	0.0072	0.013	0.0234	0.1237	0.5223	0.2209	0.0523	0.0192	0.0136	0.0115
18	99.2174	5e-04	0.0013	0.0066	0.0433	0.2908	0	0.3312	0.218	0.0767	0.0267	0.005	0.0144	0.0207	0.0564	0.2371	0.44	0	0.1507	0.0358	0.016	0.0144	0.0144
19	99.5134	0.001	0.0012	0.0074	0.029	0.145	0.2323	0.2917	0.1843	0.0762	0.0263	0.0055	0.0246	0.0328	0.0639	0.1615	0.2563	0.2441	0.1005	0.0409	0.0246	0.026	0.0246
20	99.6911	0.001	0.0012	0.0048	0.0176	0.0704	0.1449	0	0.2809	0.2453	0.1596	0.0505	0.0192	0.0045	0.0326	0.0347	0.0601	0.0749	0.1659	0.2018	0	0.2124	0.0812	0.0389	0.0326	0.0326	0.0326
21	99.7886	0.0013	0.002	0.0054	0.0189	0.0569	0.1038	0.1384	0.2552	0.2215	0.1327	0.043	0.0166	0.0041	0.0457	0.0457	0.0575	0.0991	0.1287	0.1376	0.0991	0.1258	0.0724	0.0516	0.0457	0.0457	0.0457
