Allele	DPA1_04_02__DPB1_53_01
Type	Standard
n_specificities	1
npep_u	1
npep_t	5000
spec_ids	1
L_core	9
L_N	0
L_C	0
CS_perL	1
pepL_lower	12
pepL_upper	21
n_diff_aa	20

PWM_norm.1	P1	P2	P3	P4	P5	P6	P7	P8	P9
A	0.2307	1.4085	1.5855	0.8672	0.9935	0.1865	1.3296	1.2875	2.316
C	0.0777	0.2063	0.2114	0.186	0.2302	0.0401	0.2471	0.198	0.6301
D	0.0661	0.9616	0.9642	1.303	1.2982	0.0236	0.3812	0.7254	0.8728
E	0.0576	1.305	0.3794	3.5338	1.0499	0.0418	2.2204	1.4258	0.5468
F	2.6151	0.8772	1.8278	0.1936	0.6909	16.9595	0.2322	0.5012	0.2875
G	0.0796	0.4413	1.892	0.4498	0.4944	0.0624	0.55	0.6157	2.0871
H	0.2026	1.2262	1.2685	0.6295	1.2316	0.1287	0.6157	1.1428	0.8877
I	6.1272	1.438	0.5562	0.9364	0.8684	0.5034	0.875	0.9973	0.8566
K	0.0565	1.0157	0.3484	0.2999	1.5995	0.0277	0.6941	1.3851	0.3312
L	3.4565	0.9775	0.4135	0.4057	1.2107	0.8317	2.2971	0.7529	0.424
M	2.038	0.8674	0.7004	0.3423	0.704	0.6755	0.6888	0.7103	0.5429
N	0.0795	0.7709	0.8708	0.8875	1.1804	0.1012	1.7679	1.0942	1.5633
P	0.0849	0.0704	0.4409	0.2292	0.9443	0.1278	0.235	1.0583	0.4719
Q	0.1489	1.1553	0.7608	0.8266	1.4004	0.0711	1.44	1.27	1.1346
R	0.3712	1.0208	0.2825	0.1413	0.9425	0.0263	0.3823	1.3844	0.2484
S	0.0641	0.8087	1.4462	1.4279	0.7613	0.1113	0.7042	0.8869	2.075
T	0.1848	1.0437	0.8128	2.7955	1.0754	0.1334	0.537	1.0714	1.0927
V	2.3524	1.6549	1.2447	1.4502	0.9257	0.301	1.323	1.0091	1.1053
W	0.6321	1.7998	3.568	0.2107	0.3159	3.1183	0.1301	0.4209	0.1658
Y	0.6381	1.4545	3.617	0.1606	1.1497	6.2241	0.2361	0.9282	0.314

pepL	alpha	w_s
12	99.5307	0.083	0.1488	0	0.3949	0.3733
13	98.9574	0.0263	0.0764	0.2382	0.4675	0.1916
14	98.3293	0.0043	0.0259	0.161	0	0.4702	0.2976	0.0409
15	98.0138	0.0017	0.0096	0.0839	0.3761	0.4093	0.0998	0.0197
16	98.2233	8e-04	0.0022	0.03	0.2337	0	0.522	0.1562	0.0472	0.0079
17	98.7349	8e-04	0.0019	0.0146	0.1152	0.4294	0.2806	0.114	0.0362	0.0072
18	99.2174	5e-04	0.0013	0.0066	0.0433	0.2908	0	0.3312	0.218	0.0767	0.0267	0.005
19	99.5134	0.001	0.0012	0.0074	0.029	0.145	0.2323	0.2917	0.1843	0.0762	0.0263	0.0055
20	99.6911	0.001	0.0012	0.0048	0.0176	0.0704	0.1449	0	0.2809	0.2453	0.1596	0.0505	0.0192	0.0045
21	99.7886	0.0013	0.002	0.0054	0.0189	0.0569	0.1038	0.1384	0.2552	0.2215	0.1327	0.043	0.0166	0.0041
