Allele	DPA1_02_09__DPB1_909_01
Type	Standard
n_specificities	2
npep_u	0.964	0.036
npep_t	5000	5000
spec_ids	1	-1
L_core	9
L_N	0
L_C	0
CS_perL	1
pepL_lower	12
pepL_upper	21
n_diff_aa	20

PWM_norm.1	P1	P2	P3	P4	P5	P6	P7	P8	P9
A	0.0971	1.5926	1.7519	1.503	1.1455	5.6344	2.5026	1.3929	2.147
C	0.0329	0.1911	0.2272	0.1375	0.1922	0.4512	0.3787	0.1648	0.148
D	0.0653	0.5011	0.7734	0.4695	0.7017	0.099	0.472	0.8155	1.2699
E	0.0821	1.257	0.5232	0.7525	1.0817	0.142	0.8004	1.5579	0.9043
F	0.3403	1.1426	1.3687	0.3143	0.6727	0.2979	0.743	0.4171	0.1179
G	0.0545	0.4293	1.4627	0.4007	0.4708	1.0679	0.383	0.5194	0.4019
H	0.0965	0.5759	0.714	1.503	0.5497	0.0757	2.0913	0.9576	2.7621
I	0.1529	1.2912	1.0965	2.3139	1.6153	1.3121	0.7209	0.9771	0.303
K	13.3495	1.225	0.3756	2.2967	1.1857	0.0825	1.1307	1.4241	0.0909
L	0.1208	1.4538	0.774	0.394	1.6259	0.5526	1.0354	0.7134	0.419
M	0.1176	0.7717	0.6949	0.5508	0.8369	0.2632	0.8691	0.6522	0.2497
N	0.0937	0.9376	0.8535	0.8074	0.9856	0.1118	1.0145	1.1672	5.6916
P	0.0434	0.1469	0.7148	0.8673	0.8648	2.3145	0.4423	0.934	0.2153
Q	0.1005	0.7673	0.7441	0.7105	1.102	0.0748	2.3634	1.2856	0.948
R	2.4661	0.9205	0.1946	0.2974	0.5607	0.0527	1.2186	1.3797	0.1323
S	0.0529	0.6965	1.1269	1.7058	0.5762	0.9195	0.6381	0.929	2.4504
T	0.0807	1.2701	0.9392	1.3801	1.2702	0.5622	0.5271	1.1016	0.6512
V	0.1119	1.4832	1.7586	1.498	1.5099	1.8247	0.9938	1.0323	0.6358
W	0.0501	0.7443	2.8919	0.3662	0.1731	0.0657	0.5968	0.3216	0.0593
Y	0.3054	1.6377	2.5285	0.3136	1.2933	0.2116	0.726	0.8037	0.1074

PWM_norm.2	P9	P8	P7	P6	P5	P4	P3	P2	P1
A	2.1198	1.3307	2.4342	5.4616	1.0131	2.156	1.3626	1.786	0.2317
C	0.1442	0.2569	0.3812	0.5569	0.2219	0.3229	0.3132	0.3624	0.0958
D	1.2212	0.9635	0.4404	0.1078	0.7405	0.3593	0.6008	0.3721	0.1797
E	0.9033	1.5058	0.7236	0.162	1.0853	0.5968	0.6881	1.3644	0.2028
F	0.121	0.5297	0.4607	0.8627	0.6098	0.4956	1.7914	1.0087	0.3976
G	0.4286	0.4851	0.4091	0.9463	0.5375	0.4277	0.7214	0.6413	0.1318
H	2.731	1.157	2.24	0.145	0.5777	4.4465	0.7282	0.4792	0.1621
I	0.3704	0.8759	0.8577	1.2193	1.629	1.5312	1.2159	1.5132	0.217
K	0.0975	1.4439	1.1315	0.1504	1.4503	1.9211	0.6846	1.2839	12.9891
L	0.4136	0.6884	0.9882	0.5951	1.4915	0.5199	1.4769	0.9412	0.193
M	0.2514	0.759	0.8593	0.3535	0.9879	1.2475	0.9167	0.5274	0.2043
N	5.7736	1.0983	1.0323	0.1547	0.9443	1.1097	0.7506	0.8409	0.2957
P	0.2093	0.74	0.6003	2.2546	0.9208	0.2486	0.64	0.8466	0.1027
Q	0.9701	1.5182	2.1974	0.1095	1.1171	0.5365	0.7248	0.8685	0.2168
R	0.1245	1.35	1.2197	0.0929	0.7214	0.5286	0.4042	0.9653	1.3844
S	2.3956	0.8713	0.6332	0.7529	0.5309	1.1222	0.8233	0.9857	0.1757
T	0.6348	1.1368	0.6096	0.6142	1.1761	1.0062	1.0786	1.0411	0.1568
V	0.6682	1.0802	1.1832	1.661	1.3775	1.4333	1.2755	1.1692	0.1387
W	0.0586	0.3599	0.5029	0.2632	0.2907	0.6366	3.1922	0.454	0.1069
Y	0.141	0.8116	0.6519	0.3925	1.3398	0.491	2.4644	0.8701	0.4219

pepL	alpha	w_s
12	99.5307	0.083	0.1488	0	0.3949	0.3734	0.3191	0.2311	0	0.3551	0.0947
13	98.9575	0.0263	0.0764	0.2382	0.4675	0.1916	0.2986	0.3626	0.1368	0.1653	0.0367
14	98.3294	0.0043	0.0259	0.161	0	0.4702	0.2977	0.0409	0.075	0.4753	0.3062	0	0.0775	0.0543	0.0116
15	98.0139	0.0017	0.0096	0.0839	0.376	0.4093	0.0998	0.0197	0.0247	0.1824	0.5409	0.1811	0.0376	0.0237	0.0096
16	98.2233	8e-04	0.0022	0.03	0.2337	0	0.5219	0.1563	0.0471	0.0079	0.0142	0.0382	0.3427	0.4747	0	0.0918	0.02	0.0102	0.0081
17	98.735	8e-04	0.0019	0.0146	0.1152	0.4293	0.2806	0.114	0.0363	0.0072	0.013	0.0234	0.1237	0.5223	0.2209	0.0523	0.0192	0.0136	0.0115
18	99.2174	5e-04	0.0013	0.0066	0.0433	0.2908	0	0.3312	0.218	0.0767	0.0267	0.005	0.0144	0.0207	0.0564	0.2371	0.44	0	0.1507	0.0358	0.016	0.0144	0.0144
19	99.5133	0.001	0.0012	0.0074	0.029	0.145	0.2323	0.2918	0.1844	0.0762	0.0263	0.0055	0.0246	0.0328	0.0639	0.1615	0.2563	0.2441	0.1005	0.0409	0.0246	0.026	0.0246
20	99.691	0.001	0.0012	0.0048	0.0176	0.0704	0.1449	0	0.2809	0.2454	0.1596	0.0505	0.0192	0.0045	0.0326	0.0347	0.0601	0.0749	0.1659	0.2018	0	0.2124	0.0812	0.0389	0.0326	0.0326	0.0326
21	99.7886	0.0013	0.002	0.0054	0.0189	0.0569	0.1038	0.1383	0.2554	0.2215	0.1327	0.043	0.0166	0.0041	0.0457	0.0457	0.0575	0.0991	0.1287	0.1376	0.0991	0.1258	0.0724	0.0516	0.0457	0.0457	0.0457
