Allele	DPA1_02_01__DPB1_17_01
Type	Standard
n_specificities	2
npep_u	0.898	0.102
npep_t	2093	5000
spec_ids	1	-1
L_core	9
L_N	0
L_C	0
CS_perL	1
pepL_lower	12
pepL_upper	21
n_diff_aa	20

PWM_norm.1	P1	P2	P3	P4	P5	P6	P7	P8	P9
A	0.1194	1.7642	1.6793	1.2585	1.0563	5.6795	0.6713	1.5925	1.0232
C	0.0556	0.099	0.0548	0.0514	0.0541	0.0719	0.0434	0.0497	0.0685
D	0.0696	0.5568	0.8333	0.5551	0.7946	0.0898	0.3371	0.5733	0.0381
E	0.0785	1.3477	0.4288	1.4379	1.1891	0.1788	1.221	2.0019	0.069
F	0.704	0.997	1.6893	0.4742	0.7787	0.5336	0.2523	0.1493	0.1416
G	0.0545	0.2133	2.1411	0.2433	0.6043	0.6584	0.1506	0.7569	0.0819
H	0.072	0.5283	0.7947	1.9477	0.3399	0.2902	3.6995	1.495	0.1071
I	0.0784	1.4116	1.3071	0.6195	1.3074	1.0534	0.3153	1.2533	3.098
K	12.4257	1.2492	0.0829	3.7029	0.9736	0.0594	2.1596	1.4055	0.0462
L	0.0732	1.4187	0.4885	0.2831	1.5534	0.3438	1.1388	0.5939	4.1435
M	0.0636	1.528	0.904	0.4154	0.8798	0.1433	0.205	0.1561	0.6514
N	0.1711	0.4442	0.5871	0.7912	1.3189	0.089	1.4823	1.1176	0.2462
P	0.0351	0.0794	0.4969	0.2287	0.678	1.7997	0.0372	0.9402	0.1178
Q	0.0918	0.5523	0.5888	1.0107	0.9583	0.042	3.7721	1.3573	0.4032
R	3.1667	0.6774	0.1342	0.512	0.6933	0.044	2.2583	1.3935	0.0397
S	0.0529	0.6878	1.3211	1.6919	0.5785	0.8954	0.2257	0.788	0.5222
T	0.1105	1.0876	1.0219	1.5274	1.6332	0.7948	0.5358	0.843	0.6878
V	0.1009	1.9696	1.0846	1.0886	1.3594	3.0336	0.8411	0.8647	3.7755
W	0.0422	2.2176	4.544	0.3403	0.087	0.0398	0.3808	0.0793	0.0447
Y	0.5278	1.2969	3.2962	0.2076	1.7173	0.3558	0.4383	0.6654	0.07

PWM_norm.2	P9	P8	P7	P6	P5	P4	P3	P2	P1
A	0.7654	1.3526	1.2962	5.3356	1.0275	1.126	1.4257	1.371	0.2402
C	0.3519	0.2612	0.3591	0.5088	0.1878	0.1298	0.2671	0.2243	0.0903
D	0.4067	0.937	0.2709	0.1492	0.7374	0.3619	0.941	0.9349	0.1632
E	0.419	1.5085	0.7622	0.1692	1.0531	1.2805	0.4527	1.3538	0.206
F	0.431	0.5248	0.347	1.3983	0.6048	0.3709	1.847	0.8578	0.4182
G	0.2127	0.4867	0.2372	0.9502	0.5395	0.3718	1.6812	0.5028	0.1355
H	0.173	1.1858	2.7648	0.2135	0.5219	3.3397	1.3119	1.2282	0.1851
I	3.7153	0.8646	1.38	1.1018	1.7737	0.7293	0.6692	1.4097	0.1947
K	0.0973	1.4421	1.5483	0.1265	1.3715	3.6147	0.428	1.0057	12.845
L	4.1482	0.6953	1.0334	0.5583	1.5426	0.4156	0.5209	0.9638	0.1844
M	1.7492	0.7547	0.5888	0.3097	0.9993	0.427	0.7827	0.8689	0.196
N	0.3899	1.0791	0.954	0.2532	0.8755	0.7794	0.8797	0.7889	0.3053
P	0.1915	0.7585	0.6256	1.1207	0.9492	0.1932	0.4849	0.1209	0.0924
Q	0.2073	1.5194	1.8537	0.1075	1.0685	0.8551	0.8172	1.1708	0.2209
R	0.0931	1.3723	1.4776	0.1044	0.675	0.6881	0.322	1.0354	1.5668
S	0.3635	0.8624	0.3913	0.7832	0.5172	1.3967	1.2819	0.8419	0.1714
T	0.6193	1.1087	0.987	0.9951	1.1744	1.4776	0.8982	1.0472	0.1575
V	2.1572	1.0786	1.9392	2.2651	1.417	1.033	1.2869	1.6331	0.1262
W	0.1222	0.3535	0.4461	0.2787	0.2674	0.4456	3.5331	1.4894	0.0873
Y	0.2193	0.7914	0.6251	0.584	1.3967	0.3739	3.4166	1.318	0.4201

pepL	alpha	w_s
12	99.5307	0.083	0.1488	0	0.3949	0.3733	0.3191	0.2311	0	0.3551	0.0947
13	98.9574	0.0263	0.0764	0.2382	0.4675	0.1916	0.2986	0.3626	0.1368	0.1653	0.0367
14	98.3293	0.0043	0.0259	0.161	0	0.4702	0.2976	0.0409	0.075	0.4753	0.3062	0	0.0775	0.0543	0.0116
15	98.0138	0.0017	0.0096	0.0839	0.3761	0.4093	0.0998	0.0197	0.0247	0.1824	0.5409	0.1811	0.0376	0.0237	0.0096
16	98.2233	8e-04	0.0022	0.03	0.2337	0	0.522	0.1562	0.0472	0.0079	0.0142	0.0382	0.3427	0.4747	0	0.0918	0.02	0.0102	0.0081
17	98.7349	8e-04	0.0019	0.0146	0.1152	0.4294	0.2806	0.114	0.0362	0.0072	0.013	0.0234	0.1237	0.5223	0.2209	0.0523	0.0192	0.0136	0.0115
18	99.2174	5e-04	0.0013	0.0066	0.0433	0.2908	0	0.3312	0.218	0.0767	0.0267	0.005	0.0144	0.0207	0.0564	0.2371	0.44	0	0.1507	0.0358	0.016	0.0144	0.0144
19	99.5134	0.001	0.0012	0.0074	0.029	0.145	0.2323	0.2917	0.1843	0.0762	0.0263	0.0055	0.0246	0.0328	0.0639	0.1615	0.2563	0.2441	0.1005	0.0409	0.0246	0.026	0.0246
20	99.6911	0.001	0.0012	0.0048	0.0176	0.0704	0.1449	0	0.2809	0.2453	0.1596	0.0505	0.0192	0.0045	0.0326	0.0347	0.0601	0.0749	0.1659	0.2018	0	0.2124	0.0812	0.0389	0.0326	0.0326	0.0326
21	99.7886	0.0013	0.002	0.0054	0.0189	0.0569	0.1038	0.1384	0.2552	0.2215	0.1327	0.043	0.0166	0.0041	0.0457	0.0457	0.0575	0.0991	0.1287	0.1376	0.0991	0.1258	0.0724	0.0516	0.0457	0.0457	0.0457
