Allele	DPA1_03_01__DPB1_57_01
Type	Standard
n_specificities	2
npep_u	0.922	0.078
npep_t	5000	5000
spec_ids	1	-1
L_core	9
L_N	0
L_C	0
CS_perL	1
pepL_lower	12
pepL_upper	21
n_diff_aa	20

PWM_norm.1	P1	P2	P3	P4	P5	P6	P7	P8	P9
A	0.1372	1.5793	1.7484	1.3911	0.9935	0.6812	2.5572	1.3737	1.4421
C	0.0329	0.1805	0.2178	0.2405	0.2302	0.1703	0.2926	0.1616	0.931
D	0.0737	0.5207	0.8042	1.8476	1.2982	0.0675	0.5151	0.7933	0.6017
E	0.0804	1.2846	0.5221	2.3177	1.0499	0.1648	1.7785	1.6133	0.2821
F	0.5933	1.1255	1.4017	0.207	0.6909	1.805	0.2563	0.4242	0.36
G	0.0593	0.4308	1.4555	0.8043	0.4944	0.1292	0.7434	0.5171	0.3931
H	0.4348	0.6067	0.7152	0.6183	1.2316	0.233	0.3303	0.9532	0.3979
I	0.2547	1.2851	1.1234	1.5699	0.8684	3.63	0.8296	0.9809	2.0814
K	0.713	1.2202	0.3665	0.1823	1.5995	0.0619	0.3835	1.4111	0.0941
L	0.2413	1.3978	0.7705	0.2925	1.2107	3.1647	1.9995	0.7152	1.543
M	0.1628	0.7858	0.6904	0.3865	0.704	4.53	0.8832	0.6715	0.9458
N	0.1074	0.9549	0.8542	1.0773	1.1804	0.2714	1.2182	1.1509	1.8965
P	0.0567	0.147	0.6846	1.0297	0.9443	0.3218	0.2748	0.9184	0.1833
Q	0.268	0.7958	0.7468	0.5951	1.4004	0.2719	1.0024	1.314	0.2678
R	14.4019	0.9213	0.1847	0.0924	0.9425	0.061	0.2779	1.4008	0.0851
S	0.0752	0.7162	1.1411	1.4936	0.7613	0.2569	0.9009	0.9192	1.3929
T	0.1072	1.278	0.897	1.7426	1.0754	0.4419	0.6085	1.095	1.7623
V	0.1622	1.479	1.7378	1.4364	0.9257	2.7054	1.3556	1.0119	3.2171
W	0.0796	0.7527	2.9589	0.1719	0.3159	0.3582	0.0936	0.3255	0.1422
Y	0.3082	1.625	2.6035	0.1455	1.1497	0.9295	0.2525	0.798	0.2904

PWM_norm.2	P9	P8	P7	P6	P5	P4	P3	P2	P1
A	1.4864	1.3526	2.7672	0.2701	1.1092	1.5056	1.3796	1.7726	0.4191
C	0.9513	0.2612	0.2329	0.0786	0.2052	0.4822	0.3517	0.428	0.0597
D	0.6611	0.937	0.5195	0.1079	1.2543	2.1228	0.6085	0.348	0.1395
E	0.3179	1.5085	1.5932	0.1145	1.19	1.2471	0.7029	1.3441	0.2103
F	0.3506	0.5248	0.3921	4.9815	0.639	0.5386	1.7204	0.9842	0.4906
G	0.4429	0.4867	0.504	0.1326	0.5578	0.5069	0.7166	0.6618	0.0984
H	0.4654	1.1858	0.4168	0.2263	1.0796	0.4917	0.7617	0.4133	0.3985
I	2.1983	0.8646	0.8073	2.3017	0.9732	1.4287	1.2149	1.5777	0.1833
K	0.0911	1.4421	0.3998	0.0948	1.7606	0.1655	0.702	1.3002	0.8013
L	1.6245	0.6953	1.5908	3.8481	1.0728	0.3839	1.4124	0.9229	0.2247
M	0.9402	0.7547	0.7115	3.0351	0.7975	0.9302	0.9716	0.5454	0.1904
N	1.8133	1.0791	1.0441	0.2806	1.2163	3.4138	0.7941	0.8595	0.1558
P	0.2044	0.7585	0.7875	0.2281	0.8585	0.7989	0.6531	0.9263	0.0643
Q	0.2656	1.5194	1.0692	0.6245	1.3233	0.6404	0.7663	0.8526	0.2619
R	0.0955	1.3723	0.2952	0.0611	1.0435	0.1687	0.4104	0.939	13.7805
S	1.2353	0.8624	0.8049	0.1711	0.6705	1.0861	0.8232	0.983	0.1136
T	1.6565	1.1087	0.9343	0.4993	1.1868	1.5622	1.0669	1.0403	0.1198
V	3.1041	1.0786	1.4858	0.9454	0.7775	1.5833	1.2789	1.1606	0.1449
W	0.1246	0.3535	0.1898	0.6857	0.2817	0.3212	3.2061	0.4159	0.0956
Y	0.3207	0.7914	0.3829	2.2795	1.0302	0.3418	2.3966	0.8243	0.2515

pepL	alpha	w_s
12	99.5307	0.083	0.1488	0	0.3949	0.3733	0.3191	0.2311	0	0.3551	0.0947
13	98.9574	0.0263	0.0764	0.2382	0.4675	0.1916	0.2986	0.3626	0.1368	0.1653	0.0367
14	98.3293	0.0043	0.0259	0.161	0	0.4702	0.2976	0.0409	0.075	0.4753	0.3062	0	0.0775	0.0543	0.0116
15	98.0138	0.0017	0.0096	0.0839	0.3761	0.4093	0.0998	0.0197	0.0247	0.1824	0.5409	0.1811	0.0376	0.0237	0.0096
16	98.2233	8e-04	0.0022	0.03	0.2337	0	0.522	0.1562	0.0472	0.0079	0.0142	0.0382	0.3427	0.4747	0	0.0918	0.02	0.0102	0.0081
17	98.7349	8e-04	0.0019	0.0146	0.1152	0.4294	0.2806	0.114	0.0362	0.0072	0.013	0.0234	0.1237	0.5223	0.2209	0.0523	0.0192	0.0136	0.0115
18	99.2174	5e-04	0.0013	0.0066	0.0433	0.2908	0	0.3312	0.218	0.0767	0.0267	0.005	0.0144	0.0207	0.0564	0.2371	0.44	0	0.1507	0.0358	0.016	0.0144	0.0144
19	99.5134	0.001	0.0012	0.0074	0.029	0.145	0.2323	0.2917	0.1843	0.0762	0.0263	0.0055	0.0246	0.0328	0.0639	0.1615	0.2563	0.2441	0.1005	0.0409	0.0246	0.026	0.0246
20	99.6911	0.001	0.0012	0.0048	0.0176	0.0704	0.1449	0	0.2809	0.2453	0.1596	0.0505	0.0192	0.0045	0.0326	0.0347	0.0601	0.0749	0.1659	0.2018	0	0.2124	0.0812	0.0389	0.0326	0.0326	0.0326
21	99.7886	0.0013	0.002	0.0054	0.0189	0.0569	0.1038	0.1384	0.2552	0.2215	0.1327	0.043	0.0166	0.0041	0.0457	0.0457	0.0575	0.0991	0.1287	0.1376	0.0991	0.1258	0.0724	0.0516	0.0457	0.0457	0.0457
