Allele	DPA1_01_14__DPB1_133_01
Type	Standard
n_specificities	2
npep_u	0.974	0.026
npep_t	5000	5000
spec_ids	1	-1
L_core	9
L_N	0
L_C	0
CS_perL	1
pepL_lower	12
pepL_upper	21
n_diff_aa	20

PWM_norm.1	P1	P2	P3	P4	P5	P6	P7	P8	P9
A	0.1372	1.5125	1.5934	1.4537	1.1449	5.6056	0.8523	1.0447	0.2355
C	0.0329	0.3003	0.2346	0.1761	0.1832	0.4615	0.1846	0.1682	0.0265
D	0.0737	0.7152	0.8407	0.3904	0.7128	0.0849	0.3051	1.1475	7.5912
E	0.0804	1.1053	0.5195	0.7222	1.0651	0.1413	1.0295	1.8093	6.7203
F	0.5933	1.1801	1.73	0.4446	0.6548	0.3712	0.5746	0.4398	0.2738
G	0.0593	0.2856	1.0927	0.4549	0.4719	0.9424	0.1854	0.5621	0.1836
H	0.4348	0.4711	0.5437	1.7087	0.564	0.0837	2.9198	0.7571	0.6014
I	0.2547	1.2943	1.6085	1.8959	1.6151	1.3494	0.6739	0.8391	0.0894
K	0.713	1.7423	0.3396	2.6287	1.1929	0.0814	2.0803	1.4017	0.1199
L	0.2413	1.4999	0.8303	0.5986	1.6538	0.5707	1.3205	0.7129	0.1124
M	0.1628	0.9323	0.6798	0.6265	0.8111	0.2861	0.4803	0.4952	0.1134
N	0.1074	0.7916	1.014	0.8521	1.0048	0.1149	1.5257	1.1898	0.2166
P	0.0567	0.0669	0.5693	0.6532	0.8704	2.2988	0.2004	1.0294	0.0655
Q	0.268	1.1219	0.7168	0.8431	1.0925	0.0776	3.8691	1.2886	0.3728
R	14.4019	1.0086	0.1617	0.4776	0.5623	0.0517	1.4233	1.6462	0.0767
S	0.0752	0.4599	1.0591	1.4781	0.5737	0.8826	0.3006	0.8444	0.1592
T	0.1072	0.8943	0.7048	1.2146	1.2537	0.5791	0.3928	0.9454	0.1465
V	0.1622	1.3607	2.0309	1.2912	1.493	1.9153	0.7776	0.9242	0.1137
W	0.0796	1.4701	2.2771	0.6851	0.1702	0.0841	0.5759	0.4411	0.0927
Y	0.3082	1.7771	3.0759	0.4826	1.2935	0.2622	0.6213	0.8371	0.2701

PWM_norm.2	P9	P8	P7	P6	P5	P4	P3	P2	P1
A	0.3437	1.1379	1.2962	5.5589	1.0275	1.5651	0.7613	2.09	0.4191
C	0.0821	0.2591	0.3591	0.5893	0.1878	0.3919	0.1903	0.3367	0.0597
D	5.1355	1.2235	0.2709	0.0968	0.7374	0.6136	0.3558	0.4093	0.1395
E	6.71	1.7883	0.7622	0.1599	1.0531	0.6237	0.2922	1.359	0.2103
F	0.3124	0.705	0.347	0.8513	0.6048	0.6081	4.8025	0.9171	0.4906
G	0.4418	0.5301	0.2372	0.9718	0.5395	0.3888	0.6181	0.6098	0.0984
H	0.5604	0.8619	2.7648	0.1289	0.5219	3.9988	0.4542	0.4092	0.3985
I	0.3113	0.8012	1.38	1.1571	1.7737	1.5231	1.1467	1.6789	0.1833
K	0.3241	1.4117	1.5483	0.1305	1.3715	1.668	0.3616	1.1463	0.8013
L	0.1776	0.6738	1.0334	0.6096	1.5426	0.5223	2.2373	1.0844	0.2247
M	0.2454	0.643	0.5888	0.3255	0.9993	1.0836	0.6625	0.5974	0.1904
N	0.3749	1.1715	0.954	0.1631	0.8755	2.2834	0.4454	0.8359	0.1558
P	0.1743	0.8269	0.6256	2.2034	0.9492	0.2733	0.341	0.7492	0.0643
Q	0.5494	1.4084	1.8537	0.1091	1.0685	0.5364	0.3484	0.9076	0.2619
R	0.2429	1.4797	1.4776	0.0852	0.675	0.5149	0.2022	0.8098	13.7805
S	0.2704	0.8316	0.3913	0.7784	0.5172	1.1275	0.7363	0.8362	0.1136
T	0.3739	0.9163	0.987	0.6067	1.1744	1.0454	1.4191	0.9814	0.1198
V	0.2753	1.0253	1.9392	1.6351	1.417	1.4864	1.0839	1.2163	0.1449
W	0.1364	0.3792	0.4461	0.2748	0.2674	0.6788	1.4039	0.4484	0.0956
Y	0.2809	0.664	0.6251	0.3354	1.3967	0.6538	3.439	0.741	0.2515

pepL	alpha	w_s
12	99.5307	0.083	0.1488	0	0.3949	0.3733	0.3191	0.2311	0	0.3551	0.0947
13	98.9574	0.0263	0.0764	0.2382	0.4675	0.1916	0.2986	0.3626	0.1368	0.1653	0.0367
14	98.3293	0.0043	0.0259	0.161	0	0.4702	0.2976	0.0409	0.075	0.4753	0.3062	0	0.0775	0.0543	0.0116
15	98.0138	0.0017	0.0096	0.0839	0.3761	0.4093	0.0998	0.0197	0.0247	0.1824	0.5409	0.1811	0.0376	0.0237	0.0096
16	98.2233	8e-04	0.0022	0.03	0.2337	0	0.522	0.1562	0.0472	0.0079	0.0142	0.0382	0.3427	0.4747	0	0.0918	0.02	0.0102	0.0081
17	98.7349	8e-04	0.0019	0.0146	0.1152	0.4294	0.2806	0.114	0.0362	0.0072	0.013	0.0234	0.1237	0.5223	0.2209	0.0523	0.0192	0.0136	0.0115
18	99.2174	5e-04	0.0013	0.0066	0.0433	0.2908	0	0.3312	0.218	0.0767	0.0267	0.005	0.0144	0.0207	0.0564	0.2371	0.44	0	0.1507	0.0358	0.016	0.0144	0.0144
19	99.5134	0.001	0.0012	0.0074	0.029	0.145	0.2323	0.2917	0.1843	0.0762	0.0263	0.0055	0.0246	0.0328	0.0639	0.1615	0.2563	0.2441	0.1005	0.0409	0.0246	0.026	0.0246
20	99.6911	0.001	0.0012	0.0048	0.0176	0.0704	0.1449	0	0.2809	0.2453	0.1596	0.0505	0.0192	0.0045	0.0326	0.0347	0.0601	0.0749	0.1659	0.2018	0	0.2124	0.0812	0.0389	0.0326	0.0326	0.0326
21	99.7886	0.0013	0.002	0.0054	0.0189	0.0569	0.1038	0.1384	0.2552	0.2215	0.1327	0.043	0.0166	0.0041	0.0457	0.0457	0.0575	0.0991	0.1287	0.1376	0.0991	0.1258	0.0724	0.0516	0.0457	0.0457	0.0457
