Allele	DPA1_04_02__DPB1_673_01
Type	Standard
n_specificities	2
npep_u	0.981	0.019
npep_t	5000	5000
spec_ids	1	-1
L_core	9
L_N	0
L_C	0
CS_perL	1
pepL_lower	12
pepL_upper	21
n_diff_aa	20

PWM_norm.1	P1	P2	P3	P4	P5	P6	P7	P8	P9
A	0.1372	1.5793	1.7484	1.6111	1.1449	5.3445	0.8523	1.2875	1.008
C	0.0329	0.1805	0.2178	0.1381	0.1832	0.4837	0.1846	0.198	0.4473
D	0.0737	0.5207	0.8042	0.4469	0.7128	0.1403	0.3051	0.7254	0.1279
E	0.0804	1.2846	0.5221	0.7613	1.0651	0.1423	1.0295	1.4258	0.1971
F	0.5933	1.1255	1.4017	0.3019	0.6548	0.4599	0.5746	0.5012	0.3287
G	0.0593	0.4308	1.4555	0.4147	0.4719	0.832	0.1854	0.6157	0.1824
H	0.4348	0.6067	0.7152	1.3399	0.564	0.0879	2.9198	1.1428	0.1428
I	0.2547	1.2851	1.1234	2.2717	1.6151	1.3477	0.6739	0.9973	3.0956
K	0.713	1.2202	0.3665	2.285	1.1929	0.0862	2.0803	1.3851	0.0568
L	0.2413	1.3978	0.7705	0.409	1.6538	0.3932	1.3205	0.7529	3.7728
M	0.1628	0.7858	0.6904	0.4854	0.8111	0.2599	0.4803	0.7103	1.0509
N	0.1074	0.9549	0.8542	0.7665	1.0048	0.1342	1.5257	1.0942	0.3273
P	0.0567	0.147	0.6846	0.7996	0.8704	1.7255	0.2004	1.0583	0.0659
Q	0.268	0.7958	0.7468	0.6768	1.0925	0.0634	3.8691	1.27	0.3561
R	14.4019	0.9213	0.1847	0.3097	0.5623	0.0516	1.4233	1.3844	0.0696
S	0.0752	0.7162	1.1411	1.7521	0.5737	0.9247	0.3006	0.8869	0.449
T	0.1072	1.278	0.897	1.3988	1.2537	0.7374	0.3928	1.0714	0.7387
V	0.1622	1.479	1.7378	1.5193	1.493	2.9264	0.7776	1.0091	3.648
W	0.0796	0.7527	2.9589	0.3701	0.1702	0.0759	0.5759	0.4209	0.0601
Y	0.3082	1.625	2.6035	0.2978	1.2935	0.2598	0.6213	0.9282	0.226

PWM_norm.2	P9	P8	P7	P6	P5	P4	P3	P2	P1
A	0.8305	1.271	1.2962	5.3356	1.0275	2.197	1.3796	1.7726	0.4191
C	0.3721	0.3088	0.3591	0.5088	0.1878	0.3286	0.3517	0.428	0.0597
D	0.3102	0.8311	0.2709	0.1492	0.7374	0.3207	0.6085	0.348	0.1395
E	0.3927	1.28	0.7622	0.1692	1.0531	0.638	0.7029	1.3441	0.2103
F	0.6736	0.6183	0.347	1.3983	0.6048	0.437	1.7204	0.9842	0.4906
G	0.2498	0.6145	0.2372	0.9502	0.5395	0.4106	0.7166	0.6618	0.0984
H	0.1981	1.331	2.7648	0.2135	0.5219	3.9921	0.7617	0.4133	0.3985
I	3.5228	0.949	1.38	1.1018	1.7737	1.4858	1.2149	1.5777	0.1833
K	0.1273	1.3747	1.5483	0.1265	1.3715	2.0479	0.702	1.3002	0.8013
L	3.8117	0.7438	1.0334	0.5583	1.5426	0.5541	1.4124	0.9229	0.2247
M	1.584	0.8514	0.5888	0.3097	0.9993	1.4408	0.9716	0.5454	0.1904
N	0.3843	1.0783	0.954	0.2532	0.8755	1.042	0.7941	0.8595	0.1558
P	0.1436	0.9626	0.6256	1.1207	0.9492	0.2466	0.6531	0.9263	0.0643
Q	0.3051	1.3596	1.8537	0.1075	1.0685	0.5089	0.7663	0.8526	0.2619
R	0.1626	1.3415	1.4776	0.1044	0.675	0.5469	0.4104	0.939	13.7805
S	0.376	0.835	0.3913	0.7832	0.5172	1.1498	0.8232	0.983	0.1136
T	0.5875	1.0598	0.987	0.9951	1.1744	0.9993	1.0669	1.0403	0.1198
V	2.498	1.0438	1.9392	2.2651	1.417	1.4398	1.2789	1.1606	0.1449
W	0.125	0.5384	0.4461	0.2787	0.2674	0.5743	3.2061	0.4159	0.0956
Y	0.5261	1.0005	0.6251	0.584	1.3967	0.4599	2.3966	0.8243	0.2515

pepL	alpha	w_s
12	99.5307	0.083	0.1488	0	0.3949	0.3733	0.3191	0.2311	0	0.3551	0.0947
13	98.9574	0.0263	0.0764	0.2382	0.4675	0.1916	0.2986	0.3626	0.1368	0.1653	0.0367
14	98.3293	0.0043	0.0259	0.161	0	0.4702	0.2976	0.0409	0.075	0.4753	0.3062	0	0.0775	0.0543	0.0116
15	98.0138	0.0017	0.0096	0.0839	0.3761	0.4093	0.0998	0.0197	0.0247	0.1824	0.5409	0.1811	0.0376	0.0237	0.0096
16	98.2233	8e-04	0.0022	0.03	0.2337	0	0.522	0.1562	0.0472	0.0079	0.0142	0.0382	0.3427	0.4747	0	0.0918	0.02	0.0102	0.0081
17	98.7349	8e-04	0.0019	0.0146	0.1152	0.4294	0.2806	0.114	0.0362	0.0072	0.013	0.0234	0.1237	0.5223	0.2209	0.0523	0.0192	0.0136	0.0115
18	99.2174	5e-04	0.0013	0.0066	0.0433	0.2908	0	0.3312	0.218	0.0767	0.0267	0.005	0.0144	0.0207	0.0564	0.2371	0.44	0	0.1507	0.0358	0.016	0.0144	0.0144
19	99.5134	0.001	0.0012	0.0074	0.029	0.145	0.2323	0.2917	0.1843	0.0762	0.0263	0.0055	0.0246	0.0328	0.0639	0.1615	0.2563	0.2441	0.1005	0.0409	0.0246	0.026	0.0246
20	99.6911	0.001	0.0012	0.0048	0.0176	0.0704	0.1449	0	0.2809	0.2453	0.1596	0.0505	0.0192	0.0045	0.0326	0.0347	0.0601	0.0749	0.1659	0.2018	0	0.2124	0.0812	0.0389	0.0326	0.0326	0.0326
21	99.7886	0.0013	0.002	0.0054	0.0189	0.0569	0.1038	0.1384	0.2552	0.2215	0.1327	0.043	0.0166	0.0041	0.0457	0.0457	0.0575	0.0991	0.1287	0.1376	0.0991	0.1258	0.0724	0.0516	0.0457	0.0457	0.0457
