Allele	DPA1_02_01__DPB1_13_01
Type	Standard
n_specificities	2
npep_u	0.904	0.096
npep_t	3435	366
spec_ids	1	-1
L_core	9
L_N	0
L_C	0
CS_perL	1
pepL_lower	12
pepL_upper	21
n_diff_aa	20

PWM_norm.1	P1	P2	P3	P4	P5	P6	P7	P8	P9
A	0.0441	1.5562	1.4871	1.4501	0.9863	4.8162	1.0124	1.0205	0.1473
C	0.0217	0.3318	0.3082	0.229	0.4233	0.4459	0.4717	0.0831	0.0194
D	0.0515	0.7664	0.9721	0.2169	0.6503	0.056	0.2774	0.5594	9.6192
E	0.052	1.082	0.4773	0.6659	1.1704	0.219	1.2127	2.1286	6.4548
F	0.0807	1.1585	1.9959	0.405	0.3664	0.382	0.5652	0.7441	0.0253
G	0.044	0.2409	0.8879	0.3753	0.2956	1.2347	0.1498	0.6324	0.0521
H	0.0447	0.2892	0.4192	1.8737	0.6993	0.0609	1.9441	0.6595	0.2539
I	0.157	1.2353	1.9195	1.9395	1.8106	1.785	1.3545	0.9845	0.0418
K	14.6284	1.9931	0.2348	2.9446	1.6478	0.0364	1.4399	1.3518	0.1057
L	0.0563	1.5968	0.8236	0.7055	1.9049	0.887	1.514	0.8658	0.0328
M	0.0775	0.8827	0.5001	0.2801	0.557	0.3847	0.8436	0.7085	0.0287
N	0.0779	0.8225	1.1311	0.7748	0.6278	0.0402	1.4237	0.727	0.0981
P	0.0231	0.0181	0.4644	0.7669	0.823	1.7461	0.4431	1.0119	0.021
Q	0.06	1.187	0.7681	0.824	1.4865	0.0257	4.1064	1.1855	0.2155
R	1.9053	1.047	0.0498	0.3974	0.4309	0.0271	0.8487	1.4334	0.0788
S	0.0342	0.3387	1.0279	1.4717	0.4565	0.9127	0.2659	0.895	0.098
T	0.0395	0.8122	0.5846	1.3387	0.8998	0.7211	0.214	0.7322	0.0573
V	0.0308	1.2676	2.2915	0.9928	1.5672	2.209	0.8707	1.1436	0.0354
W	0.0242	1.585	1.9377	0.9305	0.1218	0.0248	0.4224	0.9545	0.0444
Y	0.1441	1.7415	3.4821	0.506	1.1359	0.1353	0.519	0.6654	0.1267

PWM_norm.2	P9	P8	P7	P6	P5	P4	P3	P2	P1
A	0.3293	1.1439	2.5446	3.3558	0.739	1.0894	0.5193	2.5577	0.3058
C	0.1446	1.6338	0.3696	1.1791	0.1995	0.5118	0.3306	0.236	0.1412
D	4.1198	0.822	0.2003	0.1889	0.284	1.0877	0.1645	0.4906	0.9716
E	6.1662	2.4006	0.4455	0.5322	1.5694	0.2212	0.1289	1.262	0.6881
F	0.7868	3.0637	0.3485	4.1051	0.2764	0.6996	6.0561	1.0416	0.1948
G	0.4091	0.5062	0.2872	1.0848	0.196	0.4172	0.5754	0.6144	0.2306
H	0.3001	0.5663	0.605	0.2671	0.7278	6.0118	0.3999	0.309	0.3001
I	1.291	0.8626	2.4615	1.0525	2.6694	2.116	1.2358	1.8511	0.2339
K	0.472	1.1414	0.7869	0.2727	2.7227	1.2613	0.1817	1.1434	9.9479
L	0.1735	1.0439	1.0342	1.0725	1.355	0.3653	2.5403	1.2357	0.2818
M	0.2351	1.6628	1.1919	0.392	0.3867	0.572	0.4848	0.8909	0.2526
N	0.6034	0.4653	0.3539	0.334	0.3671	4.0409	0.3403	1.0807	1.2526
P	0.132	0.115	0.8913	0.2506	0.8963	0.1531	0.2338	0.7934	0.145
Q	0.3537	1.1673	0.4599	0.1513	1.8301	0.2603	0.1745	1.1463	0.4086
R	0.2567	0.2816	0.4176	0.1644	0.7517	0.3263	0.1607	0.4239	1.4434
S	0.4681	0.4459	0.4807	0.2091	0.3403	0.9928	0.6651	0.4569	0.222
T	0.2838	0.3998	0.8636	0.6193	1.2646	0.6442	1.7114	0.9934	0.326
V	0.6	1.7274	3.37	2.5637	0.6528	1.5609	0.8723	1.0072	0.1983
W	0.1583	0.2081	0.1901	2.784	1.2648	0.1827	0.5156	0.1729	0.1685
Y	0.3178	0.4533	1.5236	0.4395	0.3505	0.9111	3.8165	0.2814	1.0187

pepL	alpha	w_s
12	99.5307	0.083	0.1488	0	0.3949	0.3733	0.3191	0.2311	0	0.3551	0.0947
13	98.9574	0.0263	0.0764	0.2382	0.4675	0.1916	0.2986	0.3626	0.1368	0.1653	0.0367
14	98.3293	0.0043	0.0259	0.161	0	0.4702	0.2976	0.0409	0.075	0.4753	0.3062	0	0.0775	0.0543	0.0116
15	98.0138	0.0017	0.0096	0.0839	0.3761	0.4093	0.0998	0.0197	0.0247	0.1824	0.5409	0.1811	0.0376	0.0237	0.0096
16	98.2233	8e-04	0.0022	0.03	0.2337	0	0.522	0.1562	0.0472	0.0079	0.0142	0.0382	0.3427	0.4747	0	0.0918	0.02	0.0102	0.0081
17	98.7349	8e-04	0.0019	0.0146	0.1152	0.4294	0.2806	0.114	0.0362	0.0072	0.013	0.0234	0.1237	0.5223	0.2209	0.0523	0.0192	0.0136	0.0115
18	99.2174	5e-04	0.0013	0.0066	0.0433	0.2908	0	0.3312	0.218	0.0767	0.0267	0.005	0.0144	0.0207	0.0564	0.2371	0.44	0	0.1507	0.0358	0.016	0.0144	0.0144
19	99.5134	0.001	0.0012	0.0074	0.029	0.145	0.2323	0.2917	0.1843	0.0762	0.0263	0.0055	0.0246	0.0328	0.0639	0.1615	0.2563	0.2441	0.1005	0.0409	0.0246	0.026	0.0246
20	99.6911	0.001	0.0012	0.0048	0.0176	0.0704	0.1449	0	0.2809	0.2453	0.1596	0.0505	0.0192	0.0045	0.0326	0.0347	0.0601	0.0749	0.1659	0.2018	0	0.2124	0.0812	0.0389	0.0326	0.0326	0.0326
21	99.7886	0.0013	0.002	0.0054	0.0189	0.0569	0.1038	0.1384	0.2552	0.2215	0.1327	0.043	0.0166	0.0041	0.0457	0.0457	0.0575	0.0991	0.1287	0.1376	0.0991	0.1258	0.0724	0.0516	0.0457	0.0457	0.0457
