Allele	DPA1_03_01__DPB1_296_01
Type	Standard
n_specificities	1
npep_u	1
npep_t	5000
spec_ids	1
L_core	9
L_N	0
L_C	0
CS_perL	1
pepL_lower	12
pepL_upper	21
n_diff_aa	20

PWM_norm.1	P1	P2	P3	P4	P5	P6	P7	P8	P9
A	0.2307	1.4085	1.5855	1.1724	0.9935	0.6812	2.5572	1.3737	1.2982
C	0.0777	0.2063	0.2114	0.1698	0.2302	0.1703	0.2926	0.1616	1.2454
D	0.0661	0.9616	0.9642	1.6338	1.2982	0.0675	0.5151	0.7933	0.8231
E	0.0576	1.305	0.3794	3.7843	1.0499	0.1648	1.7785	1.6133	0.2632
F	2.6151	0.8772	1.8278	0.1646	0.6909	1.805	0.2563	0.4242	0.3659
G	0.0796	0.4413	1.892	0.4735	0.4944	0.1292	0.7434	0.5171	0.6046
H	0.2026	1.2262	1.2685	0.495	1.2316	0.233	0.3303	0.9532	0.4629
I	6.1272	1.438	0.5562	0.9988	0.8684	3.63	0.8296	0.9809	2.1322
K	0.0565	1.0157	0.3484	0.1873	1.5995	0.0619	0.3835	1.4111	0.1274
L	3.4565	0.9775	0.4135	0.3217	1.2107	3.1647	1.9995	0.7152	1.4044
M	2.038	0.8674	0.7004	0.3119	0.704	4.53	0.8832	0.6715	0.9152
N	0.0795	0.7709	0.8708	0.9835	1.1804	0.2714	1.2182	1.1509	1.9465
P	0.0849	0.0704	0.4409	0.1962	0.9443	0.3218	0.2748	0.9184	0.2299
Q	0.1489	1.1553	0.7608	0.775	1.4004	0.2719	1.0024	1.314	0.2784
R	0.3712	1.0208	0.2825	0.0945	0.9425	0.061	0.2779	1.4008	0.0904
S	0.0641	0.8087	1.4462	1.5519	0.7613	0.2569	0.9009	0.9192	1.2458
T	0.1848	1.0437	0.8128	2.1365	1.0754	0.4419	0.6085	1.095	1.6532
V	2.3524	1.6549	1.2447	1.3178	0.9257	2.7054	1.3556	1.0119	3.0741
W	0.6321	1.7998	3.568	0.1441	0.3159	0.3582	0.0936	0.3255	0.1748
Y	0.6381	1.4545	3.617	0.1154	1.1497	0.9295	0.2525	0.798	0.645

pepL	alpha	w_s
12	99.5307	0.083	0.1488	0	0.3949	0.3733
13	98.9574	0.0263	0.0764	0.2382	0.4675	0.1916
14	98.3293	0.0043	0.0259	0.161	0	0.4702	0.2976	0.0409
15	98.0138	0.0017	0.0096	0.0839	0.3761	0.4093	0.0998	0.0197
16	98.2233	8e-04	0.0022	0.03	0.2337	0	0.522	0.1562	0.0472	0.0079
17	98.7349	8e-04	0.0019	0.0146	0.1152	0.4294	0.2806	0.114	0.0362	0.0072
18	99.2174	5e-04	0.0013	0.0066	0.0433	0.2908	0	0.3312	0.218	0.0767	0.0267	0.005
19	99.5134	0.001	0.0012	0.0074	0.029	0.145	0.2323	0.2917	0.1843	0.0762	0.0263	0.0055
20	99.6911	0.001	0.0012	0.0048	0.0176	0.0704	0.1449	0	0.2809	0.2453	0.1596	0.0505	0.0192	0.0045
21	99.7886	0.0013	0.002	0.0054	0.0189	0.0569	0.1038	0.1384	0.2552	0.2215	0.1327	0.043	0.0166	0.0041
