Allele	DPA1_04_01__DPB1_63_01
Type	Standard
n_specificities	2
npep_u	0.867	0.133
npep_t	5000	5000
spec_ids	1	-1
L_core	9
L_N	0
L_C	0
CS_perL	1
pepL_lower	12
pepL_upper	21
n_diff_aa	20

PWM_norm.1	P1	P2	P3	P4	P5	P6	P7	P8	P9
A	0.1385	1.4102	1.589	0.8145	0.9597	0.182	1.3343	1.0107	0.8874
C	0.0306	0.1874	0.2185	0.2035	0.2236	0.043	0.2811	0.1698	0.2612
D	0.0667	0.9491	0.9286	1.3498	1.3314	0.0347	0.3979	0.9927	0.7774
E	0.083	1.3105	0.3778	3.5139	1.0828	0.0489	2.1271	1.5757	0.6477
F	0.6121	0.8762	1.8035	0.1856	0.6551	15.9768	0.2486	0.5323	3.9721
G	0.0622	0.4448	1.8808	0.4056	0.5076	0.0667	0.6028	0.6619	0.4215
H	0.4195	1.1878	1.2825	0.7022	1.2306	0.168	0.7347	0.8954	0.3686
I	0.2531	1.4663	0.5578	0.9493	0.8669	0.5693	0.8935	0.8656	2.3067
K	0.8316	1.0207	0.359	0.3655	1.597	0.0335	0.7556	1.391	0.208
L	0.2456	1.0108	0.4188	0.3815	1.2186	0.944	2.1284	0.8046	1.5549
M	0.1704	0.8326	0.7109	0.3367	0.7021	0.8376	0.752	0.5943	2.7713
N	0.1057	0.7516	0.8847	0.8821	1.1783	0.137	1.7918	1.1034	0.2726
P	0.0603	0.069	0.4658	0.2423	0.9407	0.1447	0.2532	1.1239	0.2583
Q	0.2678	1.1222	0.7425	0.8116	1.4036	0.0945	1.3883	1.2241	0.4158
R	14.2122	1.0122	0.3035	0.1694	0.9522	0.028	0.4469	1.6107	0.3034
S	0.078	0.8119	1.4274	1.4389	0.7631	0.1176	0.7383	0.8283	0.4401
T	0.1126	1.0358	0.8491	2.819	1.0519	0.1678	0.5686	0.9307	0.7319
V	0.1815	1.6822	1.2644	1.4045	0.9259	0.3262	1.3112	0.9473	1.7257
W	0.0848	1.7064	3.5258	0.2251	0.3129	3.5851	0.1632	0.468	1.8802
Y	0.3501	1.4466	3.5327	0.1894	1.1182	6.2947	0.2808	0.9991	2.9788

PWM_norm.2	P9	P8	P7	P6	P5	P4	P3	P2	P1
A	0.886	1.1144	1.5174	0.1495	1.0564	0.7846	1.4673	1.4058	0.4409
C	0.3101	0.2842	0.2869	0.0449	0.242	0.1544	0.2241	0.2266	0.0596
D	0.7675	1.0391	0.3756	0.0325	1.2731	1.3782	0.9636	0.9327	0.1533
E	0.7677	1.5474	1.5822	0.0402	1.1725	3.824	0.4329	1.3679	0.2216
F	2.3266	0.73	0.4492	16.6412	0.649	0.2052	1.8353	0.841	0.573
G	0.6413	0.6315	0.3859	0.0743	0.5646	0.3293	1.7923	0.4972	0.1034
H	0.3106	0.9979	0.738	0.1396	1.0693	0.5094	1.2834	1.2008	0.414
I	2.5238	0.8451	1.2659	0.478	0.9344	0.8793	0.5986	1.3917	0.1845
K	0.1998	1.4026	0.6838	0.0485	1.7559	0.3334	0.4026	0.9864	0.8562
L	2.1385	0.7406	1.7477	0.8699	1.0656	0.3558	0.4805	0.9846	0.2399
M	2.9209	0.7444	0.578	0.7034	0.8204	0.335	0.7241	0.8446	0.2233
N	0.2418	1.1187	1.2517	0.096	1.2733	0.9459	0.8803	0.7813	0.1594
P	0.2452	0.9636	0.7138	0.095	0.9108	0.2178	0.4408	0.1334	0.074
Q	0.5463	1.2852	1.0963	0.0932	1.3508	0.7803	0.8024	1.1764	0.268
R	0.3367	1.4773	0.4065	0.0356	1.0617	0.1336	0.2989	1.0316	13.4773
S	0.4047	0.8286	0.6368	0.1022	0.6741	1.4094	1.3582	0.8414	0.1157
T	0.6586	0.9419	1.2402	0.1467	1.1923	2.9313	0.8723	1.0364	0.1289
V	1.664	1.0066	1.9374	0.2236	0.7103	1.346	1.2637	1.6339	0.1567
W	1.2872	0.479	0.228	3.2874	0.3119	0.1511	3.4587	1.3914	0.123
Y	2.1595	0.8275	0.4261	6.6543	1.0383	0.1764	3.5769	1.3137	0.3399

pepL	alpha	w_s
12	99.5307	0.083	0.1488	0	0.3949	0.3734	0.3191	0.2311	0	0.3551	0.0947
13	98.9575	0.0263	0.0764	0.2382	0.4675	0.1916	0.2986	0.3626	0.1368	0.1653	0.0367
14	98.3294	0.0043	0.0259	0.161	0	0.4702	0.2977	0.0409	0.075	0.4753	0.3062	0	0.0775	0.0543	0.0116
15	98.0139	0.0017	0.0096	0.0839	0.376	0.4093	0.0998	0.0197	0.0247	0.1824	0.5409	0.1811	0.0376	0.0237	0.0096
16	98.2233	8e-04	0.0022	0.03	0.2337	0	0.5219	0.1563	0.0471	0.0079	0.0142	0.0382	0.3427	0.4747	0	0.0918	0.02	0.0102	0.0081
17	98.735	8e-04	0.0019	0.0146	0.1152	0.4293	0.2806	0.114	0.0363	0.0072	0.013	0.0234	0.1237	0.5223	0.2209	0.0523	0.0192	0.0136	0.0115
18	99.2174	5e-04	0.0013	0.0066	0.0433	0.2908	0	0.3312	0.218	0.0767	0.0267	0.005	0.0144	0.0207	0.0564	0.2371	0.44	0	0.1507	0.0358	0.016	0.0144	0.0144
19	99.5133	0.001	0.0012	0.0074	0.029	0.145	0.2323	0.2918	0.1844	0.0762	0.0263	0.0055	0.0246	0.0328	0.0639	0.1615	0.2563	0.2441	0.1005	0.0409	0.0246	0.026	0.0246
20	99.691	0.001	0.0012	0.0048	0.0176	0.0704	0.1449	0	0.2809	0.2454	0.1596	0.0505	0.0192	0.0045	0.0326	0.0347	0.0601	0.0749	0.1659	0.2018	0	0.2124	0.0812	0.0389	0.0326	0.0326	0.0326
21	99.7886	0.0013	0.002	0.0054	0.0189	0.0569	0.1038	0.1383	0.2554	0.2215	0.1327	0.043	0.0166	0.0041	0.0457	0.0457	0.0575	0.0991	0.1287	0.1376	0.0991	0.1258	0.0724	0.0516	0.0457	0.0457	0.0457
