Allele	DPA1_04_02__DPB1_518_01
Type	Standard
n_specificities	2
npep_u	0.979	0.021
npep_t	5000	5000
spec_ids	1	-1
L_core	9
L_N	0
L_C	0
CS_perL	1
pepL_lower	12
pepL_upper	21
n_diff_aa	20

PWM_norm.1	P1	P2	P3	P4	P5	P6	P7	P8	P9
A	0.1385	1.5082	1.5487	1.4197	1.1455	5.6344	0.8688	1.0107	0.3174
C	0.0306	0.2533	0.2267	0.1852	0.1922	0.4512	0.1834	0.1698	0.0411
D	0.0667	0.6959	0.8568	0.3824	0.7017	0.099	0.3118	0.9927	6.2264
E	0.083	1.1223	0.4969	0.6759	1.0817	0.142	1.0313	1.5757	6.3741
F	0.6121	1.1565	1.7368	0.4318	0.6727	0.2979	0.5912	0.5323	0.4342
G	0.0622	0.2995	1.0687	0.4204	0.4708	1.0679	0.2155	0.6619	0.3545
H	0.4195	0.447	0.5469	2.0678	0.5497	0.0757	3.0184	0.8954	0.7848
I	0.2531	1.2949	1.6649	1.8024	1.6153	1.3121	0.6893	0.8656	0.1875
K	0.8316	1.7385	0.3283	2.7606	1.1857	0.0825	2.0202	1.391	0.1598
L	0.2456	1.5503	0.8308	0.5476	1.6259	0.5526	1.2572	0.8046	0.1863
M	0.1704	0.8836	0.6388	0.5392	0.8369	0.2632	0.5016	0.5943	0.2543
N	0.1057	0.7754	1.0415	0.9378	0.9856	0.1118	1.5672	1.1034	0.3341
P	0.0603	0.0806	0.5643	0.6838	0.8648	2.3145	0.1933	1.1239	0.105
Q	0.2678	1.0637	0.745	0.8382	1.102	0.0748	3.7444	1.2241	0.731
R	14.2122	1.0029	0.1358	0.4677	0.5607	0.0527	1.5046	1.6107	0.1167
S	0.078	0.4801	1.0599	1.4172	0.5762	0.9195	0.3098	0.8283	0.2377
T	0.1126	0.9148	0.7287	1.2533	1.2702	0.5622	0.3953	0.9307	0.1982
V	0.1815	1.3746	2.0953	1.3325	1.5099	1.8247	0.7844	0.9473	0.1994
W	0.0848	1.3098	2.1163	0.595	0.1731	0.0657	0.604	0.468	0.1951
Y	0.3501	1.7397	3.0977	0.4865	1.2933	0.2116	0.644	0.9991	0.4369

PWM_norm.2	P9	P8	P7	P6	P5	P4	P3	P2	P1
A	0.4206	1.1144	1.2178	5.4616	1.0131	1.5049	0.9332	2.0159	0.4409
C	0.0786	0.2842	0.3471	0.5569	0.2219	0.4641	0.1431	0.3113	0.0596
D	4.837	1.0391	0.2865	0.1078	0.7405	0.7007	0.3664	0.4435	0.1533
E	6.414	1.5474	0.758	0.162	1.0853	0.5034	0.348	1.3729	0.2216
F	0.3434	0.73	0.3334	0.8627	0.6098	0.6351	4.468	0.9632	0.573
G	0.6085	0.6315	0.2349	0.9463	0.5375	0.4274	0.6607	0.6113	0.1034
H	0.5888	0.9979	2.7022	0.145	0.5777	4.7643	0.45	0.5053	0.414
I	0.3803	0.8451	1.5142	1.2193	1.629	1.5685	0.998	1.6019	0.1845
K	0.2919	1.4026	1.5081	0.1504	1.4503	1.5632	0.4033	1.1683	0.8562
L	0.1736	0.7406	1.0146	0.5951	1.4915	0.4566	2.2174	1.0446	0.2399
M	0.2896	0.7444	0.6074	0.3535	0.9879	0.9423	0.5675	0.59	0.2233
N	0.348	1.1187	0.933	0.1547	0.9443	2.5387	0.5152	0.8332	0.1594
P	0.1651	0.9636	0.6253	2.2546	0.9208	0.2694	0.358	0.6444	0.074
Q	0.7988	1.2852	1.8631	0.1095	1.1171	0.5513	0.3938	0.9204	0.268
R	0.2241	1.4773	1.4762	0.0929	0.7214	0.4734	0.1753	0.8634	13.4773
S	0.3258	0.8286	0.3526	0.7529	0.5309	1.0129	0.7386	0.8566	0.1157
T	0.3597	0.9419	1.005	0.6142	1.1761	1.025	1.3807	1.0286	0.1289
V	0.3234	1.0066	2.0791	1.661	1.3775	1.4477	1.0131	1.2012	0.1567
W	0.1181	0.479	0.4167	0.2632	0.2907	0.8481	1.9465	0.5152	0.123
Y	0.2877	0.8275	0.6261	0.3925	1.3398	0.6975	3.3315	0.889	0.3399

pepL	alpha	w_s
12	99.5307	0.083	0.1488	0	0.3949	0.3734	0.3191	0.2311	0	0.3551	0.0947
13	98.9575	0.0263	0.0764	0.2382	0.4675	0.1916	0.2986	0.3626	0.1368	0.1653	0.0367
14	98.3294	0.0043	0.0259	0.161	0	0.4702	0.2977	0.0409	0.075	0.4753	0.3062	0	0.0775	0.0543	0.0116
15	98.0139	0.0017	0.0096	0.0839	0.376	0.4093	0.0998	0.0197	0.0247	0.1824	0.5409	0.1811	0.0376	0.0237	0.0096
16	98.2233	8e-04	0.0022	0.03	0.2337	0	0.5219	0.1563	0.0471	0.0079	0.0142	0.0382	0.3427	0.4747	0	0.0918	0.02	0.0102	0.0081
17	98.735	8e-04	0.0019	0.0146	0.1152	0.4293	0.2806	0.114	0.0363	0.0072	0.013	0.0234	0.1237	0.5223	0.2209	0.0523	0.0192	0.0136	0.0115
18	99.2174	5e-04	0.0013	0.0066	0.0433	0.2908	0	0.3312	0.218	0.0767	0.0267	0.005	0.0144	0.0207	0.0564	0.2371	0.44	0	0.1507	0.0358	0.016	0.0144	0.0144
19	99.5133	0.001	0.0012	0.0074	0.029	0.145	0.2323	0.2918	0.1844	0.0762	0.0263	0.0055	0.0246	0.0328	0.0639	0.1615	0.2563	0.2441	0.1005	0.0409	0.0246	0.026	0.0246
20	99.691	0.001	0.0012	0.0048	0.0176	0.0704	0.1449	0	0.2809	0.2454	0.1596	0.0505	0.0192	0.0045	0.0326	0.0347	0.0601	0.0749	0.1659	0.2018	0	0.2124	0.0812	0.0389	0.0326	0.0326	0.0326
21	99.7886	0.0013	0.002	0.0054	0.0189	0.0569	0.1038	0.1383	0.2554	0.2215	0.1327	0.043	0.0166	0.0041	0.0457	0.0457	0.0575	0.0991	0.1287	0.1376	0.0991	0.1258	0.0724	0.0516	0.0457	0.0457	0.0457
