Allele	DPA1_03_01__DPB1_33_01
Type	Standard
n_specificities	1
npep_u	1
npep_t	5000
spec_ids	1
L_core	9
L_N	0
L_C	0
CS_perL	1
pepL_lower	12
pepL_upper	21
n_diff_aa	20

PWM_norm.1	P1	P2	P3	P4	P5	P6	P7	P8	P9
A	0.1262	1.4085	1.5855	1.0966	0.9404	0.683	0.7065	1.0447	0.6833
C	0.0471	0.2063	0.2114	0.1209	0.2319	0.1811	0.1511	0.1682	0.4266
D	0.0371	0.9616	0.9642	0.371	1.2955	0.0626	0.2532	1.1475	1.2757
E	0.0658	1.305	0.3794	1.11	1.0456	0.1544	1.4353	1.8093	0.5944
F	8.0451	0.8772	1.8278	0.3962	0.6734	2.4594	0.3387	0.4398	1.128
G	0.0441	0.4413	1.892	0.3528	0.5312	0.1376	0.1967	0.5621	0.3154
H	0.2648	1.2262	1.2685	3.2306	1.1783	0.2112	2.8535	0.7571	0.3684
I	2.7954	1.438	0.5562	0.9724	0.8615	3.2841	0.7271	0.8391	3.7628
K	0.031	1.0157	0.3484	3.7186	1.6292	0.0704	1.8956	1.4017	0.1152
L	2.5535	0.9775	0.4135	0.3912	1.089	3.2795	1.5402	0.7129	2.325
M	1.5707	0.8674	0.7004	0.4076	0.683	4.1958	0.3746	0.4952	1.6104
N	0.0775	0.7709	0.8708	0.9457	1.2691	0.1817	1.8505	1.1898	0.3698
P	0.0321	0.0704	0.4409	0.2076	1.0599	0.3171	0.1177	1.0294	0.1831
Q	0.1412	1.1553	0.7608	0.9723	1.336	0.2081	3.8148	1.2886	0.234
R	0.0765	1.0208	0.2825	0.7882	0.9261	0.0736	1.1476	1.6462	0.0907
S	0.0476	0.8087	1.4462	1.1852	0.79	0.2572	0.3133	0.8444	0.3381
T	0.0855	1.0437	0.8128	1.3319	1.227	0.4499	0.3603	0.9454	0.7654
V	0.8762	1.6549	1.2447	1.1074	0.8557	2.376	0.8363	0.9242	2.7332
W	3.6668	1.7998	3.568	0.722	0.317	0.5524	0.3421	0.4411	0.7335
Y	6.0257	1.4545	3.617	0.4959	1.2167	1.3442	0.4001	0.8371	1.9167

pepL	alpha	w_s
12	99.5307	0.083	0.1488	0	0.3949	0.3733
13	98.9574	0.0263	0.0764	0.2382	0.4675	0.1916
14	98.3293	0.0043	0.0259	0.161	0	0.4702	0.2976	0.0409
15	98.0138	0.0017	0.0096	0.0839	0.3761	0.4093	0.0998	0.0197
16	98.2233	8e-04	0.0022	0.03	0.2337	0	0.522	0.1562	0.0472	0.0079
17	98.7349	8e-04	0.0019	0.0146	0.1152	0.4294	0.2806	0.114	0.0362	0.0072
18	99.2174	5e-04	0.0013	0.0066	0.0433	0.2908	0	0.3312	0.218	0.0767	0.0267	0.005
19	99.5134	0.001	0.0012	0.0074	0.029	0.145	0.2323	0.2917	0.1843	0.0762	0.0263	0.0055
20	99.6911	0.001	0.0012	0.0048	0.0176	0.0704	0.1449	0	0.2809	0.2453	0.1596	0.0505	0.0192	0.0045
21	99.7886	0.0013	0.002	0.0054	0.0189	0.0569	0.1038	0.1384	0.2552	0.2215	0.1327	0.043	0.0166	0.0041
