Allele	DPA1_04_02__DPB1_91_01
Type	Standard
n_specificities	2
npep_u	0.987	0.013
npep_t	5000	5000
spec_ids	1	-1
L_core	9
L_N	0
L_C	0
CS_perL	1
pepL_lower	12
pepL_upper	21
n_diff_aa	20

PWM_norm.1	P1	P2	P3	P4	P5	P6	P7	P8	P9
A	0.1372	1.4085	1.5855	0.9888	1.4805	5.4858	3.9875	1.2875	1.008
C	0.0329	0.2063	0.2114	0.0992	0.1551	0.4811	0.308	0.198	0.4473
D	0.0737	0.9616	0.9642	1.5352	0.8355	0.1369	0.5311	0.7254	0.1279
E	0.0804	1.305	0.3794	4.0618	0.9393	0.1419	1.2645	1.4258	0.1971
F	0.5933	0.8772	1.8278	0.1425	0.6746	0.4636	0.5027	0.5012	0.3287
G	0.0593	0.4413	1.892	0.2588	0.3952	0.9219	0.732	0.6157	0.1824
H	0.4348	1.2262	1.2685	0.296	0.4944	0.1013	0.3008	1.1428	0.1428
I	0.2547	1.438	0.5562	1.099	1.4834	1.1616	0.8278	0.9973	3.0956
K	0.713	1.0157	0.3484	0.1495	1.1882	0.0843	0.3008	1.3851	0.0568
L	0.2413	0.9775	0.4135	0.3029	1.6943	0.3116	1.4622	0.7529	3.7728
M	0.1628	0.8674	0.7004	0.2943	0.8988	0.2264	1.0871	0.7103	1.0509
N	0.1074	0.7709	0.8708	0.5581	0.8694	0.1858	0.7952	1.0942	0.3273
P	0.0567	0.0704	0.4409	0.1767	1.0489	1.9641	0.3809	1.0583	0.0659
Q	0.268	1.1553	0.7608	0.5894	0.9269	0.0785	0.8436	1.27	0.3561
R	14.4019	1.0208	0.2825	0.0718	0.7405	0.0463	0.343	1.3844	0.0696
S	0.0752	0.8087	1.4462	1.7055	0.5705	0.9932	0.7791	0.8869	0.449
T	0.1072	1.0437	0.8128	2.8033	0.9524	0.6879	0.6154	1.0714	0.7387
V	0.1622	1.6549	1.2447	1.2851	1.4597	2.604	1.3521	1.0091	3.648
W	0.0796	1.7998	3.568	0.089	0.1948	0.0726	0.1446	0.4209	0.0601
Y	0.3082	1.4545	3.617	0.0834	1.1607	0.2636	0.4343	0.9282	0.226

PWM_norm.2	P9	P8	P7	P6	P5	P4	P3	P2	P1
A	0.8305	1.271	4.2567	5.8824	1.2756	1.0278	1.4257	1.371	0.4191
C	0.3721	0.3088	0.2532	0.4656	0.1296	0.1113	0.2671	0.2243	0.0597
D	0.3102	0.8311	0.4491	0.148	0.7973	1.2047	0.941	0.9349	0.1395
E	0.3927	1.28	1.0163	0.1454	0.9954	4.2732	0.4527	1.3538	0.2103
F	0.6736	0.6183	0.3785	1.1308	0.6894	0.1316	1.847	0.8578	0.4906
G	0.2498	0.6145	0.562	0.959	0.4304	0.2428	1.6812	0.5028	0.0984
H	0.1981	1.331	0.3132	0.2135	0.5081	0.2963	1.3119	1.2282	0.3985
I	3.5228	0.949	0.8145	0.9599	1.693	0.881	0.6692	1.4097	0.1833
K	0.1273	1.3747	0.27	0.0984	1.3492	0.1883	0.428	1.0057	0.8013
L	3.8117	0.7438	1.1993	0.4446	1.6168	0.3094	0.5209	0.9638	0.2247
M	1.584	0.8514	0.9329	0.2165	0.9304	0.3256	0.7827	0.8689	0.1904
N	0.3843	1.0783	0.5133	0.3117	0.8031	0.6034	0.8797	0.7889	0.1558
P	0.1436	0.9626	1.2115	0.998	0.9993	0.1964	0.4849	0.1209	0.0643
Q	0.3051	1.3596	0.5674	0.1134	0.9013	0.5756	0.8172	1.1708	0.2619
R	0.1626	1.3415	0.3152	0.0734	0.7456	0.0841	0.322	1.0354	13.7805
S	0.376	0.835	0.7615	0.9483	0.5399	1.7319	1.2819	0.8419	0.1136
T	0.5875	1.0598	0.8781	1.0077	1.0206	2.9272	0.8982	1.0472	0.1198
V	2.498	1.0438	1.5501	2.1402	1.4922	1.175	1.2869	1.6331	0.1449
W	0.125	0.5384	0.1999	0.1424	0.2248	0.0768	3.5331	1.4894	0.0956
Y	0.5261	1.0005	0.3656	0.4503	1.1961	0.0817	3.4166	1.318	0.2515

pepL	alpha	w_s
12	99.5307	0.083	0.1488	0	0.3949	0.3733	0.3191	0.2311	0	0.3551	0.0947
13	98.9574	0.0263	0.0764	0.2382	0.4675	0.1916	0.2986	0.3626	0.1368	0.1653	0.0367
14	98.3293	0.0043	0.0259	0.161	0	0.4702	0.2976	0.0409	0.075	0.4753	0.3062	0	0.0775	0.0543	0.0116
15	98.0138	0.0017	0.0096	0.0839	0.3761	0.4093	0.0998	0.0197	0.0247	0.1824	0.5409	0.1811	0.0376	0.0237	0.0096
16	98.2233	8e-04	0.0022	0.03	0.2337	0	0.522	0.1562	0.0472	0.0079	0.0142	0.0382	0.3427	0.4747	0	0.0918	0.02	0.0102	0.0081
17	98.7349	8e-04	0.0019	0.0146	0.1152	0.4294	0.2806	0.114	0.0362	0.0072	0.013	0.0234	0.1237	0.5223	0.2209	0.0523	0.0192	0.0136	0.0115
18	99.2174	5e-04	0.0013	0.0066	0.0433	0.2908	0	0.3312	0.218	0.0767	0.0267	0.005	0.0144	0.0207	0.0564	0.2371	0.44	0	0.1507	0.0358	0.016	0.0144	0.0144
19	99.5134	0.001	0.0012	0.0074	0.029	0.145	0.2323	0.2917	0.1843	0.0762	0.0263	0.0055	0.0246	0.0328	0.0639	0.1615	0.2563	0.2441	0.1005	0.0409	0.0246	0.026	0.0246
20	99.6911	0.001	0.0012	0.0048	0.0176	0.0704	0.1449	0	0.2809	0.2453	0.1596	0.0505	0.0192	0.0045	0.0326	0.0347	0.0601	0.0749	0.1659	0.2018	0	0.2124	0.0812	0.0389	0.0326	0.0326	0.0326
21	99.7886	0.0013	0.002	0.0054	0.0189	0.0569	0.1038	0.1384	0.2552	0.2215	0.1327	0.043	0.0166	0.0041	0.0457	0.0457	0.0575	0.0991	0.1287	0.1376	0.0991	0.1258	0.0724	0.0516	0.0457	0.0457	0.0457
