Allele	DPA1_02_06__DPB1_01_01
Type	Standard
n_specificities	2
npep_u	0.68	0.32
npep_t	5000	5000
spec_ids	1	-1
L_core	9
L_N	0
L_C	0
CS_perL	1
pepL_lower	12
pepL_upper	21
n_diff_aa	20

PWM_norm.1	P1	P2	P3	P4	P5	P6	P7	P8	P9
A	0.0971	1.5926	1.7519	1.3644	0.9597	1.2911	1.3343	1.0692	0.226
C	0.0329	0.1911	0.2272	0.2215	0.2236	0.3548	0.2811	0.1728	0.0269
D	0.0653	0.5011	0.7734	1.8518	1.3314	0.1354	0.3979	1.184	7.5578
E	0.0821	1.257	0.5232	2.202	1.0828	0.3082	2.1271	1.7529	6.6294
F	0.3403	1.1426	1.3687	0.1902	0.6551	0.869	0.2486	0.4482	0.3049
G	0.0545	0.4293	1.4627	0.7276	0.5076	0.2091	0.6028	0.5537	0.1905
H	0.0965	0.5759	0.714	0.5889	1.2306	0.3844	0.7347	0.7365	0.5977
I	0.1529	1.2912	1.0965	1.606	0.8669	3.5338	0.8935	0.8274	0.101
K	13.3495	1.225	0.3756	0.182	1.597	0.1456	0.7556	1.393	0.115
L	0.1208	1.4538	0.774	0.3196	1.2186	2.5712	2.1284	0.7109	0.1309
M	0.1176	0.7717	0.6949	0.4096	0.7021	3.5926	0.752	0.4896	0.1404
N	0.0937	0.9376	0.8535	1.1117	1.1783	0.2501	1.7918	1.1909	0.2504
P	0.0434	0.1469	0.7148	1.0369	0.9407	0.5963	0.2532	1.0119	0.0721
Q	0.1005	0.7673	0.7441	0.605	1.4036	0.3874	1.3883	1.2956	0.3981
R	2.4661	0.9205	0.1946	0.102	0.9522	0.1284	0.4469	1.6622	0.0767
S	0.0529	0.6965	1.1269	1.5372	0.7631	0.4373	0.7383	0.864	0.1642
T	0.0807	1.2701	0.9392	1.8412	1.0519	0.4892	0.5686	0.9415	0.1446
V	0.1119	1.4832	1.7586	1.4428	0.9259	2.8151	1.3112	0.933	0.1245
W	0.0501	0.7443	2.8919	0.183	0.3129	0.2811	0.1632	0.4326	0.113
Y	0.3054	1.6377	2.5285	0.1364	1.1182	0.6684	0.2808	0.8595	0.2946

PWM_norm.2	P9	P8	P7	P6	P5	P4	P3	P2	P1
A	0.3567	1.1432	1.5174	0.2993	1.0564	1.4687	1.3626	1.786	0.2317
C	0.0796	0.2554	0.2869	0.0828	0.242	0.4431	0.3132	0.3624	0.0958
D	4.9678	1.2383	0.3756	0.2619	1.2731	2.2078	0.6008	0.3721	0.1797
E	6.6767	1.789	1.5822	0.1773	1.1725	1.2133	0.6881	1.3644	0.2028
F	0.3554	0.6981	0.4492	1.1801	0.649	0.6324	1.7914	1.0087	0.3976
G	0.4291	0.526	0.3859	0.0994	0.5646	0.4995	0.7214	0.6413	0.1318
H	0.5721	0.8357	0.738	0.2047	1.0693	0.6801	0.7282	0.4792	0.1621
I	0.3431	0.7785	1.2659	1.911	0.9344	1.5421	1.2159	1.5132	0.217
K	0.3412	1.4163	0.6838	0.1898	1.7559	0.1877	0.6846	1.2839	12.9891
L	0.1819	0.6733	1.7477	5.445	1.0656	0.3992	1.4769	0.9412	0.193
M	0.2579	0.644	0.578	3.4986	0.8204	0.9913	0.9167	0.5274	0.2043
N	0.395	1.1764	1.2517	0.2441	1.2733	3.2395	0.7506	0.8409	0.2957
P	0.1724	0.8181	0.7138	0.2749	0.9108	0.6986	0.64	0.8466	0.1027
Q	0.5816	1.3898	1.0963	1.2272	1.3508	0.7322	0.7248	0.8685	0.2168
R	0.2537	1.4959	0.4065	0.0777	1.0617	0.1737	0.4042	0.9653	1.3844
S	0.2838	0.8427	0.6368	0.1671	0.6741	1.0007	0.8233	0.9857	0.1757
T	0.3813	0.9302	1.2402	0.3878	1.1923	1.5009	1.0786	1.0411	0.1568
V	0.3006	1.0277	1.9374	0.9646	0.7103	1.5818	1.2755	1.1692	0.1387
W	0.1268	0.3779	0.228	0.1148	0.3119	0.4406	3.1922	0.454	0.1069
Y	0.2771	0.6423	0.4261	0.3172	1.0383	0.4205	2.4644	0.8701	0.4219

pepL	alpha	w_s
12	99.5307	0.083	0.1488	0	0.3949	0.3734	0.3191	0.2311	0	0.3551	0.0947
13	98.9575	0.0263	0.0764	0.2382	0.4675	0.1916	0.2986	0.3626	0.1368	0.1653	0.0367
14	98.3294	0.0043	0.0259	0.161	0	0.4702	0.2977	0.0409	0.075	0.4753	0.3062	0	0.0775	0.0543	0.0116
15	98.0139	0.0017	0.0096	0.0839	0.376	0.4093	0.0998	0.0197	0.0247	0.1824	0.5409	0.1811	0.0376	0.0237	0.0096
16	98.2233	8e-04	0.0022	0.03	0.2337	0	0.5219	0.1563	0.0471	0.0079	0.0142	0.0382	0.3427	0.4747	0	0.0918	0.02	0.0102	0.0081
17	98.735	8e-04	0.0019	0.0146	0.1152	0.4293	0.2806	0.114	0.0363	0.0072	0.013	0.0234	0.1237	0.5223	0.2209	0.0523	0.0192	0.0136	0.0115
18	99.2174	5e-04	0.0013	0.0066	0.0433	0.2908	0	0.3312	0.218	0.0767	0.0267	0.005	0.0144	0.0207	0.0564	0.2371	0.44	0	0.1507	0.0358	0.016	0.0144	0.0144
19	99.5133	0.001	0.0012	0.0074	0.029	0.145	0.2323	0.2918	0.1844	0.0762	0.0263	0.0055	0.0246	0.0328	0.0639	0.1615	0.2563	0.2441	0.1005	0.0409	0.0246	0.026	0.0246
20	99.691	0.001	0.0012	0.0048	0.0176	0.0704	0.1449	0	0.2809	0.2454	0.1596	0.0505	0.0192	0.0045	0.0326	0.0347	0.0601	0.0749	0.1659	0.2018	0	0.2124	0.0812	0.0389	0.0326	0.0326	0.0326
21	99.7886	0.0013	0.002	0.0054	0.0189	0.0569	0.1038	0.1383	0.2554	0.2215	0.1327	0.043	0.0166	0.0041	0.0457	0.0457	0.0575	0.0991	0.1287	0.1376	0.0991	0.1258	0.0724	0.0516	0.0457	0.0457	0.0457
