Allele	DPA1_04_02__DPB1_50_01
Type	Standard
n_specificities	1
npep_u	1
npep_t	5000
spec_ids	1
L_core	9
L_N	0
L_C	0
CS_perL	1
pepL_lower	12
pepL_upper	21
n_diff_aa	20

PWM_norm.1	P1	P2	P3	P4	P5	P6	P7	P8	P9
A	0.1372	1.5793	1.7484	1.1636	0.9935	0.6326	2.5572	1.2875	1.8554
C	0.0329	0.1805	0.2178	0.2872	0.2302	0.1503	0.2926	0.198	0.2419
D	0.0737	0.5207	0.8042	1.7364	1.2982	0.0922	0.5151	0.7254	1.1515
E	0.0804	1.2846	0.5221	2.0412	1.0499	0.1909	1.7785	1.4258	0.938
F	0.5933	1.1255	1.4017	0.2302	0.6909	8.7961	0.2563	0.5012	0.229
G	0.0593	0.4308	1.4555	0.7962	0.4944	0.1925	0.7434	0.6157	0.6274
H	0.4348	0.6067	0.7152	0.6647	1.2316	0.3931	0.3303	1.1428	2.335
I	0.2547	1.2851	1.1234	1.6247	0.8684	1.2182	0.8296	0.9973	0.6607
K	0.713	1.2202	0.3665	0.2336	1.5995	0.0929	0.3835	1.3851	0.1734
L	0.2413	1.3978	0.7705	0.3821	1.2107	1.5801	1.9995	0.7529	0.6501
M	0.1628	0.7858	0.6904	0.4504	0.704	1.4569	0.8832	0.7103	0.4717
N	0.1074	0.9549	0.8542	0.9719	1.1804	0.2887	1.2182	1.0942	4.3311
P	0.0567	0.147	0.6846	1.26	0.9443	0.5249	0.2748	1.0583	0.2559
Q	0.268	0.7958	0.7468	0.6239	1.4004	0.3146	1.0024	1.27	1.1068
R	14.4019	0.9213	0.1847	0.1199	0.9425	0.0829	0.2779	1.3844	0.2247
S	0.0752	0.7162	1.1411	1.3989	0.7613	0.3063	0.9009	0.8869	1.9986
T	0.1072	1.278	0.897	1.9104	1.0754	0.3715	0.6085	1.0714	0.7383
V	0.1622	1.479	1.7378	1.545	0.9257	0.8133	1.3556	1.0091	1.0636
W	0.0796	0.7527	2.9589	0.2103	0.3159	4.3729	0.0936	0.4209	0.1258
Y	0.3082	1.625	2.6035	0.1881	1.1497	5.4459	0.2525	0.9282	0.3454

pepL	alpha	w_s
12	99.5307	0.083	0.1488	0	0.3949	0.3733
13	98.9574	0.0263	0.0764	0.2382	0.4675	0.1916
14	98.3293	0.0043	0.0259	0.161	0	0.4702	0.2976	0.0409
15	98.0138	0.0017	0.0096	0.0839	0.3761	0.4093	0.0998	0.0197
16	98.2233	8e-04	0.0022	0.03	0.2337	0	0.522	0.1562	0.0472	0.0079
17	98.7349	8e-04	0.0019	0.0146	0.1152	0.4294	0.2806	0.114	0.0362	0.0072
18	99.2174	5e-04	0.0013	0.0066	0.0433	0.2908	0	0.3312	0.218	0.0767	0.0267	0.005
19	99.5134	0.001	0.0012	0.0074	0.029	0.145	0.2323	0.2917	0.1843	0.0762	0.0263	0.0055
20	99.6911	0.001	0.0012	0.0048	0.0176	0.0704	0.1449	0	0.2809	0.2453	0.1596	0.0505	0.0192	0.0045
21	99.7886	0.0013	0.002	0.0054	0.0189	0.0569	0.1038	0.1384	0.2552	0.2215	0.1327	0.043	0.0166	0.0041
