Allele	DPA1_04_01__DPB1_131_01
Type	Standard
n_specificities	2
npep_u	0.987	0.013
npep_t	5000	5000
spec_ids	1	-1
L_core	9
L_N	0
L_C	0
CS_perL	1
pepL_lower	12
pepL_upper	21
n_diff_aa	20

PWM_norm.1	P1	P2	P3	P4	P5	P6	P7	P8	P9
A	0.1372	1.4085	1.5855	1.1623	1.1449	5.3445	0.8523	1.2875	1.008
C	0.0329	0.2063	0.2114	0.0928	0.1832	0.4837	0.1846	0.198	0.4473
D	0.0737	0.9616	0.9642	0.3593	0.7128	0.1403	0.3051	0.7254	0.1279
E	0.0804	1.305	0.3794	1.0537	1.0651	0.1423	1.0295	1.4258	0.1971
F	0.5933	0.8772	1.8278	0.3728	0.6548	0.4599	0.5746	0.5012	0.3287
G	0.0593	0.4413	1.892	0.341	0.4719	0.832	0.1854	0.6157	0.1824
H	0.4348	1.2262	1.2685	2.905	0.564	0.0879	2.9198	1.1428	0.1428
I	0.2547	1.438	0.5562	0.9433	1.6151	1.3477	0.6739	0.9973	3.0956
K	0.713	1.0157	0.3484	3.6797	1.1929	0.0862	2.0803	1.3851	0.0568
L	0.2413	0.9775	0.4135	0.4103	1.6538	0.3932	1.3205	0.7529	3.7728
M	0.1628	0.8674	0.7004	0.3965	0.8111	0.2599	0.4803	0.7103	1.0509
N	0.1074	0.7709	0.8708	0.7904	1.0048	0.1342	1.5257	1.0942	0.3273
P	0.0567	0.0704	0.4409	0.2247	0.8704	1.7255	0.2004	1.0583	0.0659
Q	0.268	1.1553	0.7608	0.9539	1.0925	0.0634	3.8691	1.27	0.3561
R	14.4019	1.0208	0.2825	0.6524	0.5623	0.0516	1.4233	1.3844	0.0696
S	0.0752	0.8087	1.4462	1.4791	0.5737	0.9247	0.3006	0.8869	0.449
T	0.1072	1.0437	0.8128	1.4936	1.2537	0.7374	0.3928	1.0714	0.7387
V	0.1622	1.6549	1.2447	1.0479	1.493	2.9264	0.7776	1.0091	3.648
W	0.0796	1.7998	3.568	0.5753	0.1702	0.0759	0.5759	0.4209	0.0601
Y	0.3082	1.4545	3.617	0.4001	1.2935	0.2598	0.6213	0.9282	0.226

PWM_norm.2	P9	P8	P7	P6	P5	P4	P3	P2	P1
A	0.8305	1.271	1.2962	5.3356	1.0275	1.126	1.4257	1.371	0.4191
C	0.3721	0.3088	0.3591	0.5088	0.1878	0.1298	0.2671	0.2243	0.0597
D	0.3102	0.8311	0.2709	0.1492	0.7374	0.3619	0.941	0.9349	0.1395
E	0.3927	1.28	0.7622	0.1692	1.0531	1.2805	0.4527	1.3538	0.2103
F	0.6736	0.6183	0.347	1.3983	0.6048	0.3709	1.847	0.8578	0.4906
G	0.2498	0.6145	0.2372	0.9502	0.5395	0.3718	1.6812	0.5028	0.0984
H	0.1981	1.331	2.7648	0.2135	0.5219	3.3397	1.3119	1.2282	0.3985
I	3.5228	0.949	1.38	1.1018	1.7737	0.7293	0.6692	1.4097	0.1833
K	0.1273	1.3747	1.5483	0.1265	1.3715	3.6147	0.428	1.0057	0.8013
L	3.8117	0.7438	1.0334	0.5583	1.5426	0.4156	0.5209	0.9638	0.2247
M	1.584	0.8514	0.5888	0.3097	0.9993	0.427	0.7827	0.8689	0.1904
N	0.3843	1.0783	0.954	0.2532	0.8755	0.7794	0.8797	0.7889	0.1558
P	0.1436	0.9626	0.6256	1.1207	0.9492	0.1932	0.4849	0.1209	0.0643
Q	0.3051	1.3596	1.8537	0.1075	1.0685	0.8551	0.8172	1.1708	0.2619
R	0.1626	1.3415	1.4776	0.1044	0.675	0.6881	0.322	1.0354	13.7805
S	0.376	0.835	0.3913	0.7832	0.5172	1.3967	1.2819	0.8419	0.1136
T	0.5875	1.0598	0.987	0.9951	1.1744	1.4776	0.8982	1.0472	0.1198
V	2.498	1.0438	1.9392	2.2651	1.417	1.033	1.2869	1.6331	0.1449
W	0.125	0.5384	0.4461	0.2787	0.2674	0.4456	3.5331	1.4894	0.0956
Y	0.5261	1.0005	0.6251	0.584	1.3967	0.3739	3.4166	1.318	0.2515

pepL	alpha	w_s
12	99.5307	0.083	0.1488	0	0.3949	0.3733	0.3191	0.2311	0	0.3551	0.0947
13	98.9574	0.0263	0.0764	0.2382	0.4675	0.1916	0.2986	0.3626	0.1368	0.1653	0.0367
14	98.3293	0.0043	0.0259	0.161	0	0.4702	0.2976	0.0409	0.075	0.4753	0.3062	0	0.0775	0.0543	0.0116
15	98.0138	0.0017	0.0096	0.0839	0.3761	0.4093	0.0998	0.0197	0.0247	0.1824	0.5409	0.1811	0.0376	0.0237	0.0096
16	98.2233	8e-04	0.0022	0.03	0.2337	0	0.522	0.1562	0.0472	0.0079	0.0142	0.0382	0.3427	0.4747	0	0.0918	0.02	0.0102	0.0081
17	98.7349	8e-04	0.0019	0.0146	0.1152	0.4294	0.2806	0.114	0.0362	0.0072	0.013	0.0234	0.1237	0.5223	0.2209	0.0523	0.0192	0.0136	0.0115
18	99.2174	5e-04	0.0013	0.0066	0.0433	0.2908	0	0.3312	0.218	0.0767	0.0267	0.005	0.0144	0.0207	0.0564	0.2371	0.44	0	0.1507	0.0358	0.016	0.0144	0.0144
19	99.5134	0.001	0.0012	0.0074	0.029	0.145	0.2323	0.2917	0.1843	0.0762	0.0263	0.0055	0.0246	0.0328	0.0639	0.1615	0.2563	0.2441	0.1005	0.0409	0.0246	0.026	0.0246
20	99.6911	0.001	0.0012	0.0048	0.0176	0.0704	0.1449	0	0.2809	0.2453	0.1596	0.0505	0.0192	0.0045	0.0326	0.0347	0.0601	0.0749	0.1659	0.2018	0	0.2124	0.0812	0.0389	0.0326	0.0326	0.0326
21	99.7886	0.0013	0.002	0.0054	0.0189	0.0569	0.1038	0.1384	0.2552	0.2215	0.1327	0.043	0.0166	0.0041	0.0457	0.0457	0.0575	0.0991	0.1287	0.1376	0.0991	0.1258	0.0724	0.0516	0.0457	0.0457	0.0457
