Allele	DPA1_04_01__DPB1_648_01
Type	Standard
n_specificities	2
npep_u	0.982	0.018
npep_t	5000	5000
spec_ids	1	-1
L_core	9
L_N	0
L_C	0
CS_perL	1
pepL_lower	12
pepL_upper	21
n_diff_aa	20

PWM_norm.1	P1	P2	P3	P4	P5	P6	P7	P8	P9
A	0.1372	1.5793	1.7484	1.1636	0.9935	0.1865	2.5572	1.2875	1.349
C	0.0329	0.1805	0.2178	0.2872	0.2302	0.0401	0.2926	0.198	0.8741
D	0.0737	0.5207	0.8042	1.7364	1.2982	0.0236	0.5151	0.7254	0.5016
E	0.0804	1.2846	0.5221	2.0412	1.0499	0.0418	1.7785	1.4258	0.3019
F	0.5933	1.1255	1.4017	0.2302	0.6909	16.9595	0.2563	0.5012	0.6951
G	0.0593	0.4308	1.4555	0.7962	0.4944	0.0624	0.7434	0.6157	0.5283
H	0.4348	0.6067	0.7152	0.6647	1.2316	0.1287	0.3303	1.1428	0.4347
I	0.2547	1.2851	1.1234	1.6247	0.8684	0.5034	0.8296	0.9973	2.3199
K	0.713	1.2202	0.3665	0.2336	1.5995	0.0277	0.3835	1.3851	0.1358
L	0.2413	1.3978	0.7705	0.3821	1.2107	0.8317	1.9995	0.7529	1.6601
M	0.1628	0.7858	0.6904	0.4504	0.704	0.6755	0.8832	0.7103	1.2517
N	0.1074	0.9549	0.8542	0.9719	1.1804	0.1012	1.2182	1.0942	1.3707
P	0.0567	0.147	0.6846	1.26	0.9443	0.1278	0.2748	1.0583	0.1902
Q	0.268	0.7958	0.7468	0.6239	1.4004	0.0711	1.0024	1.27	0.3427
R	14.4019	0.9213	0.1847	0.1199	0.9425	0.0263	0.2779	1.3844	0.1513
S	0.0752	0.7162	1.1411	1.3989	0.7613	0.1113	0.9009	0.8869	1.1256
T	0.1072	1.278	0.897	1.9104	1.0754	0.1334	0.6085	1.0714	1.4301
V	0.1622	1.479	1.7378	1.545	0.9257	0.301	1.3556	1.0091	3.1671
W	0.0796	0.7527	2.9589	0.2103	0.3159	3.1183	0.0936	0.4209	0.2158
Y	0.3082	1.625	2.6035	0.1881	1.1497	6.2241	0.2525	0.9282	0.7603

PWM_norm.2	P9	P8	P7	P6	P5	P4	P3	P2	P1
A	1.4447	1.271	2.7672	0.1617	1.1092	1.4089	1.3796	1.7726	0.4191
C	0.892	0.3088	0.2329	0.0473	0.2052	0.4784	0.3517	0.428	0.0597
D	0.5237	0.8311	0.5195	0.0358	1.2543	1.7804	0.6085	0.348	0.1395
E	0.2914	1.28	1.5932	0.0429	1.19	1.5869	0.7029	1.3441	0.2103
F	0.6827	0.6183	0.3921	16.4944	0.639	0.2945	1.7204	0.9842	0.4906
G	0.5005	0.6145	0.504	0.0806	0.5578	0.4101	0.7166	0.6618	0.0984
H	0.4375	1.331	0.4168	0.1517	1.0796	0.5191	0.7617	0.4133	0.3985
I	2.2599	0.949	0.8073	0.5297	0.9732	1.7133	1.2149	1.5777	0.1833
K	0.12	1.3747	0.3998	0.0559	1.7606	0.2696	0.702	1.3002	0.8013
L	1.731	0.7438	1.5908	0.9218	1.0728	0.4247	1.4124	0.9229	0.2247
M	1.0605	0.8514	0.7115	0.77	0.7975	0.994	0.9716	0.5454	0.1904
N	1.328	1.0783	1.0441	0.1059	1.2163	2.5595	0.7941	0.8595	0.1558
P	0.1798	0.9626	0.7875	0.1026	0.8585	0.7316	0.6531	0.9263	0.0643
Q	0.3614	1.3596	1.0692	0.1037	1.3233	0.6103	0.7663	0.8526	0.2619
R	0.1517	1.3415	0.2952	0.0396	1.0435	0.2222	0.4104	0.939	13.7805
S	1.061	0.835	0.8049	0.1011	0.6705	1.2019	0.8232	0.983	0.1136
T	1.4766	1.0598	0.9343	0.1762	1.1868	1.6942	1.0669	1.0403	0.1198
V	3.1283	1.0438	1.4858	0.2669	0.7775	1.7144	1.2789	1.1606	0.1449
W	0.1716	0.5384	0.1898	3.2177	0.2817	0.2895	3.2061	0.4159	0.0956
Y	0.8613	1.0005	0.3829	6.2399	1.0302	0.2775	2.3966	0.8243	0.2515

pepL	alpha	w_s
12	99.5307	0.083	0.1488	0	0.3949	0.3733	0.3191	0.2311	0	0.3551	0.0947
13	98.9574	0.0263	0.0764	0.2382	0.4675	0.1916	0.2986	0.3626	0.1368	0.1653	0.0367
14	98.3293	0.0043	0.0259	0.161	0	0.4702	0.2976	0.0409	0.075	0.4753	0.3062	0	0.0775	0.0543	0.0116
15	98.0138	0.0017	0.0096	0.0839	0.3761	0.4093	0.0998	0.0197	0.0247	0.1824	0.5409	0.1811	0.0376	0.0237	0.0096
16	98.2233	8e-04	0.0022	0.03	0.2337	0	0.522	0.1562	0.0472	0.0079	0.0142	0.0382	0.3427	0.4747	0	0.0918	0.02	0.0102	0.0081
17	98.7349	8e-04	0.0019	0.0146	0.1152	0.4294	0.2806	0.114	0.0362	0.0072	0.013	0.0234	0.1237	0.5223	0.2209	0.0523	0.0192	0.0136	0.0115
18	99.2174	5e-04	0.0013	0.0066	0.0433	0.2908	0	0.3312	0.218	0.0767	0.0267	0.005	0.0144	0.0207	0.0564	0.2371	0.44	0	0.1507	0.0358	0.016	0.0144	0.0144
19	99.5134	0.001	0.0012	0.0074	0.029	0.145	0.2323	0.2917	0.1843	0.0762	0.0263	0.0055	0.0246	0.0328	0.0639	0.1615	0.2563	0.2441	0.1005	0.0409	0.0246	0.026	0.0246
20	99.6911	0.001	0.0012	0.0048	0.0176	0.0704	0.1449	0	0.2809	0.2453	0.1596	0.0505	0.0192	0.0045	0.0326	0.0347	0.0601	0.0749	0.1659	0.2018	0	0.2124	0.0812	0.0389	0.0326	0.0326	0.0326
21	99.7886	0.0013	0.002	0.0054	0.0189	0.0569	0.1038	0.1384	0.2552	0.2215	0.1327	0.043	0.0166	0.0041	0.0457	0.0457	0.0575	0.0991	0.1287	0.1376	0.0991	0.1258	0.0724	0.0516	0.0457	0.0457	0.0457
