Allele	DPA1_02_06__DPB1_244_01
Type	Standard
n_specificities	2
npep_u	0.663	0.337
npep_t	5000	5000
spec_ids	1	-1
L_core	9
L_N	0
L_C	0
CS_perL	1
pepL_lower	12
pepL_upper	21
n_diff_aa	20

PWM_norm.1	P1	P2	P3	P4	P5	P6	P7	P8	P9
A	0.0971	1.4102	1.589	1.2204	1.4465	5.2394	1.84	1.0692	0.4012
C	0.0329	0.1874	0.2185	0.0732	0.1614	0.382	0.4857	0.1728	0.1335
D	0.0653	0.9491	0.9286	1.7811	0.8262	0.081	0.5519	1.184	0.3156
E	0.0821	1.3105	0.3778	4.395	0.9961	0.1334	1.6353	1.7529	0.5382
F	0.3403	0.8762	1.8035	0.0916	0.6792	0.0975	0.5521	0.4482	0.4441
G	0.0545	0.4448	1.8808	0.2492	0.3913	0.524	0.726	0.5537	0.0607
H	0.0965	1.1878	1.2825	0.251	0.5168	0.0765	0.8176	0.7365	0.0611
I	0.1529	1.4663	0.5578	1.0365	1.4925	2.0605	1.0014	0.8274	3.7932
K	13.3495	1.0207	0.359	0.1079	1.2011	0.0554	0.7454	1.393	0.038
L	0.1208	1.0108	0.4188	0.2232	1.6191	0.5164	1.5525	0.7109	4.8271
M	0.1176	0.8326	0.7109	0.2236	0.9005	0.4357	1.1322	0.4896	1.2651
N	0.0937	0.7516	0.8847	0.7559	0.9099	0.0993	1.4331	1.1909	0.0791
P	0.0434	0.069	0.4658	0.1505	1.0038	1.3436	0.4095	1.0119	0.0357
Q	0.1005	1.1222	0.7425	0.552	0.969	0.0539	1.3894	1.2956	0.1752
R	2.4661	1.0122	0.3035	0.0578	0.7418	0.0431	0.6068	1.6622	0.0417
S	0.0529	0.8119	1.4274	1.8596	0.5707	0.8432	0.6641	0.864	0.1311
T	0.0807	1.0358	0.8491	2.1694	0.9784	0.4582	0.6198	0.9415	0.3863
V	0.1119	1.6822	1.2644	1.0562	1.4791	3.8424	1.2924	0.933	2.7853
W	0.0501	1.7064	3.5258	0.0622	0.2207	0.0207	0.4061	0.4326	0.1231
Y	0.3054	1.4466	3.5327	0.0643	1.1872	0.0695	0.5617	0.8595	0.2935

PWM_norm.2	P9	P8	P7	P6	P5	P4	P3	P2	P1
A	0.3384	1.1432	2.2467	4.1497	1.2707	1.3414	1.4673	1.4058	0.2317
C	0.1334	0.2554	0.4012	0.4209	0.1536	0.2066	0.2241	0.2266	0.0958
D	0.5251	1.2383	0.4127	0.2778	0.783	2.0101	0.9636	0.9327	0.1797
E	0.8212	1.789	1.1333	0.2262	1.0189	2.7031	0.4329	1.3679	0.2028
F	0.6763	0.6981	0.4096	0.5213	0.6776	0.4701	1.8353	0.841	0.3976
G	0.0768	0.526	0.4404	0.8702	0.4332	0.4181	1.7923	0.4972	0.1318
H	0.065	0.8357	0.6108	0.2131	0.5589	0.4309	1.2834	1.2008	0.1621
I	4.4301	0.7785	1.3319	1.5869	1.5867	1.0682	0.5986	1.3917	0.217
K	0.0756	1.4163	0.526	0.107	1.4163	0.1496	0.4026	0.9864	12.9891
L	4.5534	0.6733	1.3222	0.8109	1.5691	0.3613	0.4805	0.9846	0.193
M	1.7995	0.644	0.8592	0.366	0.9414	0.5837	0.7241	0.8446	0.2043
N	0.0911	1.1764	0.7324	0.4257	0.8164	1.6812	0.8803	0.7813	0.2957
P	0.1113	0.8181	1.2035	1.1899	1.0471	0.4265	0.4408	0.1334	0.1027
Q	0.1231	1.3898	0.7581	0.2138	0.9035	0.7492	0.8024	1.1764	0.2168
R	0.0642	1.4959	0.5203	0.0773	0.7764	0.1058	0.2989	1.0316	1.3844
S	0.0944	0.8427	0.597	0.9432	0.557	1.2657	1.3582	0.8414	0.1757
T	0.3351	0.9302	1.2937	1.2147	1.0197	2.3513	0.8723	1.0364	0.1568
V	1.9277	1.0277	2.213	2.8732	1.4524	1.3206	1.2637	1.6339	0.1387
W	0.276	0.3779	0.3042	0.0703	0.2494	0.2121	3.4587	1.3914	0.1069
Y	0.3473	0.6423	0.468	0.22	1.1307	0.2412	3.5769	1.3137	0.4219

pepL	alpha	w_s
12	99.5307	0.083	0.1488	0	0.3949	0.3734	0.3191	0.2311	0	0.3551	0.0947
13	98.9575	0.0263	0.0764	0.2382	0.4675	0.1916	0.2986	0.3626	0.1368	0.1653	0.0367
14	98.3294	0.0043	0.0259	0.161	0	0.4702	0.2977	0.0409	0.075	0.4753	0.3062	0	0.0775	0.0543	0.0116
15	98.0139	0.0017	0.0096	0.0839	0.376	0.4093	0.0998	0.0197	0.0247	0.1824	0.5409	0.1811	0.0376	0.0237	0.0096
16	98.2233	8e-04	0.0022	0.03	0.2337	0	0.5219	0.1563	0.0471	0.0079	0.0142	0.0382	0.3427	0.4747	0	0.0918	0.02	0.0102	0.0081
17	98.735	8e-04	0.0019	0.0146	0.1152	0.4293	0.2806	0.114	0.0363	0.0072	0.013	0.0234	0.1237	0.5223	0.2209	0.0523	0.0192	0.0136	0.0115
18	99.2174	5e-04	0.0013	0.0066	0.0433	0.2908	0	0.3312	0.218	0.0767	0.0267	0.005	0.0144	0.0207	0.0564	0.2371	0.44	0	0.1507	0.0358	0.016	0.0144	0.0144
19	99.5133	0.001	0.0012	0.0074	0.029	0.145	0.2323	0.2918	0.1844	0.0762	0.0263	0.0055	0.0246	0.0328	0.0639	0.1615	0.2563	0.2441	0.1005	0.0409	0.0246	0.026	0.0246
20	99.691	0.001	0.0012	0.0048	0.0176	0.0704	0.1449	0	0.2809	0.2454	0.1596	0.0505	0.0192	0.0045	0.0326	0.0347	0.0601	0.0749	0.1659	0.2018	0	0.2124	0.0812	0.0389	0.0326	0.0326	0.0326
21	99.7886	0.0013	0.002	0.0054	0.0189	0.0569	0.1038	0.1383	0.2554	0.2215	0.1327	0.043	0.0166	0.0041	0.0457	0.0457	0.0575	0.0991	0.1287	0.1376	0.0991	0.1258	0.0724	0.0516	0.0457	0.0457	0.0457
