Allele	DPA1_03_01__DPB1_50_01
Type	Standard
n_specificities	2
npep_u	0.937	0.063
npep_t	5000	5000
spec_ids	1	-1
L_core	9
L_N	0
L_C	0
CS_perL	1
pepL_lower	12
pepL_upper	21
n_diff_aa	20

PWM_norm.1	P1	P2	P3	P4	P5	P6	P7	P8	P9
A	0.1385	1.5926	1.7519	1.3644	0.9597	1.2849	2.6205	1.3929	2.0177
C	0.0306	0.1911	0.2272	0.2215	0.2236	0.4493	0.2548	0.1648	0.1608
D	0.0667	0.5011	0.7734	1.8518	1.3314	0.2025	0.5136	0.8155	1.4146
E	0.083	1.257	0.5232	2.202	1.0828	0.3208	1.71	1.5579	0.955
F	0.6121	1.1426	1.3687	0.1902	0.6551	0.9067	0.2982	0.4171	0.1192
G	0.0622	0.4293	1.4627	0.7276	0.5076	0.2486	0.8588	0.5194	0.4306
H	0.4195	0.5759	0.714	0.5889	1.2306	0.4483	0.3434	0.9576	2.9094
I	0.2531	1.2912	1.0965	1.606	0.8669	3.4139	0.8383	0.9771	0.3107
K	0.8316	1.225	0.3756	0.182	1.597	0.1448	0.4037	1.4241	0.1003
L	0.2456	1.4538	0.774	0.3196	1.2186	2.3628	1.8638	0.7134	0.389
M	0.1704	0.7717	0.6949	0.4096	0.7021	3.4891	0.8873	0.6522	0.2487
N	0.1057	0.9376	0.8535	1.1117	1.1783	0.3845	1.2144	1.1672	5.8039
P	0.0603	0.1469	0.7148	1.0369	0.9407	0.6476	0.3346	0.934	0.2281
Q	0.2678	0.7673	0.7441	0.605	1.4036	0.4687	0.8888	1.2856	0.9035
R	14.2122	0.9205	0.1946	0.102	0.9522	0.1388	0.3368	1.3797	0.1406
S	0.078	0.6965	1.1269	1.5372	0.7631	0.4844	0.9003	0.929	2.3516
T	0.1126	1.2701	0.9392	1.8412	1.0519	0.5659	0.6389	1.1016	0.6409
V	0.1815	1.4832	1.7586	1.4428	0.9259	2.7195	1.3282	1.0323	0.6325
W	0.0848	0.7443	2.8919	0.183	0.3129	0.3422	0.1039	0.3216	0.0685
Y	0.3501	1.6377	2.5285	0.1364	1.1182	0.7056	0.3375	0.8037	0.1138

PWM_norm.2	P9	P8	P7	P6	P5	P4	P3	P2	P1
A	2.0657	1.3307	2.4463	0.3461	1.0564	1.4687	1.3626	1.786	0.4409
C	0.1489	0.2569	0.2387	0.0997	0.242	0.4431	0.3132	0.3624	0.0596
D	1.3404	0.9635	0.4954	0.4348	1.2731	2.2078	0.6008	0.3721	0.1533
E	0.9082	1.5058	1.4564	0.1875	1.1725	1.2133	0.6881	1.3644	0.2216
F	0.1173	0.5297	0.4296	1.1861	0.649	0.6324	1.7914	1.0087	0.573
G	0.4234	0.4851	0.5576	0.1239	0.5646	0.4995	0.7214	0.6413	0.1034
H	2.9127	1.157	0.4465	0.2307	1.0693	0.6801	0.7282	0.4792	0.414
I	0.3678	0.8759	0.9961	1.9181	0.9344	1.5421	1.2159	1.5132	0.1845
K	0.1063	1.4439	0.4522	0.218	1.7559	0.1877	0.6846	1.2839	0.8562
L	0.4006	0.6884	1.6628	5.0604	1.0656	0.3992	1.4769	0.9412	0.2399
M	0.2513	0.759	0.7385	3.5345	0.8204	0.9913	0.9167	0.5274	0.2233
N	5.7122	1.0983	1.1199	0.365	1.2733	3.2395	0.7506	0.8409	0.1594
P	0.2069	0.74	0.8008	0.3109	0.9108	0.6986	0.64	0.8466	0.074
Q	0.9373	1.5182	1.026	1.2897	1.3508	0.7322	0.7248	0.8685	0.268
R	0.1323	1.35	0.3295	0.088	1.0617	0.1737	0.4042	0.9653	13.4773
S	2.3766	0.8713	0.7781	0.209	0.6741	1.0007	0.8233	0.9857	0.1157
T	0.6234	1.1368	0.9984	0.4567	1.1923	1.5009	1.0786	1.0411	0.1289
V	0.6695	1.0802	1.5446	0.9919	0.7103	1.5818	1.2755	1.1692	0.1567
W	0.0577	0.3599	0.1838	0.1325	0.3119	0.4406	3.1922	0.454	0.123
Y	0.1359	0.8116	0.4027	0.3395	1.0383	0.4205	2.4644	0.8701	0.3399

pepL	alpha	w_s
12	99.5307	0.083	0.1488	0	0.3949	0.3734	0.3191	0.2311	0	0.3551	0.0947
13	98.9575	0.0263	0.0764	0.2382	0.4675	0.1916	0.2986	0.3626	0.1368	0.1653	0.0367
14	98.3294	0.0043	0.0259	0.161	0	0.4702	0.2977	0.0409	0.075	0.4753	0.3062	0	0.0775	0.0543	0.0116
15	98.0139	0.0017	0.0096	0.0839	0.376	0.4093	0.0998	0.0197	0.0247	0.1824	0.5409	0.1811	0.0376	0.0237	0.0096
16	98.2233	8e-04	0.0022	0.03	0.2337	0	0.5219	0.1563	0.0471	0.0079	0.0142	0.0382	0.3427	0.4747	0	0.0918	0.02	0.0102	0.0081
17	98.735	8e-04	0.0019	0.0146	0.1152	0.4293	0.2806	0.114	0.0363	0.0072	0.013	0.0234	0.1237	0.5223	0.2209	0.0523	0.0192	0.0136	0.0115
18	99.2174	5e-04	0.0013	0.0066	0.0433	0.2908	0	0.3312	0.218	0.0767	0.0267	0.005	0.0144	0.0207	0.0564	0.2371	0.44	0	0.1507	0.0358	0.016	0.0144	0.0144
19	99.5133	0.001	0.0012	0.0074	0.029	0.145	0.2323	0.2918	0.1844	0.0762	0.0263	0.0055	0.0246	0.0328	0.0639	0.1615	0.2563	0.2441	0.1005	0.0409	0.0246	0.026	0.0246
20	99.691	0.001	0.0012	0.0048	0.0176	0.0704	0.1449	0	0.2809	0.2454	0.1596	0.0505	0.0192	0.0045	0.0326	0.0347	0.0601	0.0749	0.1659	0.2018	0	0.2124	0.0812	0.0389	0.0326	0.0326	0.0326
21	99.7886	0.0013	0.002	0.0054	0.0189	0.0569	0.1038	0.1383	0.2554	0.2215	0.1327	0.043	0.0166	0.0041	0.0457	0.0457	0.0575	0.0991	0.1287	0.1376	0.0991	0.1258	0.0724	0.0516	0.0457	0.0457	0.0457
