Allele	DPA1_01_03__DPB1_27_01
Type	Standard
n_specificities	2
npep_u	0.976	0.024
npep_t	5000	5000
spec_ids	1	-1
L_core	9
L_N	0
L_C	0
CS_perL	1
pepL_lower	12
pepL_upper	21
n_diff_aa	20

PWM_norm.1	P1	P2	P3	P4	P5	P6	P7	P8	P9
A	0.1372	1.4085	1.5855	0.9888	1.4805	5.9812	1.8459	1.0447	0.2355
C	0.0329	0.2063	0.2114	0.0992	0.1551	0.4057	0.4023	0.1682	0.0265
D	0.0737	0.9616	0.9642	1.5352	0.8355	0.0775	0.5048	1.1475	7.5912
E	0.0804	1.305	0.3794	4.0618	0.9393	0.1314	1.7278	1.8093	6.7203
F	0.5933	0.8772	1.8278	0.1425	0.6746	0.3292	0.566	0.4398	0.2738
G	0.0593	0.4413	1.892	0.2588	0.3952	0.9748	0.5926	0.5621	0.1836
H	0.4348	1.2262	1.2685	0.296	0.4944	0.0881	0.7062	0.7571	0.6014
I	0.2547	1.438	0.5562	1.099	1.4834	1.0465	0.9534	0.8391	0.0894
K	0.713	1.0157	0.3484	0.1495	1.1882	0.0769	0.7054	1.4017	0.1199
L	0.2413	0.9775	0.4135	0.3029	1.6943	0.4088	1.6923	0.7129	0.1124
M	0.1628	0.8674	0.7004	0.2943	0.8988	0.21	1.0584	0.4952	0.1134
N	0.1074	0.7709	0.8708	0.5581	0.8694	0.1532	1.4598	1.1898	0.2166
P	0.0567	0.0704	0.4409	0.1767	1.0489	2.6791	0.4148	1.0294	0.0655
Q	0.268	1.1553	0.7608	0.5894	0.9269	0.0907	1.4846	1.2886	0.3728
R	14.4019	1.0208	0.2825	0.0718	0.7405	0.0431	0.545	1.6462	0.0767
S	0.0752	0.8087	1.4462	1.7055	0.5705	0.9374	0.6499	0.8444	0.1592
T	0.1072	1.0437	0.8128	2.8033	0.9524	0.5135	0.5963	0.9454	0.1465
V	0.1622	1.6549	1.2447	1.2851	1.4597	1.5959	1.3309	0.9242	0.1137
W	0.0796	1.7998	3.568	0.089	0.1948	0.0718	0.3342	0.4411	0.0927
Y	0.3082	1.4545	3.617	0.0834	1.1607	0.2362	0.5234	0.8371	0.2701

PWM_norm.2	P9	P8	P7	P6	P5	P4	P3	P2	P1
A	0.3437	1.1379	2.45	6.1564	1.2756	1.0278	1.4257	1.371	0.4191
C	0.0821	0.2591	0.4184	0.4239	0.1296	0.1113	0.2671	0.2243	0.0597
D	5.1355	1.2235	0.3926	0.0815	0.7973	1.2047	0.941	0.9349	0.1395
E	6.71	1.7883	1.1487	0.1387	0.9954	4.2732	0.4527	1.3538	0.2103
F	0.3124	0.705	0.4099	0.4242	0.6894	0.1316	1.847	0.8578	0.4906
G	0.4418	0.5301	0.4321	1.011	0.4304	0.2428	1.6812	0.5028	0.0984
H	0.5604	0.8619	0.6435	0.0953	0.5081	0.2963	1.3119	1.2282	0.3985
I	0.3113	0.8012	1.2191	0.9409	1.693	0.881	0.6692	1.4097	0.1833
K	0.3241	1.4117	0.5562	0.0888	1.3492	0.1883	0.428	1.0057	0.8013
L	0.1776	0.6738	1.3422	0.4357	1.6168	0.3094	0.5209	0.9638	0.2247
M	0.2454	0.643	0.8557	0.2033	0.9304	0.3256	0.7827	0.8689	0.1904
N	0.3749	1.1715	0.6491	0.1522	0.8031	0.6034	0.8797	0.7889	0.1558
P	0.1743	0.8269	1.1604	2.6849	0.9993	0.1964	0.4849	0.1209	0.0643
Q	0.5494	1.4084	0.7258	0.1144	0.9013	0.5756	0.8172	1.1708	0.2619
R	0.2429	1.4797	0.5029	0.0497	0.7456	0.0841	0.322	1.0354	13.7805
S	0.2704	0.8316	0.6216	0.8579	0.5399	1.7319	1.2819	0.8419	0.1136
T	0.3739	0.9163	1.2618	0.5063	1.0206	2.9272	0.8982	1.0472	0.1198
V	0.2753	1.0253	2.1404	1.4021	1.4922	1.175	1.2869	1.6331	0.1449
W	0.1364	0.3792	0.277	0.0976	0.2248	0.0768	3.5331	1.4894	0.0956
Y	0.2809	0.664	0.4297	0.1901	1.1961	0.0817	3.4166	1.318	0.2515

pepL	alpha	w_s
12	99.5307	0.083	0.1488	0	0.3949	0.3733	0.3191	0.2311	0	0.3551	0.0947
13	98.9574	0.0263	0.0764	0.2382	0.4675	0.1916	0.2986	0.3626	0.1368	0.1653	0.0367
14	98.3293	0.0043	0.0259	0.161	0	0.4702	0.2976	0.0409	0.075	0.4753	0.3062	0	0.0775	0.0543	0.0116
15	98.0138	0.0017	0.0096	0.0839	0.3761	0.4093	0.0998	0.0197	0.0247	0.1824	0.5409	0.1811	0.0376	0.0237	0.0096
16	98.2233	8e-04	0.0022	0.03	0.2337	0	0.522	0.1562	0.0472	0.0079	0.0142	0.0382	0.3427	0.4747	0	0.0918	0.02	0.0102	0.0081
17	98.7349	8e-04	0.0019	0.0146	0.1152	0.4294	0.2806	0.114	0.0362	0.0072	0.013	0.0234	0.1237	0.5223	0.2209	0.0523	0.0192	0.0136	0.0115
18	99.2174	5e-04	0.0013	0.0066	0.0433	0.2908	0	0.3312	0.218	0.0767	0.0267	0.005	0.0144	0.0207	0.0564	0.2371	0.44	0	0.1507	0.0358	0.016	0.0144	0.0144
19	99.5134	0.001	0.0012	0.0074	0.029	0.145	0.2323	0.2917	0.1843	0.0762	0.0263	0.0055	0.0246	0.0328	0.0639	0.1615	0.2563	0.2441	0.1005	0.0409	0.0246	0.026	0.0246
20	99.6911	0.001	0.0012	0.0048	0.0176	0.0704	0.1449	0	0.2809	0.2453	0.1596	0.0505	0.0192	0.0045	0.0326	0.0347	0.0601	0.0749	0.1659	0.2018	0	0.2124	0.0812	0.0389	0.0326	0.0326	0.0326
21	99.7886	0.0013	0.002	0.0054	0.0189	0.0569	0.1038	0.1384	0.2552	0.2215	0.1327	0.043	0.0166	0.0041	0.0457	0.0457	0.0575	0.0991	0.1287	0.1376	0.0991	0.1258	0.0724	0.0516	0.0457	0.0457	0.0457
