Allele	DPA1_01_03__DPB1_04_02
Type	Standard
n_specificities	1
npep_u	1
npep_t	11584
spec_ids	1
L_core	9
L_N	0
L_C	0
CS_perL	1
pepL_lower	12
pepL_upper	21
n_diff_aa	20

PWM_norm.1	P1	P2	P3	P4	P5	P6	P7	P8	P9
A	0.2296	1.5577	1.4186	0.7465	1.1408	0.0969	1.1641	1.0118	1.5437
C	0.0144	0.2186	0.1086	0.1517	0.2259	0.0129	0.2189	0.2058	0.7746
D	0.0136	0.7434	0.8772	1.2679	1.0932	0.0098	0.2774	1.0071	0.735
E	0.0953	1.0919	0.3917	3.4646	1.3125	0.0159	1.9661	1.4266	0.2284
F	7.9851	0.7498	1.6771	0.1391	0.7678	15.2029	0.0989	0.3525	0.3558
G	0.0172	0.5241	1.4033	0.5455	0.5061	0.0225	0.4512	0.4457	0.409
H	0.3255	2.5519	1.7924	0.6605	1.3487	0.2186	0.5074	0.79	0.3271
I	2.7269	1.5426	0.4654	0.829	0.7574	0.7809	0.7301	0.4855	1.8562
K	0.0166	1.0588	0.3867	0.1025	1.3103	0.0188	0.8916	1.801	0.109
L	2.7282	0.9246	0.4331	0.5439	1.1353	1.2901	2.6396	0.5787	1.305
M	1.8253	0.7038	0.3832	0.368	0.4117	0.9289	0.3777	0.5187	0.9546
N	0.1102	0.9486	1.0699	0.9627	1.6761	0.0133	1.4819	1.6292	1.8159
P	0.0268	0.0288	0.5512	0.2351	0.9385	0.1875	0.0165	1.3799	0.1709
Q	0.2575	1.2109	0.8869	0.8954	1.4116	0.0584	1.7746	1.5278	0.1787
R	0.0298	0.9648	0.4182	0.087	0.6287	0.0128	0.3849	1.5463	0.0651
S	0.0564	0.7393	1.7144	1.5242	0.8774	0.0775	0.7032	0.8046	1.7631
T	0.079	1.4032	1.1817	2.6961	1.544	0.0575	0.6418	1.3049	2.0481
V	1.0514	1.3879	1.0865	1.4978	0.5172	0.3685	1.7142	0.8948	3.1343
W	3.6192	0.8434	2.3665	0.1622	0.2472	3.4633	0.1064	0.2744	0.0922
Y	4.5621	1.1748	3.6651	0.3256	1.1309	6.5822	0.101	0.6233	0.0945

pepL	alpha	w_s
12	99.5307	0.083	0.1488	0	0.3949	0.3734
13	98.9575	0.0263	0.0764	0.2382	0.4675	0.1916
14	98.3294	0.0043	0.0259	0.161	0	0.4702	0.2977	0.0409
15	98.0139	0.0017	0.0096	0.0839	0.376	0.4093	0.0998	0.0197
16	98.2233	8e-04	0.0022	0.03	0.2337	0	0.5219	0.1563	0.0471	0.0079
17	98.735	8e-04	0.0019	0.0146	0.1152	0.4293	0.2806	0.114	0.0363	0.0072
18	99.2174	5e-04	0.0013	0.0066	0.0433	0.2908	0	0.3312	0.218	0.0767	0.0267	0.005
19	99.5133	0.001	0.0012	0.0074	0.029	0.145	0.2323	0.2918	0.1844	0.0762	0.0263	0.0055
20	99.691	0.001	0.0012	0.0048	0.0176	0.0704	0.1449	0	0.2809	0.2454	0.1596	0.0505	0.0192	0.0045
21	99.7886	0.0013	0.002	0.0054	0.0189	0.0569	0.1038	0.1383	0.2554	0.2215	0.1327	0.043	0.0166	0.0041
