Allele	DPA1_02_01__DPB1_09_01
Type	Standard
n_specificities	2
npep_u	0.891	0.109
npep_t	3755	461
spec_ids	1	-1
L_core	9
L_N	0
L_C	0
CS_perL	1
pepL_lower	12
pepL_upper	21
n_diff_aa	20

PWM_norm.1	P1	P2	P3	P4	P5	P6	P7	P8	P9
A	0.0436	1.4414	1.5975	1.5631	1.0361	5.9368	0.6592	1.3473	0.7494
C	0.0202	0.1402	0.1401	0.0336	0.1389	0.4226	0.0616	0.1367	0.515
D	0.0409	0.4193	0.724	0.4878	0.5707	0.1524	0.2977	0.7329	0.1607
E	0.0465	1.1885	0.6693	0.7671	1.0303	0.1131	0.8817	1.8939	0.2453
F	0.3502	1.0662	1.2285	0.1527	0.9233	0.508	0.7562	0.3579	0.1122
G	0.0318	0.2122	1.6876	0.3372	0.5629	0.8247	0.1774	0.6175	0.0457
H	0.0409	0.3629	0.293	1.1694	0.7917	0.036	2.9827	0.8154	0.0215
I	0.0694	1.3569	1.097	2.5735	1.7062	1.207	0.4732	1.3193	3.0303
K	13.6273	1.0282	0.2529	2.3432	1.1122	0.0427	2.5942	1.1287	0.0262
L	0.1542	1.9128	0.7123	0.3998	1.4843	0.3155	1.4223	0.7706	4.5446
M	0.0838	1.2101	0.7915	0.7336	0.7288	0.1412	0.3887	0.3712	0.8425
N	0.0565	0.8452	1.0626	0.6832	1.0832	0.065	1.4105	1.395	0.1693
P	0.0207	0.0245	0.7835	0.7692	0.9353	1.6675	0.0704	0.9571	0.0136
Q	0.0647	0.6412	0.5314	0.6441	0.9918	0.0237	4.1511	1.2046	0.2801
R	2.6452	0.8103	0.1101	0.23	0.3291	0.025	1.4078	0.9964	0.0227
S	0.0309	0.5958	1.2802	2.0042	0.6697	0.7464	0.2537	0.8724	0.3274
T	0.0501	1.254	1.054	1.204	1.5778	0.6634	0.36	1.2268	0.7277
V	0.0924	1.8861	2.0095	1.5691	1.459	3.1216	0.6864	0.8948	3.5692
W	0.0652	0.965	2.8338	0.1718	0.1132	0.0227	0.813	0.1109	0.0262
Y	0.0846	1.7259	2.0012	0.1756	1.4383	0.1937	0.5683	1.198	0.0602

PWM_norm.2	P9	P8	P7	P6	P5	P4	P3	P2	P1
A	0.3536	1.432	1.1684	4.9952	0.7075	2.6028	1.053	2.1481	0.3518
C	0.2172	0.5036	0.5409	0.5771	0.5162	0.3728	0.1964	0.2892	0.1303
D	0.2072	1.2975	0.1747	0.2087	0.5446	0.2224	0.4081	0.2285	0.2523
E	0.6552	2.097	0.2473	0.2301	1.0585	0.562	1.0525	0.9771	0.2795
F	0.8915	0.7821	0.2544	2.7334	0.6638	0.2314	2.8442	0.7148	0.4914
G	0.2247	0.5615	0.1659	1.498	0.8671	0.306	0.2186	0.4875	0.313
H	0.2025	1.5128	2.178	0.2294	0.6728	4.494	0.4647	0.1868	0.2364
I	4.3833	0.6575	2.5631	1.1495	2.2599	1.2152	0.8713	2.8962	0.2537
K	0.1822	1.3093	1.2692	0.222	1.9614	2.0543	0.9204	0.6947	11.8805
L	4.7142	0.49	0.8011	0.6155	1.1516	0.5474	2.6955	0.5708	0.3836
M	2.5272	0.339	0.6288	0.4418	1.4165	1.9652	0.8368	0.2895	0.2306
N	0.2892	0.6034	0.2369	0.2641	0.5876	0.6226	0.2715	1.0034	0.3409
P	0.0748	0.1119	1.1942	0.542	0.9368	0.1126	0.2655	2.04	0.1283
Q	0.1559	3.2486	0.3717	0.1368	1.0715	0.61	0.6038	0.6815	0.3158
R	0.1349	0.4686	1.4328	0.1474	0.4673	0.3916	0.1845	0.3954	0.7654
S	0.1074	0.5476	0.2886	0.3549	0.4779	1.3332	0.7532	1.3622	0.574
T	0.4136	1.2585	1.9541	1.2972	1.2202	0.7099	1.2756	0.7418	0.2281
V	1.1275	1.2243	3.2474	1.8095	1.3372	1.6285	0.9651	1.2968	0.1809
W	0.321	0.1495	0.7417	0.1692	0.1653	0.8967	1.7082	0.7372	0.1351
Y	0.3313	0.4434	0.3813	0.425	1.4098	0.2841	1.8361	0.4228	0.2144

pepL	alpha	w_s
12	99.5307	0.083	0.1488	0	0.3949	0.3734	0.3191	0.2311	0	0.3551	0.0947
13	98.9575	0.0263	0.0764	0.2382	0.4675	0.1916	0.2986	0.3626	0.1368	0.1653	0.0367
14	98.3294	0.0043	0.0259	0.161	0	0.4702	0.2977	0.0409	0.075	0.4753	0.3062	0	0.0775	0.0543	0.0116
15	98.0139	0.0017	0.0096	0.0839	0.376	0.4093	0.0998	0.0197	0.0247	0.1824	0.5409	0.1811	0.0376	0.0237	0.0096
16	98.2233	8e-04	0.0022	0.03	0.2337	0	0.5219	0.1563	0.0471	0.0079	0.0142	0.0382	0.3427	0.4747	0	0.0918	0.02	0.0102	0.0081
17	98.735	8e-04	0.0019	0.0146	0.1152	0.4293	0.2806	0.114	0.0363	0.0072	0.013	0.0234	0.1237	0.5223	0.2209	0.0523	0.0192	0.0136	0.0115
18	99.2174	5e-04	0.0013	0.0066	0.0433	0.2908	0	0.3312	0.218	0.0767	0.0267	0.005	0.0144	0.0207	0.0564	0.2371	0.44	0	0.1507	0.0358	0.016	0.0144	0.0144
19	99.5133	0.001	0.0012	0.0074	0.029	0.145	0.2323	0.2918	0.1844	0.0762	0.0263	0.0055	0.0246	0.0328	0.0639	0.1615	0.2563	0.2441	0.1005	0.0409	0.0246	0.026	0.0246
20	99.691	0.001	0.0012	0.0048	0.0176	0.0704	0.1449	0	0.2809	0.2454	0.1596	0.0505	0.0192	0.0045	0.0326	0.0347	0.0601	0.0749	0.1659	0.2018	0	0.2124	0.0812	0.0389	0.0326	0.0326	0.0326
21	99.7886	0.0013	0.002	0.0054	0.0189	0.0569	0.1038	0.1383	0.2554	0.2215	0.1327	0.043	0.0166	0.0041	0.0457	0.0457	0.0575	0.0991	0.1287	0.1376	0.0991	0.1258	0.0724	0.0516	0.0457	0.0457	0.0457
