Allele	DPA1_02_07__DPB1_109_01
Type	Standard
n_specificities	1
npep_u	1
npep_t	5000
spec_ids	1
L_core	9
L_N	0
L_C	0
CS_perL	1
pepL_lower	12
pepL_upper	21
n_diff_aa	20

PWM_norm.1	P1	P2	P3	P4	P5	P6	P7	P8	P9
A	0.1416	1.4102	1.589	1.3719	1.1455	5.2197	0.8688	1.3929	2.0177
C	0.0534	0.1874	0.2185	0.0986	0.1922	0.4527	0.1834	0.1648	0.1608
D	0.0357	0.9491	0.9286	0.4383	0.7017	0.0756	0.3118	0.8155	1.4146
E	0.0648	1.3105	0.3778	1.2644	1.0817	0.1297	1.0313	1.5579	0.955
F	6.9582	0.8762	1.8035	0.3699	0.6727	0.1041	0.5912	0.4171	0.1192
G	0.0482	0.4448	1.8808	0.3352	0.4708	0.6924	0.2155	0.5194	0.4306
H	0.147	1.1878	1.2825	2.9029	0.5497	0.0629	3.0184	0.9576	2.9094
I	2.781	1.4663	0.5578	1.0872	1.6153	2.1863	0.6893	0.9771	0.3107
K	0.214	1.0207	0.359	3.0145	1.1857	0.0698	2.0202	1.4241	0.1003
L	2.2999	1.0108	0.4188	0.368	1.6259	0.8355	1.2572	0.7134	0.389
M	2.0243	0.8326	0.7109	0.411	0.8369	0.515	0.5016	0.6522	0.2487
N	0.0953	0.7516	0.8847	1.0205	0.9856	0.0823	1.5672	1.1672	5.8039
P	0.0413	0.069	0.4658	0.2544	0.8648	1.692	0.1933	0.934	0.2281
Q	0.1002	1.1222	0.7425	0.9975	1.102	0.0588	3.7444	1.2856	0.9035
R	0.0466	1.0122	0.3035	0.5821	0.5607	0.0519	1.5046	1.3797	0.1406
S	0.0496	0.8119	1.4274	1.4503	0.5762	0.7724	0.3098	0.929	2.3516
T	0.086	1.0358	0.8491	1.4156	1.2702	0.4555	0.3953	1.1016	0.6409
V	1.0398	1.6822	1.2644	1.0872	1.5099	2.7413	0.7844	1.0323	0.6325
W	2.8208	1.7064	3.5258	0.5375	0.1731	0.0241	0.604	0.3216	0.0685
Y	7.8691	1.4466	3.5327	0.3731	1.2933	0.0792	0.644	0.8037	0.1138

pepL	alpha	w_s
12	99.5307	0.083	0.1488	0	0.3949	0.3734
13	98.9575	0.0263	0.0764	0.2382	0.4675	0.1916
14	98.3294	0.0043	0.0259	0.161	0	0.4702	0.2977	0.0409
15	98.0139	0.0017	0.0096	0.0839	0.376	0.4093	0.0998	0.0197
16	98.2233	8e-04	0.0022	0.03	0.2337	0	0.5219	0.1563	0.0471	0.0079
17	98.735	8e-04	0.0019	0.0146	0.1152	0.4293	0.2806	0.114	0.0363	0.0072
18	99.2174	5e-04	0.0013	0.0066	0.0433	0.2908	0	0.3312	0.218	0.0767	0.0267	0.005
19	99.5133	0.001	0.0012	0.0074	0.029	0.145	0.2323	0.2918	0.1844	0.0762	0.0263	0.0055
20	99.691	0.001	0.0012	0.0048	0.0176	0.0704	0.1449	0	0.2809	0.2454	0.1596	0.0505	0.0192	0.0045
21	99.7886	0.0013	0.002	0.0054	0.0189	0.0569	0.1038	0.1383	0.2554	0.2215	0.1327	0.043	0.0166	0.0041
