Allele	DPA1_03_01__DPB1_734_01
Type	Standard
n_specificities	1
npep_u	1
npep_t	5000
spec_ids	1
L_core	9
L_N	0
L_C	0
CS_perL	1
pepL_lower	12
pepL_upper	21
n_diff_aa	20

PWM_norm.1	P1	P2	P3	P4	P5	P6	P7	P8	P9
A	0.1369	1.4102	1.589	1.1439	0.9597	0.7197	1.3343	1.3929	1.5228
C	0.0475	0.1874	0.2185	0.1637	0.2236	0.2222	0.2811	0.1648	0.9011
D	0.0381	0.9491	0.9286	1.5845	1.3314	0.0699	0.3979	0.8155	0.5995
E	0.0663	1.3105	0.3778	3.9395	1.0828	0.1435	2.1271	1.5579	0.3096
F	7.978	0.8762	1.8035	0.1366	0.6551	1.9782	0.2486	0.4171	0.3981
G	0.0446	0.4448	1.8808	0.4046	0.5076	0.1202	0.6028	0.5194	0.4045
H	0.26	1.1878	1.2825	0.4935	1.2306	0.2713	0.7347	0.9576	0.4228
I	2.7937	1.4663	0.5578	1.0174	0.8669	3.8067	0.8935	0.9771	2.0128
K	0.0387	1.0207	0.359	0.2021	1.597	0.062	0.7556	1.4241	0.0944
L	2.4635	1.0108	0.4188	0.3114	1.2186	3.0263	2.1284	0.7134	1.5269
M	1.6373	0.8326	0.7109	0.3135	0.7021	4.6866	0.752	0.6522	0.9102
N	0.0859	0.7516	0.8847	1.02	1.1783	0.2045	1.7918	1.1672	1.8733
P	0.0356	0.069	0.4658	0.204	0.9407	0.3072	0.2532	0.934	0.1991
Q	0.1471	1.1222	0.7425	0.8004	1.4036	0.2569	1.3883	1.2856	0.292
R	0.0899	1.0122	0.3035	0.101	0.9522	0.0614	0.4469	1.3797	0.1014
S	0.0511	0.8119	1.4274	1.5237	0.7631	0.2659	0.7383	0.929	1.3756
T	0.085	1.0358	0.8491	2.165	1.0519	0.4018	0.5686	1.1016	1.7169
V	0.9266	1.6822	1.2644	1.2442	0.9259	2.6858	1.3112	1.0323	3.1647
W	3.5611	1.7064	3.5258	0.146	0.3129	0.2974	0.1632	0.3216	0.1395
Y	6.2205	1.4466	3.5327	0.1147	1.1182	0.9652	0.2808	0.8037	0.3142

pepL	alpha	w_s
12	99.5307	0.083	0.1488	0	0.3949	0.3734
13	98.9575	0.0263	0.0764	0.2382	0.4675	0.1916
14	98.3294	0.0043	0.0259	0.161	0	0.4702	0.2977	0.0409
15	98.0139	0.0017	0.0096	0.0839	0.376	0.4093	0.0998	0.0197
16	98.2233	8e-04	0.0022	0.03	0.2337	0	0.5219	0.1563	0.0471	0.0079
17	98.735	8e-04	0.0019	0.0146	0.1152	0.4293	0.2806	0.114	0.0363	0.0072
18	99.2174	5e-04	0.0013	0.0066	0.0433	0.2908	0	0.3312	0.218	0.0767	0.0267	0.005
19	99.5133	0.001	0.0012	0.0074	0.029	0.145	0.2323	0.2918	0.1844	0.0762	0.0263	0.0055
20	99.691	0.001	0.0012	0.0048	0.0176	0.0704	0.1449	0	0.2809	0.2454	0.1596	0.0505	0.0192	0.0045
21	99.7886	0.0013	0.002	0.0054	0.0189	0.0569	0.1038	0.1383	0.2554	0.2215	0.1327	0.043	0.0166	0.0041
