Allele	DPA1_01_03__DPB1_01_01
Type	Standard
n_specificities	2
npep_u	0.924	0.076
npep_t	4945	409
spec_ids	1	-1
L_core	9
L_N	0
L_C	0
CS_perL	1
pepL_lower	12
pepL_upper	21
n_diff_aa	20

PWM_norm.1	P1	P2	P3	P4	P5	P6	P7	P8	P9
A	0.191	1.5505	1.6175	1.3014	0.699	0.7138	1.8897	1.293	0.2718
C	0.0173	0.0513	0.0433	0.0603	0.0684	0.0319	0.0354	0.1951	0.0152
D	0.0245	0.5447	0.6439	1.753	1.3198	0.0427	0.2276	1.1471	6.8994
E	0.1131	1.1687	0.5387	1.7176	0.8422	0.3088	1.5708	1.4418	6.4098
F	1.3934	0.5341	1.2748	0.1365	0.6359	8.5208	0.0649	0.5794	1.0865
G	0.0472	0.8332	1.1652	1.0413	0.814	0.0423	0.6761	0.5023	0.2031
H	0.9942	0.8217	1.5006	1.1856	1.6069	0.4186	0.4832	0.4875	0.6134
I	0.8738	1.4474	1.1854	0.9062	0.9959	0.9186	0.6675	0.606	0.1065
K	1.5381	1.1006	0.3453	0.0863	1.298	0.0441	0.3408	1.36	0.0463
L	0.6199	1.1249	0.8374	0.5535	1.1096	1.736	1.6941	0.708	0.2121
M	0.2398	0.5828	0.8934	0.3182	0.4573	0.9838	1.3619	0.8815	0.0865
N	0.1357	1.4917	0.7337	0.9723	0.4963	0.3064	1.7304	0.9386	0.1885
P	0.1436	0.3548	0.7652	1.9286	0.8593	0.6425	0.496	0.8912	0.0677
Q	0.6073	0.7217	0.7593	0.7419	1.6754	0.4227	0.9453	1.4295	0.4808
R	10.1171	1.1409	0.3819	0.1734	0.7906	0.0179	0.3764	1.6277	0.0276
S	0.148	0.729	1.3039	1.2865	1.0932	0.2419	1.2086	0.9109	0.1896
T	0.256	1.2786	1.5313	1.4206	1.0449	0.5241	0.86	1.0126	0.2385
V	0.4977	1.2886	1.2943	1.6773	1.5423	1.0085	2.1326	1.0352	0.1518
W	0.0552	0.5089	0.8198	0.0166	0.7991	4.0168	0.0183	0.2967	0.229
Y	1.3144	1.7932	2.686	0.0797	0.8681	5.4743	0.1112	1.4907	0.4345

PWM_norm.2	P9	P8	P7	P6	P5	P4	P3	P2	P1
A	0.7198	2.3021	2.6236	0.4796	1.4858	1.625	0.7506	2.3944	3.1831
C	0.1472	0.203	0.2479	0.2026	0.1747	0.18	0.1767	0.1878	0.1912
D	2.1604	0.4492	0.4077	0.2772	0.4121	3.254	0.5476	0.2853	0.4994
E	5.9756	1.4739	0.228	0.6723	1.6667	2.3751	1.1024	2.2261	1.4199
F	0.173	0.5025	0.8022	1.2089	0.6148	0.233	1.1858	1.1383	0.4361
G	0.8169	0.7697	0.2312	0.1582	2.135	0.2386	0.2554	0.528	0.33
H	0.2757	0.6945	0.408	1.3101	0.2704	0.2528	1.0594	0.243	0.2574
I	0.5682	0.461	0.9064	0.9768	0.3713	0.7665	1.9626	0.6077	0.2918
K	0.5931	2.203	0.8975	1.2517	0.6341	0.4513	2.7773	2.1305	2.2047
L	0.2825	0.4994	0.9692	3.871	0.1968	0.2766	0.8686	1.1031	0.5053
M	0.2215	1.1525	1.0542	1.4525	2.5582	0.2346	1.5965	0.303	0.5052
N	0.3774	1.1012	0.3256	0.2377	1.6106	1.5198	2.1499	0.3023	0.4148
P	0.4143	0.478	1.6245	0.9604	0.7528	1.3406	1.1644	0.2171	0.124
Q	0.5187	1.1376	0.5077	2.2237	1.7626	1.326	0.937	0.5681	0.2758
R	1.0512	0.9116	0.201	0.2332	2.2358	0.7963	0.9815	2.874	4.4765
S	0.5107	1.2751	0.9476	0.4229	0.337	1.1714	0.329	0.4029	0.392
T	0.8652	0.5085	2.6956	0.3905	0.5672	0.7007	0.2399	0.6705	0.3466
V	0.5424	1.0124	1.9363	0.502	0.6544	0.6886	1.064	0.2803	0.5845
W	0.1425	0.1672	0.3264	0.1795	0.1804	0.1324	0.1752	0.1656	0.1692
Y	0.2035	1.0329	0.615	0.3057	1.5257	0.2055	1.0702	0.2608	1.0225

pepL	alpha	w_s
12	99.5307	0.083	0.1488	0	0.3949	0.3734	0.3191	0.2311	0	0.3551	0.0947
13	98.9575	0.0263	0.0764	0.2382	0.4675	0.1916	0.2986	0.3626	0.1368	0.1653	0.0367
14	98.3294	0.0043	0.0259	0.161	0	0.4702	0.2977	0.0409	0.075	0.4753	0.3062	0	0.0775	0.0543	0.0116
15	98.0139	0.0017	0.0096	0.0839	0.376	0.4093	0.0998	0.0197	0.0247	0.1824	0.5409	0.1811	0.0376	0.0237	0.0096
16	98.2233	8e-04	0.0022	0.03	0.2337	0	0.5219	0.1563	0.0471	0.0079	0.0142	0.0382	0.3427	0.4747	0	0.0918	0.02	0.0102	0.0081
17	98.735	8e-04	0.0019	0.0146	0.1152	0.4293	0.2806	0.114	0.0363	0.0072	0.013	0.0234	0.1237	0.5223	0.2209	0.0523	0.0192	0.0136	0.0115
18	99.2174	5e-04	0.0013	0.0066	0.0433	0.2908	0	0.3312	0.218	0.0767	0.0267	0.005	0.0144	0.0207	0.0564	0.2371	0.44	0	0.1507	0.0358	0.016	0.0144	0.0144
19	99.5133	0.001	0.0012	0.0074	0.029	0.145	0.2323	0.2918	0.1844	0.0762	0.0263	0.0055	0.0246	0.0328	0.0639	0.1615	0.2563	0.2441	0.1005	0.0409	0.0246	0.026	0.0246
20	99.691	0.001	0.0012	0.0048	0.0176	0.0704	0.1449	0	0.2809	0.2454	0.1596	0.0505	0.0192	0.0045	0.0326	0.0347	0.0601	0.0749	0.1659	0.2018	0	0.2124	0.0812	0.0389	0.0326	0.0326	0.0326
21	99.7886	0.0013	0.002	0.0054	0.0189	0.0569	0.1038	0.1383	0.2554	0.2215	0.1327	0.043	0.0166	0.0041	0.0457	0.0457	0.0575	0.0991	0.1287	0.1376	0.0991	0.1258	0.0724	0.0516	0.0457	0.0457	0.0457
