Allele	DPA1_03_01__DPB1_138_01
Type	Standard
n_specificities	1
npep_u	1
npep_t	5000
spec_ids	1
L_core	9
L_N	0
L_C	0
CS_perL	1
pepL_lower	12
pepL_upper	21
n_diff_aa	20

PWM_norm.1	P1	P2	P3	P4	P5	P6	P7	P8	P9
A	0.1262	1.4085	1.5855	1.1724	0.9935	0.6812	1.3296	1.0447	0.7023
C	0.0471	0.2063	0.2114	0.1698	0.2302	0.1703	0.2471	0.1682	0.3966
D	0.0371	0.9616	0.9642	1.6338	1.2982	0.0675	0.3812	1.1475	0.6874
E	0.0658	1.305	0.3794	3.7843	1.0499	0.1648	2.2204	1.8093	0.4582
F	8.0451	0.8772	1.8278	0.1646	0.6909	1.805	0.2322	0.4398	1.1886
G	0.0441	0.4413	1.892	0.4735	0.4944	0.1292	0.55	0.5621	0.2293
H	0.2648	1.2262	1.2685	0.495	1.2316	0.233	0.6157	0.7571	0.2791
I	2.7954	1.438	0.5562	0.9988	0.8684	3.63	0.875	0.8391	3.9927
K	0.031	1.0157	0.3484	0.1873	1.5995	0.0619	0.6941	1.4017	0.1079
L	2.5535	0.9775	0.4135	0.3217	1.2107	3.1647	2.2971	0.7129	2.7325
M	1.5707	0.8674	0.7004	0.3119	0.704	4.53	0.6888	0.4952	1.7534
N	0.0775	0.7709	0.8708	0.9835	1.1804	0.2714	1.7679	1.1898	0.3485
P	0.0321	0.0704	0.4409	0.1962	0.9443	0.3218	0.235	1.0294	0.1464
Q	0.1412	1.1553	0.7608	0.775	1.4004	0.2719	1.44	1.2886	0.221
R	0.0765	1.0208	0.2825	0.0945	0.9425	0.061	0.3823	1.6462	0.1013
S	0.0476	0.8087	1.4462	1.5519	0.7613	0.2569	0.7042	0.8444	0.3544
T	0.0855	1.0437	0.8128	2.1365	1.0754	0.4419	0.537	0.9454	0.8168
V	0.8762	1.6549	1.2447	1.3178	0.9257	2.7054	1.323	0.9242	2.953
W	3.6668	1.7998	3.568	0.1441	0.3159	0.3582	0.1301	0.4411	0.7275
Y	6.0257	1.4545	3.617	0.1154	1.1497	0.9295	0.2361	0.8371	1.0109

pepL	alpha	w_s
12	99.5307	0.083	0.1488	0	0.3949	0.3733
13	98.9574	0.0263	0.0764	0.2382	0.4675	0.1916
14	98.3293	0.0043	0.0259	0.161	0	0.4702	0.2976	0.0409
15	98.0138	0.0017	0.0096	0.0839	0.3761	0.4093	0.0998	0.0197
16	98.2233	8e-04	0.0022	0.03	0.2337	0	0.522	0.1562	0.0472	0.0079
17	98.7349	8e-04	0.0019	0.0146	0.1152	0.4294	0.2806	0.114	0.0362	0.0072
18	99.2174	5e-04	0.0013	0.0066	0.0433	0.2908	0	0.3312	0.218	0.0767	0.0267	0.005
19	99.5134	0.001	0.0012	0.0074	0.029	0.145	0.2323	0.2917	0.1843	0.0762	0.0263	0.0055
20	99.6911	0.001	0.0012	0.0048	0.0176	0.0704	0.1449	0	0.2809	0.2453	0.1596	0.0505	0.0192	0.0045
21	99.7886	0.0013	0.002	0.0054	0.0189	0.0569	0.1038	0.1384	0.2552	0.2215	0.1327	0.043	0.0166	0.0041
