Allele	DPA1_01_14__DPB1_11_01
Type	Standard
n_specificities	2
npep_u	0.987	0.013
npep_t	5000	5000
spec_ids	1	-1
L_core	9
L_N	0
L_C	0
CS_perL	1
pepL_lower	12
pepL_upper	21
n_diff_aa	20

PWM_norm.1	P1	P2	P3	P4	P5	P6	P7	P8	P9
A	0.1385	1.4102	1.589	0.984	1.2323	5.4494	2.6558	1.0692	0.226
C	0.0306	0.1874	0.2185	0.1985	0.1261	0.4046	0.2042	0.1728	0.0269
D	0.0667	0.9491	0.9286	0.2568	0.7908	0.0942	0.3631	1.184	7.5578
E	0.083	1.3105	0.3778	1.5784	1.1959	0.153	1.5595	1.7529	6.6294
F	0.6121	0.8762	1.8035	0.4405	0.5069	0.2969	0.481	0.4482	0.3049
G	0.0622	0.4448	1.8808	0.182	0.2887	1.3651	0.7452	0.5537	0.1905
H	0.4195	1.1878	1.2825	0.3104	0.6706	0.1082	0.5416	0.7365	0.5977
I	0.2531	1.4663	0.5578	2.8116	1.3203	1.0288	1.0829	0.8274	0.101
K	0.8316	1.0207	0.359	0.5639	1.4218	0.0893	0.5765	1.393	0.115
L	0.2456	1.0108	0.4188	2.8113	1.5916	0.4081	1.7097	0.7109	0.1309
M	0.1704	0.8326	0.7109	1.0107	0.6339	0.2425	1.6798	0.4896	0.1404
N	0.1057	0.7516	0.8847	0.3385	1.0256	0.1516	0.9216	1.1909	0.2504
P	0.0603	0.069	0.4658	0.1564	0.8497	2.5275	0.3424	1.0119	0.0721
Q	0.2678	1.1222	0.7425	0.5313	1.0218	0.0954	1.4617	1.2956	0.3981
R	14.2122	1.0122	0.3035	0.2037	0.9387	0.0573	0.4367	1.6622	0.0767
S	0.078	0.8119	1.4274	0.6911	0.6218	1.1183	0.5551	0.864	0.1642
T	0.1126	1.0358	0.8491	1.2116	0.8803	0.5596	0.4614	0.9415	0.1446
V	0.1815	1.6822	1.2644	1.973	1.7457	1.6133	1.328	0.933	0.1245
W	0.0848	1.7064	3.5258	0.2858	0.1476	0.0636	0.1647	0.4326	0.113
Y	0.3501	1.4466	3.5327	0.2766	0.9135	0.1997	0.5128	0.8595	0.2946

PWM_norm.2	P9	P8	P7	P6	P5	P4	P3	P2	P1
A	0.3567	1.1432	2.5553	5.4904	1.201	0.9885	1.4673	1.4058	0.4409
C	0.0796	0.2554	0.1926	0.3991	0.1289	0.2063	0.2241	0.2266	0.0596
D	4.9678	1.2383	0.2941	0.0913	0.7816	0.2638	0.9636	0.9327	0.1533
E	6.6767	1.789	1.5024	0.1894	1.2149	1.8632	0.4329	1.3679	0.2216
F	0.3554	0.6981	0.4084	0.4632	0.4891	0.4201	1.8353	0.841	0.573
G	0.4291	0.526	0.7122	1.2847	0.3166	0.2028	1.7923	0.4972	0.1034
H	0.5721	0.8357	0.6046	0.1553	0.6692	0.3427	1.2834	1.2008	0.414
I	0.3431	0.7785	1.2656	0.9824	1.3277	2.5823	0.5986	1.3917	0.1845
K	0.3412	1.4163	0.4802	0.1325	1.5252	0.5681	0.4026	0.9864	0.8562
L	0.1819	0.6733	1.6767	0.4349	1.5391	2.7378	0.4805	0.9846	0.2399
M	0.2579	0.644	1.7904	0.2417	0.7003	1.0102	0.7241	0.8446	0.2233
N	0.395	1.1764	0.8586	0.1697	0.9605	0.3362	0.8803	0.7813	0.1594
P	0.1724	0.8181	0.6029	2.5826	0.8503	0.1581	0.4408	0.1334	0.074
Q	0.5816	1.3898	1.3985	0.1136	1.0123	0.4504	0.8024	1.1764	0.268
R	0.2537	1.4959	0.3645	0.0871	0.9628	0.1713	0.2989	1.0316	13.4773
S	0.2838	0.8427	0.4955	0.9753	0.62	0.6828	1.3582	0.8414	0.1157
T	0.3813	0.9302	0.5668	0.5935	0.9263	1.2925	0.8723	1.0364	0.1289
V	0.3006	1.0277	1.4546	1.4825	1.692	1.9222	1.2637	1.6339	0.1567
W	0.1268	0.3779	0.2352	0.1223	0.1812	0.256	3.4587	1.3914	0.123
Y	0.2771	0.6423	0.5097	0.2172	0.8876	0.259	3.5769	1.3137	0.3399

pepL	alpha	w_s
12	99.5307	0.083	0.1488	0	0.3949	0.3734	0.3191	0.2311	0	0.3551	0.0947
13	98.9575	0.0263	0.0764	0.2382	0.4675	0.1916	0.2986	0.3626	0.1368	0.1653	0.0367
14	98.3294	0.0043	0.0259	0.161	0	0.4702	0.2977	0.0409	0.075	0.4753	0.3062	0	0.0775	0.0543	0.0116
15	98.0139	0.0017	0.0096	0.0839	0.376	0.4093	0.0998	0.0197	0.0247	0.1824	0.5409	0.1811	0.0376	0.0237	0.0096
16	98.2233	8e-04	0.0022	0.03	0.2337	0	0.5219	0.1563	0.0471	0.0079	0.0142	0.0382	0.3427	0.4747	0	0.0918	0.02	0.0102	0.0081
17	98.735	8e-04	0.0019	0.0146	0.1152	0.4293	0.2806	0.114	0.0363	0.0072	0.013	0.0234	0.1237	0.5223	0.2209	0.0523	0.0192	0.0136	0.0115
18	99.2174	5e-04	0.0013	0.0066	0.0433	0.2908	0	0.3312	0.218	0.0767	0.0267	0.005	0.0144	0.0207	0.0564	0.2371	0.44	0	0.1507	0.0358	0.016	0.0144	0.0144
19	99.5133	0.001	0.0012	0.0074	0.029	0.145	0.2323	0.2918	0.1844	0.0762	0.0263	0.0055	0.0246	0.0328	0.0639	0.1615	0.2563	0.2441	0.1005	0.0409	0.0246	0.026	0.0246
20	99.691	0.001	0.0012	0.0048	0.0176	0.0704	0.1449	0	0.2809	0.2454	0.1596	0.0505	0.0192	0.0045	0.0326	0.0347	0.0601	0.0749	0.1659	0.2018	0	0.2124	0.0812	0.0389	0.0326	0.0326	0.0326
21	99.7886	0.0013	0.002	0.0054	0.0189	0.0569	0.1038	0.1383	0.2554	0.2215	0.1327	0.043	0.0166	0.0041	0.0457	0.0457	0.0575	0.0991	0.1287	0.1376	0.0991	0.1258	0.0724	0.0516	0.0457	0.0457	0.0457
