Allele	DPA1_04_02__DPB1_19_01
Type	Standard
n_specificities	2
npep_u	0.94	0.06
npep_t	5000	5000
spec_ids	1	-1
L_core	9
L_N	0
L_C	0
CS_perL	1
pepL_lower	12
pepL_upper	21
n_diff_aa	20

PWM_norm.1	P1	P2	P3	P4	P5	P6	P7	P8	P9
A	0.1372	1.5125	1.5934	1.1312	0.9404	0.1653	0.7065	1.4324	1.102
C	0.0329	0.3003	0.2346	0.2217	0.2319	0.0383	0.1511	0.1784	0.6158
D	0.0737	0.7152	0.8407	0.3993	1.2955	0.0227	0.2532	0.7275	0.5824
E	0.0804	1.1053	0.5195	0.7621	1.0456	0.0373	1.4353	1.2376	0.3234
F	0.5933	1.1801	1.73	0.5391	0.6734	16.6606	0.3387	0.368	1.9201
G	0.0593	0.2856	1.0927	0.4773	0.5312	0.0555	0.1967	0.7178	0.4725
H	0.4348	0.4711	0.5437	2.5401	1.1783	0.1174	2.8535	1.0985	0.3701
I	0.2547	1.2943	1.6085	1.3471	0.8615	0.5269	0.7271	0.8504	2.9638
K	0.713	1.7423	0.3396	2.9843	1.6292	0.0299	1.8956	1.7568	0.1236
L	0.2413	1.4999	0.8303	0.5594	1.089	0.9846	1.5402	0.61	1.7253
M	0.1628	0.9323	0.6798	0.6457	0.683	0.7232	0.3746	0.4982	1.7079
N	0.1074	0.7916	1.014	1.0511	1.2691	0.075	1.8505	1.3121	0.7407
P	0.0567	0.0669	0.5693	0.4885	1.0599	0.1135	0.1177	1.2628	0.234
Q	0.268	1.1219	0.7168	0.969	1.336	0.0578	3.8148	1.4162	0.2956
R	14.4019	1.0086	0.1617	0.7516	0.9261	0.0283	1.1476	1.2193	0.1433
S	0.0752	0.4599	1.0591	1.1803	0.79	0.093	0.3133	1.1858	0.7705
T	0.1072	0.8943	0.7048	1.2487	1.227	0.1296	0.3603	0.8146	1.1872
V	0.1622	1.3607	2.0309	1.1906	0.8557	0.2939	0.8363	0.6546	2.7948
W	0.0796	1.4701	2.2771	1.0887	0.317	2.93	0.3421	0.3304	0.5437
Y	0.3082	1.7771	3.0759	0.6568	1.2167	6.3337	0.4001	0.911	1.5063

PWM_norm.2	P9	P8	P7	P6	P5	P4	P3	P2	P1
A	1.0528	0.8885	0.7815	0.1424	0.9997	1.1005	0.7613	2.09	0.4191
C	0.5112	0.2456	0.1607	0.0459	0.2459	0.3779	0.1903	0.3367	0.0597
D	0.5021	1.3635	0.2421	0.0321	1.2836	0.6257	0.3558	0.4093	0.1395
E	0.3543	1.4089	1.2814	0.0438	1.1064	0.6659	0.2922	1.359	0.2103
F	1.2237	0.8829	0.3374	16.04	0.6324	0.7049	4.8025	0.9171	0.4906
G	0.4782	0.8799	0.1607	0.0689	0.5803	0.3606	0.6181	0.6098	0.0984
H	0.3218	1.2332	2.9501	0.1289	1.0479	3.6033	0.4542	0.4092	0.3985
I	2.8565	0.8639	0.9872	0.5581	0.9611	1.3405	1.1467	1.6789	0.1833
K	0.1376	1.2676	1.6112	0.06	1.731	2.2472	0.3616	1.1463	0.8013
L	2.5551	0.8548	1.4547	1.1028	1.0163	0.5168	2.2373	1.0844	0.2247
M	1.8194	0.6222	0.353	0.8906	0.7949	0.9741	0.6625	0.5974	0.1904
N	0.5786	1.1289	1.7651	0.0791	1.2429	2.4092	0.4454	0.8359	0.1558
P	0.1882	0.644	0.2338	0.0986	1.0017	0.2493	0.341	0.7492	0.0643
Q	0.4056	1.7996	3.6543	0.0904	1.3113	0.7473	0.3484	0.9076	0.2619
R	0.1793	1.079	1.0287	0.0434	1.0369	0.7644	0.2022	0.8098	13.7805
S	0.5834	0.7954	0.3267	0.0747	0.7141	0.9481	0.7363	0.8362	0.1136
T	0.9458	0.9149	0.5628	0.1474	1.2658	1.0657	1.4191	0.9814	0.1198
V	2.608	0.9712	1.1101	0.2528	0.7449	1.3626	1.0839	1.2163	0.1449
W	0.241	0.8073	0.3052	3.4597	0.3113	1.0418	1.4039	0.4484	0.0956
Y	1.4303	0.8872	0.4806	6.2554	1.1569	0.8333	3.439	0.741	0.2515

pepL	alpha	w_s
12	99.5307	0.083	0.1488	0	0.3949	0.3733	0.3191	0.2311	0	0.3551	0.0947
13	98.9574	0.0263	0.0764	0.2382	0.4675	0.1916	0.2986	0.3626	0.1368	0.1653	0.0367
14	98.3293	0.0043	0.0259	0.161	0	0.4702	0.2976	0.0409	0.075	0.4753	0.3062	0	0.0775	0.0543	0.0116
15	98.0138	0.0017	0.0096	0.0839	0.3761	0.4093	0.0998	0.0197	0.0247	0.1824	0.5409	0.1811	0.0376	0.0237	0.0096
16	98.2233	8e-04	0.0022	0.03	0.2337	0	0.522	0.1562	0.0472	0.0079	0.0142	0.0382	0.3427	0.4747	0	0.0918	0.02	0.0102	0.0081
17	98.7349	8e-04	0.0019	0.0146	0.1152	0.4294	0.2806	0.114	0.0362	0.0072	0.013	0.0234	0.1237	0.5223	0.2209	0.0523	0.0192	0.0136	0.0115
18	99.2174	5e-04	0.0013	0.0066	0.0433	0.2908	0	0.3312	0.218	0.0767	0.0267	0.005	0.0144	0.0207	0.0564	0.2371	0.44	0	0.1507	0.0358	0.016	0.0144	0.0144
19	99.5134	0.001	0.0012	0.0074	0.029	0.145	0.2323	0.2917	0.1843	0.0762	0.0263	0.0055	0.0246	0.0328	0.0639	0.1615	0.2563	0.2441	0.1005	0.0409	0.0246	0.026	0.0246
20	99.6911	0.001	0.0012	0.0048	0.0176	0.0704	0.1449	0	0.2809	0.2453	0.1596	0.0505	0.0192	0.0045	0.0326	0.0347	0.0601	0.0749	0.1659	0.2018	0	0.2124	0.0812	0.0389	0.0326	0.0326	0.0326
21	99.7886	0.0013	0.002	0.0054	0.0189	0.0569	0.1038	0.1384	0.2552	0.2215	0.1327	0.043	0.0166	0.0041	0.0457	0.0457	0.0575	0.0991	0.1287	0.1376	0.0991	0.1258	0.0724	0.0516	0.0457	0.0457	0.0457
