Allele	DPA1_02_09__DPB1_22_01
Type	Standard
n_specificities	2
npep_u	0.565	0.435
npep_t	5000	5000
spec_ids	1	-1
L_core	9
L_N	0
L_C	0
CS_perL	1
pepL_lower	12
pepL_upper	21
n_diff_aa	20

PWM_norm.1	P1	P2	P3	P4	P5	P6	P7	P8	P9
A	0.1003	1.4085	1.5855	0.8455	0.9404	0.1653	0.7065	1.5438	1.3785
C	0.0305	0.2063	0.2114	0.108	0.2319	0.0383	0.1511	0.1549	0.335
D	0.069	0.9616	0.9642	0.2975	1.2955	0.0227	0.2532	0.777	0.7214
E	0.0889	1.305	0.3794	1.0442	1.0456	0.0373	1.4353	1.3361	0.3798
F	0.3389	0.8772	1.8278	0.3483	0.6734	16.6606	0.3387	0.2874	4.9841
G	0.0553	0.4413	1.892	0.306	0.5312	0.0555	0.1967	0.6529	0.5117
H	0.0976	1.2262	1.2685	3.1091	1.1783	0.1174	2.8535	0.8949	0.2462
I	0.1606	1.438	0.5562	0.7856	0.8615	0.5269	0.7271	0.791	1.8241
K	12.9119	1.0157	0.3484	4.4623	1.6292	0.0299	1.8956	1.8537	0.1378
L	0.1302	0.9775	0.4135	0.4036	1.089	0.9846	1.5402	0.5161	1.1314
M	0.1265	0.8674	0.7004	0.3679	0.683	0.7232	0.3746	0.4118	2.4918
N	0.1014	0.7709	0.8708	0.8191	1.2691	0.075	1.8505	1.4571	0.3392
P	0.0408	0.0704	0.4409	0.1791	1.0599	0.1135	0.1177	1.1946	0.3187
Q	0.104	1.1553	0.7608	0.9477	1.336	0.0578	3.8148	1.5402	0.2403
R	2.8675	1.0208	0.2825	0.8231	0.9261	0.0283	1.1476	1.1767	0.1367
S	0.0582	0.8087	1.4462	1.1576	0.79	0.093	0.3133	1.338	0.8879
T	0.0873	1.0437	0.8128	1.5378	1.227	0.1296	0.3603	0.7606	1.341
V	0.1069	1.6549	1.2447	1.0681	0.8557	0.2939	0.8363	0.5587	1.7201
W	0.0476	1.7998	3.568	0.6735	0.317	2.93	0.3421	0.248	1.1005
Y	0.2857	1.4545	3.617	0.4329	1.2167	6.3337	0.4001	0.7668	1.8748

PWM_norm.2	P9	P8	P7	P6	P5	P4	P3	P2	P1
A	1.0686	0.8791	0.7815	0.1424	0.9997	0.769	1.4257	1.371	0.2402
C	0.3665	0.1863	0.1607	0.0459	0.2459	0.1228	0.2671	0.2243	0.0903
D	0.5253	1.6725	0.2421	0.0321	1.2836	0.3547	0.941	0.9349	0.1632
E	0.5357	1.6035	1.2814	0.0438	1.1064	1.1624	0.4527	1.3538	0.206
F	1.7718	0.7985	0.3374	16.04	0.6324	0.3447	1.847	0.8578	0.4182
G	0.9639	0.8331	0.1607	0.0689	0.5803	0.3007	1.6812	0.5028	0.1355
H	0.3323	1.1457	2.9501	0.1289	1.0479	3.0406	1.3119	1.2282	0.1851
I	2.0296	0.7464	0.9872	0.5581	0.9611	0.6759	0.6692	1.4097	0.1947
K	0.2728	1.2467	1.6112	0.06	1.731	4.6052	0.428	1.0057	12.845
L	2.4685	0.8215	1.4547	1.1028	1.0163	0.3772	0.5209	0.9638	0.1844
M	3.4712	0.4634	0.353	0.8906	0.7949	0.3666	0.7827	0.8689	0.196
N	0.355	1.1479	1.7651	0.0791	1.2429	0.9112	0.8797	0.7889	0.3053
P	0.3771	0.4972	0.2338	0.0986	1.0017	0.174	0.4849	0.1209	0.0924
Q	0.7126	2.1222	3.6543	0.0904	1.3113	0.8754	0.8172	1.1708	0.2209
R	0.3597	1.015	1.0287	0.0434	1.0369	0.8928	0.322	1.0354	1.5668
S	0.5371	0.8051	0.3267	0.0747	0.7141	1.1463	1.2819	0.8419	0.1714
T	0.7103	0.9016	0.5628	0.1474	1.2658	1.5068	0.8982	1.0472	0.1575
V	1.2314	0.9627	1.1101	0.2528	0.7449	1.0085	1.2869	1.6331	0.1262
W	0.63	0.5687	0.3052	3.4597	0.3113	0.5081	3.5331	1.4894	0.0873
Y	1.5412	0.6728	0.4806	6.2554	1.1569	0.4281	3.4166	1.318	0.4201

pepL	alpha	w_s
12	99.5307	0.083	0.1488	0	0.3949	0.3733	0.3191	0.2311	0	0.3551	0.0947
13	98.9574	0.0263	0.0764	0.2382	0.4675	0.1916	0.2986	0.3626	0.1368	0.1653	0.0367
14	98.3293	0.0043	0.0259	0.161	0	0.4702	0.2976	0.0409	0.075	0.4753	0.3062	0	0.0775	0.0543	0.0116
15	98.0138	0.0017	0.0096	0.0839	0.3761	0.4093	0.0998	0.0197	0.0247	0.1824	0.5409	0.1811	0.0376	0.0237	0.0096
16	98.2233	8e-04	0.0022	0.03	0.2337	0	0.522	0.1562	0.0472	0.0079	0.0142	0.0382	0.3427	0.4747	0	0.0918	0.02	0.0102	0.0081
17	98.7349	8e-04	0.0019	0.0146	0.1152	0.4294	0.2806	0.114	0.0362	0.0072	0.013	0.0234	0.1237	0.5223	0.2209	0.0523	0.0192	0.0136	0.0115
18	99.2174	5e-04	0.0013	0.0066	0.0433	0.2908	0	0.3312	0.218	0.0767	0.0267	0.005	0.0144	0.0207	0.0564	0.2371	0.44	0	0.1507	0.0358	0.016	0.0144	0.0144
19	99.5134	0.001	0.0012	0.0074	0.029	0.145	0.2323	0.2917	0.1843	0.0762	0.0263	0.0055	0.0246	0.0328	0.0639	0.1615	0.2563	0.2441	0.1005	0.0409	0.0246	0.026	0.0246
20	99.6911	0.001	0.0012	0.0048	0.0176	0.0704	0.1449	0	0.2809	0.2453	0.1596	0.0505	0.0192	0.0045	0.0326	0.0347	0.0601	0.0749	0.1659	0.2018	0	0.2124	0.0812	0.0389	0.0326	0.0326	0.0326
21	99.7886	0.0013	0.002	0.0054	0.0189	0.0569	0.1038	0.1384	0.2552	0.2215	0.1327	0.043	0.0166	0.0041	0.0457	0.0457	0.0575	0.0991	0.1287	0.1376	0.0991	0.1258	0.0724	0.0516	0.0457	0.0457	0.0457
