Allele	DPA1_01_03__DPB1_104_01
Type	Standard
n_specificities	1
npep_u	1
npep_t	675
spec_ids	1
L_core	9
L_N	0
L_C	0
CS_perL	1
pepL_lower	12
pepL_upper	21
n_diff_aa	20

PWM_norm.1	P1	P2	P3	P4	P5	P6	P7	P8	P9
A	0.2189	1.5475	1.5749	0.7094	1.9219	7.0123	3.4143	1.0937	2.3221
C	0.0839	0.1408	0.1378	0.1486	0.1457	0.1925	0.2212	0.1294	0.1419
D	0.2789	0.2788	0.8403	1.0525	1.0447	0.1429	1.1592	1.1943	0.7774
E	0.1681	1.5428	0.2702	2.8495	0.6914	0.1178	1.3013	1.8175	1.1069
F	0.4693	2.5475	1.9714	0.2751	1.0786	0.1882	0.6939	0.8466	0.141
G	0.1174	0.3804	1.4577	0.2589	0.1411	0.9528	0.6603	0.4271	0.5593
H	0.2044	0.164	0.3091	0.146	0.306	0.128	0.3881	1.2415	1.6519
I	0.1293	1.2357	0.8185	3.6578	1.6029	1.2387	1.0742	0.9071	0.42
K	0.8159	1.5067	0.2547	0.1875	1.1121	0.1649	0.3278	1.4622	0.2055
L	0.1484	1.2355	0.9529	0.267	1.5942	0.1634	1.7047	0.6128	0.5147
M	0.1651	0.294	0.4384	0.2726	0.4161	0.1893	1.2808	1.7163	0.2281
N	0.2452	0.3352	0.5223	0.3938	1.2163	0.4106	0.5339	0.8501	6.634
P	0.0708	0.2017	0.5205	0.8459	0.7348	1.9892	0.1631	0.6585	0.3957
Q	0.451	0.7775	1.1584	0.2315	0.7096	0.113	0.6114	0.7449	0.932
R	14.0002	1.2434	0.1451	0.1368	1.14	0.1621	0.6412	1.385	0.2047
S	0.1221	1.0175	0.8186	1.5693	0.4455	0.7681	0.6455	1.1801	2.0204
T	0.1471	1.0215	0.4517	2.3321	0.7719	0.4234	0.5802	0.9145	0.3259
V	0.1212	0.9701	1.3889	1.7372	1.3301	1.3512	1.1723	0.8154	0.5918
W	0.1112	0.4652	10.2244	0.103	0.3513	0.0997	0.1181	1.189	0.0979
Y	0.1617	1.5095	3.2156	0.3004	2.1389	0.5303	0.6517	0.8562	0.1641

pepL	alpha	w_s
12	99.5307	0.083	0.1488	0	0.3949	0.3733
13	98.9574	0.0263	0.0764	0.2382	0.4675	0.1916
14	98.3293	0.0043	0.0259	0.161	0	0.4702	0.2976	0.0409
15	98.0138	0.0017	0.0096	0.0839	0.3761	0.4093	0.0998	0.0197
16	98.2233	8e-04	0.0022	0.03	0.2337	0	0.522	0.1562	0.0472	0.0079
17	98.7349	8e-04	0.0019	0.0146	0.1152	0.4294	0.2806	0.114	0.0362	0.0072
18	99.2174	5e-04	0.0013	0.0066	0.0433	0.2908	0	0.3312	0.218	0.0767	0.0267	0.005
19	99.5134	0.001	0.0012	0.0074	0.029	0.145	0.2323	0.2917	0.1843	0.0762	0.0263	0.0055
20	99.6911	0.001	0.0012	0.0048	0.0176	0.0704	0.1449	0	0.2809	0.2453	0.1596	0.0505	0.0192	0.0045
21	99.7886	0.0013	0.002	0.0054	0.0189	0.0569	0.1038	0.1384	0.2552	0.2215	0.1327	0.043	0.0166	0.0041
