Allele	DPA1_02_01__DPB1_14_01
Type	Standard
n_specificities	2
npep_u	0.811	0.189
npep_t	8173	1899
spec_ids	1	-1
L_core	9
L_N	0
L_C	0
CS_perL	1
pepL_lower	12
pepL_upper	21
n_diff_aa	20

PWM_norm.1	P1	P2	P3	P4	P5	P6	P7	P8	P9
A	0.0466	1.7728	2.1719	1.4926	1.6015	5.7791	3.1275	1.7755	1.3308
C	0.0206	0.1986	0.2601	0.0657	0.1704	0.8015	0.5433	0.2306	0.734
D	0.0194	0.3345	0.623	1.6183	0.6793	0.0568	0.5026	0.8417	0.1141
E	0.0602	1.2647	0.5659	2.4821	0.9257	0.0999	1.292	1.599	0.291
F	0.1537	0.9281	0.8931	0.0541	0.6065	0.5019	0.8027	0.3251	0.108
G	0.015	0.2818	1.7869	0.2882	0.5696	0.7816	0.6453	0.6504	0.0565
H	0.0381	0.6931	0.4452	0.0944	0.5434	0.0453	0.1886	0.6799	0.0437
I	0.1263	1.0625	0.7253	2.8646	1.3321	1.3138	0.8121	0.9815	2.8166
K	13.5538	1.0539	0.3024	0.0651	1.2622	0.0162	0.3336	1.1862	0.0199
L	0.0833	1.5397	0.7774	0.2598	1.2427	0.1795	1.5434	0.5822	3.5488
M	0.0229	0.808	0.6677	0.4758	1.1942	0.3282	0.3808	0.4309	1.2946
N	0.0268	1.0215	0.8555	0.3739	1.2362	0.1179	1.4289	1.2485	0.3115
P	0.0098	0.0902	0.6752	1.0332	1.0862	1.8286	0.1135	0.9834	0.0261
Q	0.0281	0.7066	0.6721	0.2878	1.111	0.0264	1.4828	1.5901	0.3798
R	3.0256	0.7486	0.1095	0.0398	0.4594	0.0184	0.2707	1.0251	0.0476
S	0.0274	0.7376	1.2773	1.5178	0.738	1.0628	0.7702	1.017	0.6976
T	0.0258	1.4291	1.0243	2.1319	1.438	0.6206	0.8876	1.0396	0.9843
V	0.1013	1.6901	2.0126	1.8488	1.1628	2.7843	1.4665	1.0957	3.4615
W	0.0206	1.0732	1.6273	0.0203	0.3589	0.0602	0.2202	0.1995	0.0121
Y	0.1499	1.7988	2.194	0.0299	1.0321	0.229	0.5717	0.5749	0.0557

PWM_norm.2	P9	P8	P7	P6	P5	P4	P3	P2	P1
A	0.8332	1.772	4.0453	6.0619	0.8138	3.4347	1.2532	1.7345	0.1267
C	0.6434	0.5856	0.2785	0.7915	0.0587	0.4856	0.3145	0.6353	0.0847
D	0.6321	1.6584	0.1426	0.1185	0.46	0.9989	0.6461	0.2768	0.1002
E	0.7143	1.334	0.1923	0.0872	0.971	0.6117	0.9432	1.0527	0.097
F	0.2092	0.5164	0.1507	1.6188	0.6767	0.1618	1.4906	0.3211	0.059
G	0.143	0.4645	0.1019	0.7248	0.7317	0.1521	0.476	0.8987	0.062
H	0.0444	1.1034	0.3582	0.3782	0.8267	0.3228	0.5402	0.1954	0.0758
I	3.696	0.7461	0.8358	0.7789	2.0734	2.1532	1.0635	1.3505	0.155
K	0.0782	1.1422	0.1538	0.0642	2.1374	0.0995	0.5912	1.3811	14.7892
L	4.1962	0.5105	0.5846	0.5564	1.0696	0.7674	2.0003	0.8877	0.1938
M	2.0731	1.2084	0.1319	0.1162	1.2003	2.1303	0.9267	0.3119	0.1587
N	0.369	1.5407	0.3454	0.2905	0.8197	2.3347	0.4976	0.5337	0.1618
P	0.2715	0.1215	3.3744	0.234	1.0374	0.3021	0.695	1.4739	0.0405
Q	0.0617	1.692	0.5125	0.0963	0.838	0.1812	0.6175	1.1101	0.1332
R	0.0443	0.6537	0.1561	0.049	0.358	0.0514	0.2998	0.658	0.8318
S	0.3349	0.8759	0.7302	0.9939	0.6734	0.4727	0.4579	1.0799	0.0655
T	0.5695	1.3718	1.849	1.2806	1.7615	1.3401	1.9994	1.2029	0.1495
V	1.7895	1.279	2.1577	2.304	1.3205	3.0566	1.3641	1.5307	0.1038
W	0.049	0.2132	0.5734	0.0508	0.336	0.0436	1.4543	0.2501	0.2055
Y	0.075	1.0329	0.3111	0.6275	0.7905	0.0691	2.1566	0.5757	0.1206

pepL	alpha	w_s
12	99.5307	0.083	0.1488	0	0.3949	0.3733	0.3191	0.2311	0	0.3551	0.0947
13	98.9574	0.0263	0.0764	0.2382	0.4675	0.1916	0.2986	0.3626	0.1368	0.1653	0.0367
14	98.3293	0.0043	0.0259	0.161	0	0.4702	0.2976	0.0409	0.075	0.4753	0.3062	0	0.0775	0.0543	0.0116
15	98.0138	0.0017	0.0096	0.0839	0.3761	0.4093	0.0998	0.0197	0.0247	0.1824	0.5409	0.1811	0.0376	0.0237	0.0096
16	98.2233	8e-04	0.0022	0.03	0.2337	0	0.522	0.1562	0.0472	0.0079	0.0142	0.0382	0.3427	0.4747	0	0.0918	0.02	0.0102	0.0081
17	98.7349	8e-04	0.0019	0.0146	0.1152	0.4294	0.2806	0.114	0.0362	0.0072	0.013	0.0234	0.1237	0.5223	0.2209	0.0523	0.0192	0.0136	0.0115
18	99.2174	5e-04	0.0013	0.0066	0.0433	0.2908	0	0.3312	0.218	0.0767	0.0267	0.005	0.0144	0.0207	0.0564	0.2371	0.44	0	0.1507	0.0358	0.016	0.0144	0.0144
19	99.5134	0.001	0.0012	0.0074	0.029	0.145	0.2323	0.2917	0.1843	0.0762	0.0263	0.0055	0.0246	0.0328	0.0639	0.1615	0.2563	0.2441	0.1005	0.0409	0.0246	0.026	0.0246
20	99.6911	0.001	0.0012	0.0048	0.0176	0.0704	0.1449	0	0.2809	0.2453	0.1596	0.0505	0.0192	0.0045	0.0326	0.0347	0.0601	0.0749	0.1659	0.2018	0	0.2124	0.0812	0.0389	0.0326	0.0326	0.0326
21	99.7886	0.0013	0.002	0.0054	0.0189	0.0569	0.1038	0.1384	0.2552	0.2215	0.1327	0.043	0.0166	0.0041	0.0457	0.0457	0.0575	0.0991	0.1287	0.1376	0.0991	0.1258	0.0724	0.0516	0.0457	0.0457	0.0457
