Allele	DPA1_01_14__DPB1_02_01
Type	Standard
n_specificities	1
npep_u	1
npep_t	5000
spec_ids	1
L_core	9
L_N	0
L_C	0
CS_perL	1
pepL_lower	12
pepL_upper	21
n_diff_aa	20

PWM_norm.1	P1	P2	P3	P4	P5	P6	P7	P8	P9
A	0.1262	1.4085	1.5855	0.8455	0.9404	0.1653	0.7065	1.3737	1.4421
C	0.0471	0.2063	0.2114	0.108	0.2319	0.0383	0.1511	0.1616	0.931
D	0.0371	0.9616	0.9642	0.2975	1.2955	0.0227	0.2532	0.7933	0.6017
E	0.0658	1.305	0.3794	1.0442	1.0456	0.0373	1.4353	1.6133	0.2821
F	8.0451	0.8772	1.8278	0.3483	0.6734	16.6606	0.3387	0.4242	0.36
G	0.0441	0.4413	1.892	0.306	0.5312	0.0555	0.1967	0.5171	0.3931
H	0.2648	1.2262	1.2685	3.1091	1.1783	0.1174	2.8535	0.9532	0.3979
I	2.7954	1.438	0.5562	0.7856	0.8615	0.5269	0.7271	0.9809	2.0814
K	0.031	1.0157	0.3484	4.4623	1.6292	0.0299	1.8956	1.4111	0.0941
L	2.5535	0.9775	0.4135	0.4036	1.089	0.9846	1.5402	0.7152	1.543
M	1.5707	0.8674	0.7004	0.3679	0.683	0.7232	0.3746	0.6715	0.9458
N	0.0775	0.7709	0.8708	0.8191	1.2691	0.075	1.8505	1.1509	1.8965
P	0.0321	0.0704	0.4409	0.1791	1.0599	0.1135	0.1177	0.9184	0.1833
Q	0.1412	1.1553	0.7608	0.9477	1.336	0.0578	3.8148	1.314	0.2678
R	0.0765	1.0208	0.2825	0.8231	0.9261	0.0283	1.1476	1.4008	0.0851
S	0.0476	0.8087	1.4462	1.1576	0.79	0.093	0.3133	0.9192	1.3929
T	0.0855	1.0437	0.8128	1.5378	1.227	0.1296	0.3603	1.095	1.7623
V	0.8762	1.6549	1.2447	1.0681	0.8557	0.2939	0.8363	1.0119	3.2171
W	3.6668	1.7998	3.568	0.6735	0.317	2.93	0.3421	0.3255	0.1422
Y	6.0257	1.4545	3.617	0.4329	1.2167	6.3337	0.4001	0.798	0.2904

pepL	alpha	w_s
12	99.5307	0.083	0.1488	0	0.3949	0.3733
13	98.9574	0.0263	0.0764	0.2382	0.4675	0.1916
14	98.3293	0.0043	0.0259	0.161	0	0.4702	0.2976	0.0409
15	98.0138	0.0017	0.0096	0.0839	0.3761	0.4093	0.0998	0.0197
16	98.2233	8e-04	0.0022	0.03	0.2337	0	0.522	0.1562	0.0472	0.0079
17	98.7349	8e-04	0.0019	0.0146	0.1152	0.4294	0.2806	0.114	0.0362	0.0072
18	99.2174	5e-04	0.0013	0.0066	0.0433	0.2908	0	0.3312	0.218	0.0767	0.0267	0.005
19	99.5134	0.001	0.0012	0.0074	0.029	0.145	0.2323	0.2917	0.1843	0.0762	0.0263	0.0055
20	99.6911	0.001	0.0012	0.0048	0.0176	0.0704	0.1449	0	0.2809	0.2453	0.1596	0.0505	0.0192	0.0045
21	99.7886	0.0013	0.002	0.0054	0.0189	0.0569	0.1038	0.1384	0.2552	0.2215	0.1327	0.043	0.0166	0.0041
