Allele	DPA1_04_01__DPB1_673_01
Type	Standard
n_specificities	2
npep_u	0.972	0.028
npep_t	5000	5000
spec_ids	1	-1
L_core	9
L_N	0
L_C	0
CS_perL	1
pepL_lower	12
pepL_upper	21
n_diff_aa	20

PWM_norm.1	P1	P2	P3	P4	P5	P6	P7	P8	P9
A	0.1385	1.5926	1.7519	1.503	1.1455	5.4533	0.8688	1.2537	0.9827
C	0.0306	0.1911	0.2272	0.1375	0.1922	0.4899	0.1834	0.2194	0.4431
D	0.0667	0.5011	0.7734	0.4695	0.7017	0.1229	0.3118	0.7694	0.1284
E	0.083	1.257	0.5232	0.7525	1.0817	0.1436	1.0313	1.3274	0.2152
F	0.6121	1.1426	1.3687	0.3143	0.6727	0.3848	0.5912	0.5541	0.3726
G	0.0622	0.4293	1.4627	0.4007	0.4708	0.8596	0.2155	0.666	0.1791
H	0.4195	0.5759	0.714	1.503	0.5497	0.081	3.0184	1.1372	0.1236
I	0.2531	1.2912	1.0965	2.3139	1.6153	1.3514	0.6893	0.9965	3.2223
K	0.8316	1.225	0.3756	2.2967	1.1857	0.0762	2.0202	1.385	0.0575
L	0.2456	1.4538	0.774	0.394	1.6259	0.3824	1.2572	0.7854	3.7141
M	0.1704	0.7717	0.6949	0.5508	0.8369	0.244	0.5016	0.7113	1.1268
N	0.1057	0.9376	0.8535	0.8074	0.9856	0.1127	1.5672	1.1171	0.2746
P	0.0603	0.1469	0.7148	0.8673	0.8648	1.7033	0.1933	1.0996	0.066
Q	0.2678	0.7673	0.7441	0.7105	1.102	0.0576	3.7444	1.2208	0.3501
R	14.2122	0.9205	0.1946	0.2974	0.5607	0.0497	1.5046	1.3653	0.0825
S	0.078	0.6965	1.1269	1.7058	0.5762	0.9304	0.3098	0.8703	0.4449
T	0.1126	1.2701	0.9392	1.3801	1.2702	0.6603	0.3953	1.0488	0.7625
V	0.1815	1.4832	1.7586	1.498	1.5099	2.9805	0.7844	1.0082	3.5974
W	0.0848	0.7443	2.8919	0.3662	0.1731	0.057	0.604	0.4551	0.0841
Y	0.3501	1.6377	2.5285	0.3136	1.2933	0.2288	0.644	0.9636	0.2828

PWM_norm.2	P9	P8	P7	P6	P5	P4	P3	P2	P1
A	0.8381	1.2583	1.2178	5.3099	1.0131	2.156	1.3626	1.786	0.4409
C	0.3835	0.3166	0.3471	0.5291	0.2219	0.3229	0.3132	0.3624	0.0596
D	0.2834	0.867	0.2865	0.1358	0.7405	0.3593	0.6008	0.3721	0.1533
E	0.3689	1.3125	0.758	0.1893	1.0853	0.5968	0.6881	1.3644	0.2216
F	0.6758	0.6288	0.3334	1.4982	0.6098	0.4956	1.7914	1.0087	0.573
G	0.2289	0.6138	0.2349	0.9645	0.5375	0.4277	0.7214	0.6413	0.1034
H	0.1536	1.2886	2.7022	0.2298	0.5777	4.4465	0.7282	0.4792	0.414
I	3.6903	0.9237	1.5142	1.0957	1.629	1.5312	1.2159	1.5132	0.1845
K	0.1251	1.4019	1.5081	0.1527	1.4503	1.9211	0.6846	1.2839	0.8562
L	3.7716	0.7467	1.0146	0.5219	1.4915	0.5199	1.4769	0.9412	0.2399
M	1.7586	0.8269	0.6074	0.3167	0.9879	1.2475	0.9167	0.5274	0.2233
N	0.317	1.0849	0.933	0.244	0.9443	1.1097	0.7506	0.8409	0.1594
P	0.1468	0.9	0.6253	1.1526	0.9208	0.2486	0.64	0.8466	0.074
Q	0.2806	1.3739	1.8631	0.1011	1.1171	0.5365	0.7248	0.8685	0.268
R	0.1231	1.3395	1.4762	0.1363	0.7214	0.5286	0.4042	0.9653	13.4773
S	0.3736	0.8461	0.3526	0.7399	0.5309	1.1222	0.8233	0.9857	0.1157
T	0.6564	1.0805	1.005	0.9844	1.1761	1.0062	1.0786	1.0411	0.1289
V	2.5318	1.0414	2.0791	2.2317	1.3775	1.4333	1.2755	1.1692	0.1567
W	0.15	0.5058	0.4167	0.3233	0.2907	0.6366	3.1922	0.454	0.123
Y	0.4254	0.9553	0.6261	0.5961	1.3398	0.491	2.4644	0.8701	0.3399

pepL	alpha	w_s
12	99.5307	0.083	0.1488	0	0.3949	0.3734	0.3191	0.2311	0	0.3551	0.0947
13	98.9575	0.0263	0.0764	0.2382	0.4675	0.1916	0.2986	0.3626	0.1368	0.1653	0.0367
14	98.3294	0.0043	0.0259	0.161	0	0.4702	0.2977	0.0409	0.075	0.4753	0.3062	0	0.0775	0.0543	0.0116
15	98.0139	0.0017	0.0096	0.0839	0.376	0.4093	0.0998	0.0197	0.0247	0.1824	0.5409	0.1811	0.0376	0.0237	0.0096
16	98.2233	8e-04	0.0022	0.03	0.2337	0	0.5219	0.1563	0.0471	0.0079	0.0142	0.0382	0.3427	0.4747	0	0.0918	0.02	0.0102	0.0081
17	98.735	8e-04	0.0019	0.0146	0.1152	0.4293	0.2806	0.114	0.0363	0.0072	0.013	0.0234	0.1237	0.5223	0.2209	0.0523	0.0192	0.0136	0.0115
18	99.2174	5e-04	0.0013	0.0066	0.0433	0.2908	0	0.3312	0.218	0.0767	0.0267	0.005	0.0144	0.0207	0.0564	0.2371	0.44	0	0.1507	0.0358	0.016	0.0144	0.0144
19	99.5133	0.001	0.0012	0.0074	0.029	0.145	0.2323	0.2918	0.1844	0.0762	0.0263	0.0055	0.0246	0.0328	0.0639	0.1615	0.2563	0.2441	0.1005	0.0409	0.0246	0.026	0.0246
20	99.691	0.001	0.0012	0.0048	0.0176	0.0704	0.1449	0	0.2809	0.2454	0.1596	0.0505	0.0192	0.0045	0.0326	0.0347	0.0601	0.0749	0.1659	0.2018	0	0.2124	0.0812	0.0389	0.0326	0.0326	0.0326
21	99.7886	0.0013	0.002	0.0054	0.0189	0.0569	0.1038	0.1383	0.2554	0.2215	0.1327	0.043	0.0166	0.0041	0.0457	0.0457	0.0575	0.0991	0.1287	0.1376	0.0991	0.1258	0.0724	0.0516	0.0457	0.0457	0.0457
