Allele	DPA1_02_01__DPB1_01_01
Type	Standard
n_specificities	2
npep_u	0.873	0.127
npep_t	7245	1058
spec_ids	1	-1
L_core	9
L_N	0
L_C	0
CS_perL	1
pepL_lower	12
pepL_upper	21
n_diff_aa	20

PWM_norm.1	P1	P2	P3	P4	P5	P6	P7	P8	P9
A	0.1009	1.5012	1.5745	1.1551	0.84	0.5798	1.4225	1.2799	0.3474
C	0.0112	0.2535	0.1356	0.2482	0.303	0.0223	0.2043	0.215	0.0103
D	0.0292	0.8276	0.9709	1.6658	1.5946	0.0684	0.7064	1.1111	7.5091
E	0.0702	1.3391	0.5493	2.2786	1.1206	0.2032	1.9987	1.9931	6.4367
F	0.3205	0.676	1.5646	0.1102	0.5262	7.6599	0.1431	0.3326	0.1859
G	0.0226	0.5619	1.3326	0.7617	0.5093	0.1167	0.7525	0.7589	0.1275
H	0.069	0.6343	1.1956	0.5486	1.364	0.3188	0.5385	0.698	1.058
I	0.4185	1.168	1.1614	1.6323	1.1182	1.5948	1.0987	0.8102	0.0815
K	11.9655	1.9074	0.8158	0.1347	1.6183	0.0162	0.4142	1.453	0.0701
L	0.2383	1.0772	0.7533	0.425	1.1386	1.9236	1.6717	0.6766	0.1369
M	0.1502	0.5802	0.5303	0.3372	0.4692	1.9407	0.4834	0.4167	0.0895
N	0.0289	1.1145	0.9141	1.2455	1.0106	0.3349	1.911	0.79	0.184
P	0.017	0.1148	0.6374	0.6557	0.7648	0.5404	0.3279	0.9031	0.0317
Q	0.0442	1.1199	0.6892	0.4732	1.4452	0.4122	1.3779	1.2732	0.4811
R	3.3282	0.9914	0.1434	0.036	0.5066	0.0122	0.38	1.3463	0.0578
S	0.0256	0.4917	0.9771	1.6457	0.8024	0.2966	1.1305	1.0843	0.1986
T	0.0885	1.4043	0.7524	2.3246	1.0151	0.4781	0.8551	0.8122	0.2093
V	0.3223	1.1927	1.9644	1.5045	1.3599	0.803	1.3459	0.7491	0.1265
W	0.0242	0.4612	1.0764	0.2239	0.2038	4.6641	0.191	0.1363	0.1565
Y	0.6829	1.7328	2.9181	0.1949	1.3955	4.9237	0.0818	1.1708	0.4319

PWM_norm.2	P9	P8	P7	P6	P5	P4	P3	P2	P1
A	0.2634	1.5987	2.4683	0.3466	1.2344	1.5062	1.1846	1.5914	0.3917
C	0.1403	0.1338	0.1217	0.1066	0.1725	0.3839	0.6166	0.7334	0.187
D	4.9325	1.2305	0.4847	0.0663	1.1513	1.7755	0.4282	0.349	0.1495
E	6.9756	2.0611	0.3231	0.1411	1.4732	1.0186	0.8688	1.5279	0.3394
F	0.654	1.3993	0.7754	5.0234	0.2876	0.1432	1.3258	0.4463	0.4648
G	0.3875	0.5168	0.1032	0.1842	0.4453	0.3118	0.1891	0.9453	0.156
H	0.7631	0.9041	0.7071	0.0875	0.6719	0.1418	1.0908	0.4724	0.2569
I	0.1149	0.6558	1.9544	1.397	1.4139	2.0052	1.2981	1.5755	0.4193
K	0.3165	1.2266	0.1944	0.1135	2.2695	0.1657	0.71	1.4031	12.5516
L	0.089	0.4964	0.7589	4.3208	0.9474	0.409	1.4559	0.5809	0.2834
M	0.1696	1.2579	0.176	4.3171	0.6741	1.301	1.1743	0.9964	0.3822
N	0.3231	0.4399	0.4263	0.1535	0.552	3.9163	1.2005	1.66	0.3129
P	0.1291	0.1399	1.1783	0.0657	0.4548	0.3158	0.8046	0.8931	0.1342
Q	0.829	1.9459	0.6936	1.1564	1.9266	0.4535	0.485	0.9119	0.2494
R	0.1221	0.7617	0.1004	0.0774	0.5939	0.1397	0.7676	0.7406	0.9777
S	0.1612	1.0273	0.823	0.1375	0.5403	1.274	1.0546	1.2229	0.1666
T	0.5619	0.9601	2.2261	0.4047	1.7424	1.3974	1.2138	0.9791	0.1303
V	0.1952	1.3544	3.7089	0.8093	0.836	2.424	1.1489	0.9158	0.1141
W	0.2138	0.2251	0.1473	0.5455	0.4351	0.4972	3.2924	0.2885	0.0736
Y	0.3337	0.4582	0.3211	0.8547	0.825	0.3025	1.6311	0.4689	0.3712

pepL	alpha	w_s
12	99.5307	0.083	0.1488	0	0.3949	0.3734	0.3191	0.2311	0	0.3551	0.0947
13	98.9575	0.0263	0.0764	0.2382	0.4675	0.1916	0.2986	0.3626	0.1368	0.1653	0.0367
14	98.3294	0.0043	0.0259	0.161	0	0.4702	0.2977	0.0409	0.075	0.4753	0.3062	0	0.0775	0.0543	0.0116
15	98.0139	0.0017	0.0096	0.0839	0.376	0.4093	0.0998	0.0197	0.0247	0.1824	0.5409	0.1811	0.0376	0.0237	0.0096
16	98.2233	8e-04	0.0022	0.03	0.2337	0	0.5219	0.1563	0.0471	0.0079	0.0142	0.0382	0.3427	0.4747	0	0.0918	0.02	0.0102	0.0081
17	98.735	8e-04	0.0019	0.0146	0.1152	0.4293	0.2806	0.114	0.0363	0.0072	0.013	0.0234	0.1237	0.5223	0.2209	0.0523	0.0192	0.0136	0.0115
18	99.2174	5e-04	0.0013	0.0066	0.0433	0.2908	0	0.3312	0.218	0.0767	0.0267	0.005	0.0144	0.0207	0.0564	0.2371	0.44	0	0.1507	0.0358	0.016	0.0144	0.0144
19	99.5133	0.001	0.0012	0.0074	0.029	0.145	0.2323	0.2918	0.1844	0.0762	0.0263	0.0055	0.0246	0.0328	0.0639	0.1615	0.2563	0.2441	0.1005	0.0409	0.0246	0.026	0.0246
20	99.691	0.001	0.0012	0.0048	0.0176	0.0704	0.1449	0	0.2809	0.2454	0.1596	0.0505	0.0192	0.0045	0.0326	0.0347	0.0601	0.0749	0.1659	0.2018	0	0.2124	0.0812	0.0389	0.0326	0.0326	0.0326
21	99.7886	0.0013	0.002	0.0054	0.0189	0.0569	0.1038	0.1383	0.2554	0.2215	0.1327	0.043	0.0166	0.0041	0.0457	0.0457	0.0575	0.0991	0.1287	0.1376	0.0991	0.1258	0.0724	0.0516	0.0457	0.0457	0.0457
