Allele	DPA1_02_01__DPB1_18_01
Type	Standard
n_specificities	1
npep_u	1
npep_t	5000
spec_ids	1
L_core	9
L_N	0
L_C	0
CS_perL	1
pepL_lower	12
pepL_upper	21
n_diff_aa	20

PWM_norm.1	P1	P2	P3	P4	P5	P6	P7	P8	P9
A	0.2823	1.4085	1.5855	0.8672	0.9935	0.6326	1.3296	1.3737	1.9551
C	0.0811	0.2063	0.2114	0.186	0.2302	0.1503	0.2471	0.1616	0.132
D	0.0586	0.9616	0.9642	1.303	1.2982	0.0922	0.3812	0.7933	1.397
E	0.0738	1.305	0.3794	3.5338	1.0499	0.1909	2.2204	1.6133	0.8992
F	2.3323	0.8772	1.8278	0.1936	0.6909	8.7961	0.2322	0.4242	0.094
G	0.0828	0.4413	1.892	0.4498	0.4944	0.1925	0.55	0.5171	0.3836
H	0.0858	1.2262	1.2685	0.6295	1.2316	0.3931	0.6157	0.9532	3.0044
I	5.9791	1.438	0.5562	0.9364	0.8684	1.2182	0.875	0.9809	0.2982
K	0.6565	1.0157	0.3484	0.2999	1.5995	0.0929	0.6941	1.4111	0.1043
L	3.2484	0.9775	0.4135	0.4057	1.2107	1.5801	2.2971	0.7152	0.3787
M	2.4364	0.8674	0.7004	0.3423	0.704	1.4569	0.6888	0.6715	0.2206
N	0.0944	0.7709	0.8708	0.8875	1.1804	0.2887	1.7679	1.1509	6.3284
P	0.0941	0.0704	0.4409	0.2292	0.9443	0.5249	0.235	0.9184	0.1963
Q	0.104	1.1553	0.7608	0.8266	1.4004	0.3146	1.44	1.314	0.9207
R	0.1392	1.0208	0.2825	0.1413	0.9425	0.0829	0.3823	1.4008	0.1164
S	0.0695	0.8087	1.4462	1.4279	0.7613	0.3063	0.7042	0.9192	2.3718
T	0.2067	1.0437	0.8128	2.7955	1.0754	0.3715	0.537	1.095	0.5914
V	2.4095	1.6549	1.2447	1.4502	0.9257	0.8133	1.323	1.0119	0.594
W	0.4618	1.7998	3.568	0.2107	0.3159	4.3729	0.1301	0.3255	0.0615
Y	0.7566	1.4545	3.617	0.1606	1.1497	5.4459	0.2361	0.798	0.1274

pepL	alpha	w_s
12	99.5307	0.083	0.1488	0	0.3949	0.3733
13	98.9574	0.0263	0.0764	0.2382	0.4675	0.1916
14	98.3293	0.0043	0.0259	0.161	0	0.4702	0.2976	0.0409
15	98.0138	0.0017	0.0096	0.0839	0.3761	0.4093	0.0998	0.0197
16	98.2233	8e-04	0.0022	0.03	0.2337	0	0.522	0.1562	0.0472	0.0079
17	98.7349	8e-04	0.0019	0.0146	0.1152	0.4294	0.2806	0.114	0.0362	0.0072
18	99.2174	5e-04	0.0013	0.0066	0.0433	0.2908	0	0.3312	0.218	0.0767	0.0267	0.005
19	99.5134	0.001	0.0012	0.0074	0.029	0.145	0.2323	0.2917	0.1843	0.0762	0.0263	0.0055
20	99.6911	0.001	0.0012	0.0048	0.0176	0.0704	0.1449	0	0.2809	0.2453	0.1596	0.0505	0.0192	0.0045
21	99.7886	0.0013	0.002	0.0054	0.0189	0.0569	0.1038	0.1384	0.2552	0.2215	0.1327	0.043	0.0166	0.0041
