Allele	DPA1_01_03__DPB1_04_01
Type	Standard
n_specificities	1
npep_u	1
npep_t	31562
spec_ids	1
L_core	9
L_N	0
L_C	0
CS_perL	1
pepL_lower	12
pepL_upper	21
n_diff_aa	20

PWM_norm.1	P1	P2	P3	P4	P5	P6	P7	P8	P9
A	0.0794	1.7186	1.6863	0.599	0.956	0.0371	1.4166	0.6625	0.6591
C	0.0168	0.3431	0.1866	0.166	0.2079	0.0322	0.2677	0.2034	0.3421
D	0.0173	0.8029	0.9823	1.3569	1.3315	0.0435	0.2755	1.7536	1.3631
E	0.0465	1.1838	0.2179	4.5565	1.2555	0.0155	2.7366	1.6712	0.6658
F	9.2853	0.7674	1.451	0.0448	0.7774	18.0127	0.0729	0.2058	1.1998
G	0.0164	0.4315	1.6077	0.3386	0.4688	0.0127	0.4836	0.3152	0.3331
H	0.1058	1.9007	1.7603	0.649	1.3312	0.0615	0.4175	0.7786	0.4119
I	2.7589	1.6908	0.3104	0.8853	0.5435	0.348	0.3975	0.6702	3.37
K	0.0344	0.8758	0.3032	0.0645	1.7706	0.0249	0.639	1.56	0.066
L	2.4635	0.8537	0.2183	0.2112	1.1349	0.6973	2.8285	0.6526	2.2927
M	1.944	0.6316	0.8951	0.1819	0.6527	0.6571	0.5682	0.2626	1.38
N	0.0293	0.9401	0.8913	0.7898	1.3626	0.0452	1.6837	1.7254	0.3118
P	0.0053	0.0136	0.5517	0.1588	1.0843	0.0821	0.2404	1.2747	0.1976
Q	0.0782	1.1264	0.8035	0.7475	1.4864	0.0248	1.4541	1.2182	0.1912
R	0.0093	1.2256	0.3394	0.0899	1.1352	0.0097	0.2841	1.769	0.0494
S	0.0242	0.8501	1.746	1.4822	0.7647	0.0287	0.5308	0.8784	0.4225
T	0.0274	1.0846	0.9284	3.1244	1.0508	0.1381	0.3145	1.1384	0.8886
V	0.8067	1.4369	1.4693	1.2516	0.3918	0.1417	1.1813	0.8756	2.9217
W	4.6366	0.8054	2.8107	0.0546	0.1482	3.3455	0.0108	0.1995	0.7772
Y	5.178	1.4684	3.7315	0.1288	1.1611	7.0324	0.0469	0.594	1.814

pepL	alpha	w_s
12	99.5307	0.083	0.1488	0	0.3949	0.3734
13	98.9575	0.0263	0.0764	0.2382	0.4675	0.1916
14	98.3294	0.0043	0.0259	0.161	0	0.4702	0.2977	0.0409
15	98.0139	0.0017	0.0096	0.0839	0.376	0.4093	0.0998	0.0197
16	98.2233	8e-04	0.0022	0.03	0.2337	0	0.5219	0.1563	0.0471	0.0079
17	98.735	8e-04	0.0019	0.0146	0.1152	0.4293	0.2806	0.114	0.0363	0.0072
18	99.2174	5e-04	0.0013	0.0066	0.0433	0.2908	0	0.3312	0.218	0.0767	0.0267	0.005
19	99.5133	0.001	0.0012	0.0074	0.029	0.145	0.2323	0.2918	0.1844	0.0762	0.0263	0.0055
20	99.691	0.001	0.0012	0.0048	0.0176	0.0704	0.1449	0	0.2809	0.2454	0.1596	0.0505	0.0192	0.0045
21	99.7886	0.0013	0.002	0.0054	0.0189	0.0569	0.1038	0.1383	0.2554	0.2215	0.1327	0.043	0.0166	0.0041
