Allele	DPA1_02_01__DPB1_11_01
Type	Standard
n_specificities	2
npep_u	0.933	0.067
npep_t	1497	5000
spec_ids	1	-1
L_core	9
L_N	0
L_C	0
CS_perL	1
pepL_lower	12
pepL_upper	21
n_diff_aa	20

PWM_norm.1	P1	P2	P3	P4	P5	P6	P7	P8	P9
A	0.0899	1.3057	1.2122	0.8214	1.1217	5.655	2.7009	0.9752	0.0857
C	0.0477	0.0679	0.0693	0.0814	0.0725	0.123	0.0797	0.0608	0.0405
D	0.1031	1.3662	1.9629	0.2043	0.6515	0.0746	0.0907	0.7652	6.992
E	0.1181	2.2164	0.6694	1.7061	1.328	0.0852	1.872	2.3964	8.1003
F	1.2508	0.5289	2.436	0.3862	0.3788	0.4598	0.2953	0.3722	0.0542
G	0.071	0.3976	1.6592	0.2204	0.107	1.3311	0.7575	0.7293	0.0903
H	0.1456	0.2781	0.3798	0.2301	0.7228	0.064	0.5541	1.0956	0.2017
I	0.3901	0.9617	0.8418	2.8584	1.2891	0.922	1.2635	0.3966	0.0605
K	11.0644	1.1829	0.3265	0.5942	1.5945	0.1781	0.42	1.3247	0.1312
L	0.1973	0.8895	0.3687	3.4048	1.7536	0.3888	1.9586	0.671	0.0405
M	0.1179	0.6085	0.7892	0.4748	0.4608	0.4569	2.1621	0.1511	0.0626
N	0.1258	0.4668	1.0093	0.1985	1.05	0.0932	0.7699	1.2412	0.1659
P	0.115	0.0403	0.1465	0.1246	0.8321	2.3255	0.3373	1.0829	0.0458
Q	0.1436	2.2317	1.2939	0.2527	0.9813	0.0831	1.6428	1.7761	0.1271
R	3.2601	0.9135	0.0688	0.2725	1.1486	0.0615	0.1083	1.9068	0.0887
S	0.0902	0.4417	0.9191	0.4579	0.5814	1.2908	0.3641	0.8682	0.1259
T	0.0817	0.5442	0.5213	1.0205	0.6347	0.615	0.2566	0.5562	0.0789
V	0.0724	2.0354	1.7889	2.0016	1.9691	1.4866	1.4372	0.5672	0.0565
W	0.0632	2.3226	1.7324	0.6264	0.1106	0.0507	0.0603	0.8787	0.0475
Y	1.1264	0.9164	4.2896	0.2359	0.7006	0.1042	0.4891	0.5814	0.1606

PWM_norm.2	P9	P8	P7	P6	P5	P4	P3	P2	P1
A	0.3437	1.1379	2.7201	5.3428	1.1736	1.0521	1.4257	1.371	0.2402
C	0.0821	0.2591	0.1544	0.4211	0.1164	0.2046	0.2671	0.2243	0.0903
D	5.1355	1.2235	0.2746	0.0859	0.7783	0.1712	0.941	0.9349	0.1632
E	6.71	1.7883	1.5	0.1488	1.2163	1.6853	0.4527	1.3538	0.206
F	0.3124	0.705	0.3689	0.4977	0.4661	0.3993	1.847	0.8578	0.4182
G	0.4418	0.5301	0.6181	1.3075	0.2876	0.2048	1.6812	0.5028	0.1355
H	0.5604	0.8619	0.5903	0.1448	0.6326	0.2923	1.3119	1.2282	0.1851
I	0.3113	0.8012	1.1244	0.9621	1.3867	2.7788	0.6692	1.4097	0.1947
K	0.3241	1.4117	0.5001	0.1302	1.468	0.5216	0.428	1.0057	12.845
L	0.1776	0.6738	1.8767	0.4408	1.6405	2.8404	0.5209	0.9638	0.1844
M	0.2454	0.643	1.6685	0.268	0.6303	1.0575	0.7827	0.8689	0.196
N	0.3749	1.1715	0.7668	0.1851	0.9916	0.3267	0.8797	0.7889	0.3053
P	0.1743	0.8269	0.5381	2.6427	0.8704	0.1371	0.4849	0.1209	0.0924
Q	0.5494	1.4084	1.3773	0.1178	0.971	0.4377	0.8172	1.1708	0.2209
R	0.2429	1.4797	0.3919	0.0867	0.9831	0.1932	0.322	1.0354	1.5668
S	0.2704	0.8316	0.5165	1.0699	0.5831	0.7379	1.2819	0.8419	0.1714
T	0.3739	0.9163	0.4906	0.5736	0.857	1.1859	0.8982	1.0472	0.1575
V	0.2753	1.0253	1.4063	1.4536	1.7687	1.9621	1.2869	1.6331	0.1262
W	0.1364	0.3792	0.1695	0.1441	0.1457	0.1999	3.5331	1.4894	0.0873
Y	0.2809	0.664	0.4865	0.2329	0.8622	0.1965	3.4166	1.318	0.4201

pepL	alpha	w_s
12	99.5307	0.083	0.1488	0	0.3949	0.3733	0.3191	0.2311	0	0.3551	0.0947
13	98.9574	0.0263	0.0764	0.2382	0.4675	0.1916	0.2986	0.3626	0.1368	0.1653	0.0367
14	98.3293	0.0043	0.0259	0.161	0	0.4702	0.2976	0.0409	0.075	0.4753	0.3062	0	0.0775	0.0543	0.0116
15	98.0138	0.0017	0.0096	0.0839	0.3761	0.4093	0.0998	0.0197	0.0247	0.1824	0.5409	0.1811	0.0376	0.0237	0.0096
16	98.2233	8e-04	0.0022	0.03	0.2337	0	0.522	0.1562	0.0472	0.0079	0.0142	0.0382	0.3427	0.4747	0	0.0918	0.02	0.0102	0.0081
17	98.7349	8e-04	0.0019	0.0146	0.1152	0.4294	0.2806	0.114	0.0362	0.0072	0.013	0.0234	0.1237	0.5223	0.2209	0.0523	0.0192	0.0136	0.0115
18	99.2174	5e-04	0.0013	0.0066	0.0433	0.2908	0	0.3312	0.218	0.0767	0.0267	0.005	0.0144	0.0207	0.0564	0.2371	0.44	0	0.1507	0.0358	0.016	0.0144	0.0144
19	99.5134	0.001	0.0012	0.0074	0.029	0.145	0.2323	0.2917	0.1843	0.0762	0.0263	0.0055	0.0246	0.0328	0.0639	0.1615	0.2563	0.2441	0.1005	0.0409	0.0246	0.026	0.0246
20	99.6911	0.001	0.0012	0.0048	0.0176	0.0704	0.1449	0	0.2809	0.2453	0.1596	0.0505	0.0192	0.0045	0.0326	0.0347	0.0601	0.0749	0.1659	0.2018	0	0.2124	0.0812	0.0389	0.0326	0.0326	0.0326
21	99.7886	0.0013	0.002	0.0054	0.0189	0.0569	0.1038	0.1384	0.2552	0.2215	0.1327	0.043	0.0166	0.0041	0.0457	0.0457	0.0575	0.0991	0.1287	0.1376	0.0991	0.1258	0.0724	0.0516	0.0457	0.0457	0.0457
