Allele	DPA1_02_12__DPB1_69_01
Type	Standard
n_specificities	2
npep_u	0.867	0.133
npep_t	5000	5000
spec_ids	1	-1
L_core	9
L_N	0
L_C	0
CS_perL	1
pepL_lower	12
pepL_upper	21
n_diff_aa	20

PWM_norm.1	P1	P2	P3	P4	P5	P6	P7	P8	P9
A	0.0971	1.4102	1.589	1.2578	1.2323	5.0656	2.6558	1.3929	2.0177
C	0.0329	0.1874	0.2185	0.1926	0.1261	0.4196	0.2042	0.1648	0.1608
D	0.0653	0.9491	0.9286	0.3246	0.7908	0.0699	0.3631	0.8155	1.4146
E	0.0821	1.3105	0.3778	1.9372	1.1959	0.1391	1.5595	1.5579	0.955
F	0.3403	0.8762	1.8035	0.3657	0.5069	0.0949	0.481	0.4171	0.1192
G	0.0545	0.4448	1.8808	0.1992	0.2887	0.8837	0.7452	0.5194	0.4306
H	0.0965	1.1878	1.2825	0.3107	0.6706	0.0848	0.5416	0.9576	2.9094
I	0.1529	1.4663	0.5578	2.9112	1.3203	1.9447	1.0829	0.9771	0.3107
K	13.3495	1.0207	0.359	0.4237	1.4218	0.0681	0.5765	1.4241	0.1003
L	0.1208	1.0108	0.4188	2.3427	1.5916	0.6923	1.7097	0.7134	0.389
M	0.1176	0.8326	0.7109	1.0361	0.6339	0.5043	1.6798	0.6522	0.2487
N	0.0937	0.7516	0.8847	0.4476	1.0256	0.1055	0.9216	1.1672	5.8039
P	0.0434	0.069	0.4658	0.1537	0.8497	1.9968	0.3424	0.934	0.2281
Q	0.1005	1.1222	0.7425	0.5404	1.0218	0.0694	1.4617	1.2856	0.9035
R	2.4661	1.0122	0.3035	0.1676	0.9387	0.0528	0.4367	1.3797	0.1406
S	0.0529	0.8119	1.4274	0.782	0.6218	0.8453	0.5551	0.929	2.3516
T	0.0807	1.0358	0.8491	1.1024	0.8803	0.4548	0.4614	1.1016	0.6409
V	0.1119	1.6822	1.2644	1.9914	1.7457	2.6857	1.328	1.0323	0.6325
W	0.0501	1.7064	3.5258	0.2247	0.1476	0.0223	0.1647	0.3216	0.0685
Y	0.3054	1.4466	3.5327	0.2238	0.9135	0.072	0.5128	0.8037	0.1138

PWM_norm.2	P9	P8	P7	P6	P5	P4	P3	P2	P1
A	2.0657	1.3307	2.5553	4.3277	1.201	1.2165	1.4673	1.4058	0.2317
C	0.1489	0.2569	0.1926	0.3174	0.1289	0.3796	0.2241	0.2266	0.0958
D	1.3404	0.9635	0.2941	0.1467	0.7816	0.4321	0.9636	0.9327	0.1797
E	0.9082	1.5058	1.5024	0.2166	1.2149	1.5673	0.4329	1.3679	0.2028
F	0.1173	0.5297	0.4084	0.2076	0.4891	0.8452	1.8353	0.841	0.3976
G	0.4234	0.4851	0.7122	1.1796	0.3166	0.3103	1.7923	0.4972	0.1318
H	2.9127	1.157	0.6046	0.1342	0.6692	0.4585	1.2834	1.2008	0.1621
I	0.3678	0.8759	1.2656	1.4677	1.3277	2.5416	0.5986	1.3917	0.217
K	0.1063	1.4439	0.4802	0.1187	1.5252	0.3912	0.4026	0.9864	12.9891
L	0.4006	0.6884	1.6767	0.7232	1.5391	2.0632	0.4805	0.9846	0.193
M	0.2513	0.759	1.7904	0.3112	0.7003	1.5185	0.7241	0.8446	0.2043
N	5.7122	1.0983	0.8586	0.2275	0.9605	0.7072	0.8803	0.7813	0.2957
P	0.2069	0.74	0.6029	2.5744	0.8503	0.2793	0.4408	0.1334	0.1027
Q	0.9373	1.5182	1.3985	0.1931	1.0123	0.6179	0.8024	1.1764	0.2168
R	0.1323	1.35	0.3645	0.0717	0.9628	0.1892	0.2989	1.0316	1.3844
S	2.3766	0.8713	0.4955	0.9326	0.62	0.644	1.3582	0.8414	0.1757
T	0.6234	1.1368	0.5668	0.7955	0.9263	1.2602	0.8723	1.0364	0.1568
V	0.6695	1.0802	1.4546	2.0806	1.692	1.9558	1.2637	1.6339	0.1387
W	0.0577	0.3599	0.2352	0.0457	0.1812	0.5221	3.4587	1.3914	0.1069
Y	0.1359	0.8116	0.5097	0.1032	0.8876	0.4648	3.5769	1.3137	0.4219

pepL	alpha	w_s
12	99.5307	0.083	0.1488	0	0.3949	0.3734	0.3191	0.2311	0	0.3551	0.0947
13	98.9575	0.0263	0.0764	0.2382	0.4675	0.1916	0.2986	0.3626	0.1368	0.1653	0.0367
14	98.3294	0.0043	0.0259	0.161	0	0.4702	0.2977	0.0409	0.075	0.4753	0.3062	0	0.0775	0.0543	0.0116
15	98.0139	0.0017	0.0096	0.0839	0.376	0.4093	0.0998	0.0197	0.0247	0.1824	0.5409	0.1811	0.0376	0.0237	0.0096
16	98.2233	8e-04	0.0022	0.03	0.2337	0	0.5219	0.1563	0.0471	0.0079	0.0142	0.0382	0.3427	0.4747	0	0.0918	0.02	0.0102	0.0081
17	98.735	8e-04	0.0019	0.0146	0.1152	0.4293	0.2806	0.114	0.0363	0.0072	0.013	0.0234	0.1237	0.5223	0.2209	0.0523	0.0192	0.0136	0.0115
18	99.2174	5e-04	0.0013	0.0066	0.0433	0.2908	0	0.3312	0.218	0.0767	0.0267	0.005	0.0144	0.0207	0.0564	0.2371	0.44	0	0.1507	0.0358	0.016	0.0144	0.0144
19	99.5133	0.001	0.0012	0.0074	0.029	0.145	0.2323	0.2918	0.1844	0.0762	0.0263	0.0055	0.0246	0.0328	0.0639	0.1615	0.2563	0.2441	0.1005	0.0409	0.0246	0.026	0.0246
20	99.691	0.001	0.0012	0.0048	0.0176	0.0704	0.1449	0	0.2809	0.2454	0.1596	0.0505	0.0192	0.0045	0.0326	0.0347	0.0601	0.0749	0.1659	0.2018	0	0.2124	0.0812	0.0389	0.0326	0.0326	0.0326
21	99.7886	0.0013	0.002	0.0054	0.0189	0.0569	0.1038	0.1383	0.2554	0.2215	0.1327	0.043	0.0166	0.0041	0.0457	0.0457	0.0575	0.0991	0.1287	0.1376	0.0991	0.1258	0.0724	0.0516	0.0457	0.0457	0.0457
