Allele	DPA1_03_01__DPB1_15_01
Type	Standard
n_specificities	1
npep_u	1
npep_t	5000
spec_ids	1
L_core	9
L_N	0
L_C	0
CS_perL	1
pepL_lower	12
pepL_upper	21
n_diff_aa	20

PWM_norm.1	P1	P2	P3	P4	P5	P6	P7	P8	P9
A	0.2921	1.4102	1.589	1.1391	0.9397	1.4935	1.8554	1.0692	0.226
C	0.0915	0.1874	0.2185	0.332	0.203	0.6025	0.1503	0.1728	0.0269
D	0.0623	0.9491	0.9286	0.4058	1.2982	0.2345	0.3137	1.184	7.5578
E	0.069	1.3105	0.3778	1.9131	1.205	0.3833	1.8767	1.7529	6.6294
F	2.4478	0.8762	1.8035	0.462	0.5449	0.9977	0.2801	0.4482	0.3049
G	0.0897	0.4448	1.8808	0.2725	0.4122	0.4349	0.761	0.5537	0.1905
H	0.2618	1.1878	1.2825	0.6824	1.1697	0.5108	0.5617	0.7365	0.5977
I	5.6648	1.4663	0.5578	2.2461	0.8706	2.8912	1.006	0.8274	0.101
K	0.0822	1.0207	0.359	0.7184	1.6794	0.1732	0.6657	1.393	0.115
L	3.2827	1.0108	0.4188	1.8959	1.2209	1.8471	2.1606	0.7109	0.1309
M	2.2728	0.8326	0.7109	0.9848	0.5665	3.2931	1.278	0.4896	0.1404
N	0.1099	0.7516	0.8847	0.681	1.2485	0.4236	1.3315	1.1909	0.2504
P	0.1002	0.069	0.4658	0.1881	0.9525	0.8542	0.2497	1.0119	0.0721
Q	0.2234	1.1222	0.7425	0.7868	1.3636	0.4869	1.5162	1.2956	0.3981
R	0.6392	1.0122	0.3035	0.2892	1.0076	0.1844	0.3652	1.6622	0.0767
S	0.079	0.8119	1.4274	0.8139	0.773	0.6599	0.6126	0.864	0.1642
T	0.2201	1.0358	0.8491	1.2736	1.0342	0.6822	0.4447	0.9415	0.1446
V	2.4439	1.6822	1.2644	1.8881	1.0007	2.6019	1.2955	0.933	0.1245
W	0.5825	1.7064	3.5258	0.4479	0.2293	0.4195	0.1108	0.4326	0.113
Y	0.6484	1.4466	3.5327	0.3906	0.9775	0.7968	0.3452	0.8595	0.2946

pepL	alpha	w_s
12	99.5307	0.083	0.1488	0	0.3949	0.3734
13	98.9575	0.0263	0.0764	0.2382	0.4675	0.1916
14	98.3294	0.0043	0.0259	0.161	0	0.4702	0.2977	0.0409
15	98.0139	0.0017	0.0096	0.0839	0.376	0.4093	0.0998	0.0197
16	98.2233	8e-04	0.0022	0.03	0.2337	0	0.5219	0.1563	0.0471	0.0079
17	98.735	8e-04	0.0019	0.0146	0.1152	0.4293	0.2806	0.114	0.0363	0.0072
18	99.2174	5e-04	0.0013	0.0066	0.0433	0.2908	0	0.3312	0.218	0.0767	0.0267	0.005
19	99.5133	0.001	0.0012	0.0074	0.029	0.145	0.2323	0.2918	0.1844	0.0762	0.0263	0.0055
20	99.691	0.001	0.0012	0.0048	0.0176	0.0704	0.1449	0	0.2809	0.2454	0.1596	0.0505	0.0192	0.0045
21	99.7886	0.0013	0.002	0.0054	0.0189	0.0569	0.1038	0.1383	0.2554	0.2215	0.1327	0.043	0.0166	0.0041
