Allele	DPA1_03_01__DPB1_398_01
Type	Standard
n_specificities	2
npep_u	0.921	0.079
npep_t	5000	5000
spec_ids	1	-1
L_core	9
L_N	0
L_C	0
CS_perL	1
pepL_lower	12
pepL_upper	21
n_diff_aa	20

PWM_norm.1	P1	P2	P3	P4	P5	P6	P7	P8	P9
A	0.1372	1.4085	1.5855	1.1724	0.9935	0.6812	1.3296	1.0447	0.6833
C	0.0329	0.2063	0.2114	0.1698	0.2302	0.1703	0.2471	0.1682	0.4266
D	0.0737	0.9616	0.9642	1.6338	1.2982	0.0675	0.3812	1.1475	1.2757
E	0.0804	1.305	0.3794	3.7843	1.0499	0.1648	2.2204	1.8093	0.5944
F	0.5933	0.8772	1.8278	0.1646	0.6909	1.805	0.2322	0.4398	1.128
G	0.0593	0.4413	1.892	0.4735	0.4944	0.1292	0.55	0.5621	0.3154
H	0.4348	1.2262	1.2685	0.495	1.2316	0.233	0.6157	0.7571	0.3684
I	0.2547	1.438	0.5562	0.9988	0.8684	3.63	0.875	0.8391	3.7628
K	0.713	1.0157	0.3484	0.1873	1.5995	0.0619	0.6941	1.4017	0.1152
L	0.2413	0.9775	0.4135	0.3217	1.2107	3.1647	2.2971	0.7129	2.325
M	0.1628	0.8674	0.7004	0.3119	0.704	4.53	0.6888	0.4952	1.6104
N	0.1074	0.7709	0.8708	0.9835	1.1804	0.2714	1.7679	1.1898	0.3698
P	0.0567	0.0704	0.4409	0.1962	0.9443	0.3218	0.235	1.0294	0.1831
Q	0.268	1.1553	0.7608	0.775	1.4004	0.2719	1.44	1.2886	0.234
R	14.4019	1.0208	0.2825	0.0945	0.9425	0.061	0.3823	1.6462	0.0907
S	0.0752	0.8087	1.4462	1.5519	0.7613	0.2569	0.7042	0.8444	0.3381
T	0.1072	1.0437	0.8128	2.1365	1.0754	0.4419	0.537	0.9454	0.7654
V	0.1622	1.6549	1.2447	1.3178	0.9257	2.7054	1.323	0.9242	2.7332
W	0.0796	1.7998	3.568	0.1441	0.3159	0.3582	0.1301	0.4411	0.7335
Y	0.3082	1.4545	3.617	0.1154	1.1497	0.9295	0.2361	0.8371	1.9167

PWM_norm.2	P9	P8	P7	P6	P5	P4	P3	P2	P1
A	0.6482	1.1379	1.5831	0.2701	1.1092	1.2064	1.4257	1.371	0.4191
C	0.4873	0.2591	0.2833	0.0786	0.2052	0.2954	0.2671	0.2243	0.0597
D	1.1828	1.2235	0.3768	0.1079	1.2543	2.0526	0.941	0.9349	0.1395
E	0.5774	1.7883	1.6976	0.1145	1.19	2.1588	0.4527	1.3538	0.2103
F	1.152	0.705	0.402	4.9815	0.639	0.5833	1.847	0.8578	0.4906
G	0.313	0.5301	0.3511	0.1326	0.5578	0.5361	1.6812	0.5028	0.0984
H	0.321	0.8619	0.6855	0.2263	1.0796	0.5773	1.3119	1.2282	0.3985
I	3.7297	0.8012	1.1907	2.3017	0.9732	0.9619	0.6692	1.4097	0.1833
K	0.1213	1.4117	0.6522	0.0948	1.7606	0.2045	0.428	1.0057	0.8013
L	2.3947	0.6738	1.8065	3.8481	1.0728	0.3682	0.5209	0.9638	0.2247
M	1.7129	0.643	0.5651	3.0351	0.7975	0.6054	0.7827	0.8689	0.1904
N	0.3774	1.1715	1.2164	0.2806	1.2163	2.1982	0.8797	0.7889	0.1558
P	0.2087	0.8269	0.6837	0.2281	0.8585	0.4233	0.4849	0.1209	0.0643
Q	0.2246	1.4084	1.136	0.6245	1.3233	0.9558	0.8172	1.1708	0.2619
R	0.1069	1.4797	0.385	0.0611	1.0435	0.1428	0.322	1.0354	13.7805
S	0.3158	0.8316	0.6307	0.1711	0.6705	1.2193	1.2819	0.8419	0.1136
T	0.7814	0.9163	1.2072	0.4993	1.1868	2.2712	0.8982	1.0472	0.1198
V	2.7233	1.0253	1.9041	0.9454	0.7775	1.4018	1.2869	1.6331	0.1449
W	0.7005	0.3792	0.2177	0.6857	0.2817	0.2898	3.5331	1.4894	0.0956
Y	1.8777	0.664	0.3866	2.2795	1.0302	0.2948	3.4166	1.318	0.2515

pepL	alpha	w_s
12	99.5307	0.083	0.1488	0	0.3949	0.3733	0.3191	0.2311	0	0.3551	0.0947
13	98.9574	0.0263	0.0764	0.2382	0.4675	0.1916	0.2986	0.3626	0.1368	0.1653	0.0367
14	98.3293	0.0043	0.0259	0.161	0	0.4702	0.2976	0.0409	0.075	0.4753	0.3062	0	0.0775	0.0543	0.0116
15	98.0138	0.0017	0.0096	0.0839	0.3761	0.4093	0.0998	0.0197	0.0247	0.1824	0.5409	0.1811	0.0376	0.0237	0.0096
16	98.2233	8e-04	0.0022	0.03	0.2337	0	0.522	0.1562	0.0472	0.0079	0.0142	0.0382	0.3427	0.4747	0	0.0918	0.02	0.0102	0.0081
17	98.7349	8e-04	0.0019	0.0146	0.1152	0.4294	0.2806	0.114	0.0362	0.0072	0.013	0.0234	0.1237	0.5223	0.2209	0.0523	0.0192	0.0136	0.0115
18	99.2174	5e-04	0.0013	0.0066	0.0433	0.2908	0	0.3312	0.218	0.0767	0.0267	0.005	0.0144	0.0207	0.0564	0.2371	0.44	0	0.1507	0.0358	0.016	0.0144	0.0144
19	99.5134	0.001	0.0012	0.0074	0.029	0.145	0.2323	0.2917	0.1843	0.0762	0.0263	0.0055	0.0246	0.0328	0.0639	0.1615	0.2563	0.2441	0.1005	0.0409	0.0246	0.026	0.0246
20	99.6911	0.001	0.0012	0.0048	0.0176	0.0704	0.1449	0	0.2809	0.2453	0.1596	0.0505	0.0192	0.0045	0.0326	0.0347	0.0601	0.0749	0.1659	0.2018	0	0.2124	0.0812	0.0389	0.0326	0.0326	0.0326
21	99.7886	0.0013	0.002	0.0054	0.0189	0.0569	0.1038	0.1384	0.2552	0.2215	0.1327	0.043	0.0166	0.0041	0.0457	0.0457	0.0575	0.0991	0.1287	0.1376	0.0991	0.1258	0.0724	0.0516	0.0457	0.0457	0.0457
