Allele	DPA1_03_01__DPB1_547_01
Type	Standard
n_specificities	2
npep_u	0.966	0.034
npep_t	5000	5000
spec_ids	1	-1
L_core	9
L_N	0
L_C	0
CS_perL	1
pepL_lower	12
pepL_upper	21
n_diff_aa	20

PWM_norm.1	P1	P2	P3	P4	P5	P6	P7	P8	P9
A	0.1262	1.4085	1.5855	1.0966	0.9404	0.683	0.7065	1.5438	1.3768
C	0.0471	0.2063	0.2114	0.1209	0.2319	0.1811	0.1511	0.1549	0.3852
D	0.0371	0.9616	0.9642	0.371	1.2955	0.0626	0.2532	0.777	0.7563
E	0.0658	1.305	0.3794	1.11	1.0456	0.1544	1.4353	1.3361	0.3935
F	8.0451	0.8772	1.8278	0.3962	0.6734	2.4594	0.3387	0.2874	4.7055
G	0.0441	0.4413	1.892	0.3528	0.5312	0.1376	0.1967	0.6529	0.5335
H	0.2648	1.2262	1.2685	3.2306	1.1783	0.2112	2.8535	0.8949	0.2742
I	2.7954	1.438	0.5562	0.9724	0.8615	3.2841	0.7271	0.791	1.8182
K	0.031	1.0157	0.3484	3.7186	1.6292	0.0704	1.8956	1.8537	0.1591
L	2.5535	0.9775	0.4135	0.3912	1.089	3.2795	1.5402	0.5161	1.0677
M	1.5707	0.8674	0.7004	0.4076	0.683	4.1958	0.3746	0.4118	2.3262
N	0.0775	0.7709	0.8708	0.9457	1.2691	0.1817	1.8505	1.4571	0.4137
P	0.0321	0.0704	0.4409	0.2076	1.0599	0.3171	0.1177	1.1946	0.3421
Q	0.1412	1.1553	0.7608	0.9723	1.336	0.2081	3.8148	1.5402	0.245
R	0.0765	1.0208	0.2825	0.7882	0.9261	0.0736	1.1476	1.1767	0.1655
S	0.0476	0.8087	1.4462	1.1852	0.79	0.2572	0.3133	1.338	0.9413
T	0.0855	1.0437	0.8128	1.3319	1.227	0.4499	0.3603	0.7606	1.3967
V	0.8762	1.6549	1.2447	1.1074	0.8557	2.376	0.8363	0.5587	1.7414
W	3.6668	1.7998	3.568	0.722	0.317	0.5524	0.3421	0.248	1.0926
Y	6.0257	1.4545	3.617	0.4959	1.2167	1.3442	0.4001	0.7668	1.8096

PWM_norm.2	P9	P8	P7	P6	P5	P4	P3	P2	P1
A	1.1179	0.8791	0.7815	0.2808	0.9997	1.0119	1.4257	1.371	0.1589
C	0.4166	0.1863	0.1607	0.0852	0.2459	0.2375	0.2671	0.2243	0.0543
D	0.5169	1.6725	0.2421	0.0892	1.2836	0.5689	0.941	0.9349	0.0406
E	0.5213	1.6035	1.2814	0.1074	1.1064	0.8827	0.4527	1.3538	0.0711
F	1.6379	0.7985	0.3374	7.2222	0.6324	0.8734	1.847	0.8578	8.2146
G	0.9612	0.8331	0.1607	0.1319	0.5803	0.4409	1.6812	0.5028	0.0547
H	0.3399	1.1457	2.9501	0.1972	1.0479	2.9921	1.3119	1.2282	0.2578
I	2.0462	0.7464	0.9872	1.9484	0.9611	0.8586	0.6692	1.4097	2.6781
K	0.295	1.2467	1.6112	0.1128	1.731	2.774	0.428	1.0057	0.0395
L	2.4829	0.8215	1.4547	3.0949	1.0163	0.4854	0.5209	0.9638	2.4067
M	3.3441	0.4634	0.353	2.7717	0.7949	0.6691	0.7827	0.8689	1.61
N	0.3958	1.1479	1.7651	0.1988	1.2429	1.5861	0.8797	0.7889	0.0852
P	0.3761	0.4972	0.2338	0.2171	1.0017	0.2833	0.4849	0.1209	0.0335
Q	0.6553	2.1222	3.6543	0.4435	1.3113	1.0315	0.8172	1.1708	0.134
R	0.3742	1.015	1.0287	0.0746	1.0369	0.9216	0.322	1.0354	0.0931
S	0.5611	0.8051	0.3267	0.1442	0.7141	0.9572	1.2819	0.8419	0.0495
T	0.7481	0.9016	0.5628	0.4127	1.2658	1.3448	0.8982	1.0472	0.0956
V	1.3077	0.9627	1.1101	0.8018	0.7449	1.1411	1.2869	1.6331	0.9097
W	0.5728	0.5687	0.3052	1.5517	0.3113	1.2302	3.5331	1.4894	3.6106
Y	1.2956	0.6728	0.4806	3.522	1.1569	0.8802	3.4166	1.318	6.2431

pepL	alpha	w_s
12	99.5307	0.083	0.1488	0	0.3949	0.3733	0.3191	0.2311	0	0.3551	0.0947
13	98.9574	0.0263	0.0764	0.2382	0.4675	0.1916	0.2986	0.3626	0.1368	0.1653	0.0367
14	98.3293	0.0043	0.0259	0.161	0	0.4702	0.2976	0.0409	0.075	0.4753	0.3062	0	0.0775	0.0543	0.0116
15	98.0138	0.0017	0.0096	0.0839	0.3761	0.4093	0.0998	0.0197	0.0247	0.1824	0.5409	0.1811	0.0376	0.0237	0.0096
16	98.2233	8e-04	0.0022	0.03	0.2337	0	0.522	0.1562	0.0472	0.0079	0.0142	0.0382	0.3427	0.4747	0	0.0918	0.02	0.0102	0.0081
17	98.7349	8e-04	0.0019	0.0146	0.1152	0.4294	0.2806	0.114	0.0362	0.0072	0.013	0.0234	0.1237	0.5223	0.2209	0.0523	0.0192	0.0136	0.0115
18	99.2174	5e-04	0.0013	0.0066	0.0433	0.2908	0	0.3312	0.218	0.0767	0.0267	0.005	0.0144	0.0207	0.0564	0.2371	0.44	0	0.1507	0.0358	0.016	0.0144	0.0144
19	99.5134	0.001	0.0012	0.0074	0.029	0.145	0.2323	0.2917	0.1843	0.0762	0.0263	0.0055	0.0246	0.0328	0.0639	0.1615	0.2563	0.2441	0.1005	0.0409	0.0246	0.026	0.0246
20	99.6911	0.001	0.0012	0.0048	0.0176	0.0704	0.1449	0	0.2809	0.2453	0.1596	0.0505	0.0192	0.0045	0.0326	0.0347	0.0601	0.0749	0.1659	0.2018	0	0.2124	0.0812	0.0389	0.0326	0.0326	0.0326
21	99.7886	0.0013	0.002	0.0054	0.0189	0.0569	0.1038	0.1384	0.2552	0.2215	0.1327	0.043	0.0166	0.0041	0.0457	0.0457	0.0575	0.0991	0.1287	0.1376	0.0991	0.1258	0.0724	0.0516	0.0457	0.0457	0.0457
