Allele	DPA1_04_01__DPB1_31_01
Type	Standard
n_specificities	2
npep_u	0.98	0.02
npep_t	5000	5000
spec_ids	1	-1
L_core	9
L_N	0
L_C	0
CS_perL	1
pepL_lower	12
pepL_upper	21
n_diff_aa	20

PWM_norm.1	P1	P2	P3	P4	P5	P6	P7	P8	P9
A	0.1385	1.4102	1.6783	0.9417	0.9379	0.182	2.6205	1.0107	0.7454
C	0.0306	0.1874	0.2144	0.2342	0.184	0.043	0.2548	0.1698	0.3703
D	0.0667	0.9491	1.0224	1.4458	1.237	0.0347	0.5136	0.9927	0.8738
E	0.083	1.3105	0.436	3.1586	1.0444	0.0489	1.71	1.5757	0.5618
F	0.6121	0.8762	1.5576	0.2246	0.6961	15.9768	0.2982	0.5323	1.4669
G	0.0622	0.4448	1.766	0.4459	0.5479	0.0667	0.8588	0.6619	0.3211
H	0.4195	1.1878	1.2678	0.7251	1.2466	0.168	0.3434	0.8954	0.3495
I	0.2531	1.4663	0.6236	0.9285	0.8607	0.5693	0.8383	0.8656	3.831
K	0.8316	1.0207	0.4236	0.4522	1.7104	0.0335	0.4037	1.391	0.1173
L	0.2456	1.0108	0.4559	0.4019	1.1378	0.944	1.8638	0.8046	2.2751
M	0.1704	0.8326	0.7774	0.3625	0.692	0.8376	0.8873	0.5943	1.7788
N	0.1057	0.7516	0.7887	0.9384	1.2448	0.137	1.2144	1.1034	0.3361
P	0.0603	0.069	0.5459	0.2749	0.8528	0.1447	0.3346	1.1239	0.1935
Q	0.2678	1.1222	0.8186	0.7283	1.4306	0.0945	0.8888	1.2241	0.3059
R	14.2122	1.0122	0.3564	0.227	1.0026	0.028	0.3368	1.6107	0.1394
S	0.078	0.8119	1.4019	1.4	0.8011	0.1176	0.9003	0.8283	0.3231
T	0.1126	1.0358	0.9751	2.709	1.1106	0.1678	0.6389	0.9307	0.6812
V	0.1815	1.6822	1.3037	1.475	0.9555	0.3262	1.3282	0.9473	2.7232
W	0.0848	1.7064	2.546	0.2652	0.2934	3.5851	0.1039	0.468	0.7516
Y	0.3501	1.4466	3.0238	0.2441	1.0488	6.2947	0.3375	0.9991	2.1253

PWM_norm.2	P9	P8	P7	P6	P5	P4	P3	P2	P1
A	0.683	1.1144	2.4463	0.1495	1.0687	0.8583	1.57	1.4058	0.4409
C	0.3904	0.2842	0.2387	0.0449	0.176	0.159	0.1819	0.2266	0.0596
D	1.0999	1.0391	0.4954	0.0325	1.2164	1.3555	1.0103	0.9327	0.1533
E	0.6094	1.5474	1.4564	0.0402	1.1621	3.1979	0.4709	1.3679	0.2216
F	1.4174	0.73	0.4296	16.6412	0.6314	0.2877	1.5707	0.841	0.573
G	0.3286	0.6315	0.5576	0.0743	0.5802	0.4074	1.7699	0.4972	0.1034
H	0.3049	0.9979	0.4465	0.1396	1.0578	0.655	1.2708	1.2008	0.414
I	3.7384	0.8451	0.9961	0.478	0.9268	0.8795	0.6581	1.3917	0.1845
K	0.1083	1.4026	0.4522	0.0485	1.7974	0.7463	0.4566	0.9864	0.8562
L	2.2388	0.7406	1.6628	0.8699	1.0103	0.3764	0.492	0.9846	0.2399
M	1.8186	0.7444	0.7385	0.7034	0.7719	0.3781	0.7187	0.8446	0.2233
N	0.3489	1.1187	1.1199	0.096	1.3108	1.0429	0.8493	0.7813	0.1594
P	0.1579	0.9636	0.8008	0.095	0.9059	0.293	0.5549	0.1334	0.074
Q	0.25	1.2852	1.026	0.0932	1.3738	0.8156	0.86	1.1764	0.268
R	0.1055	1.4773	0.3295	0.0356	1.0897	0.2732	0.3524	1.0316	13.4773
S	0.3249	0.8286	0.7781	0.1022	0.72	1.3069	1.3705	0.8414	0.1157
T	0.7098	0.9419	0.9984	0.1467	1.195	2.6469	0.9301	1.0364	0.1289
V	2.7929	1.0066	1.5446	0.2236	0.7444	1.4271	1.2527	1.6339	0.1567
W	0.7822	0.479	0.1838	3.2874	0.226	0.22	2.3115	1.3914	0.123
Y	2.0996	0.8275	0.4027	6.6543	1.0257	0.2924	3.2665	1.3137	0.3399

pepL	alpha	w_s
12	99.5307	0.083	0.1488	0	0.3949	0.3734	0.3191	0.2311	0	0.3551	0.0947
13	98.9575	0.0263	0.0764	0.2382	0.4675	0.1916	0.2986	0.3626	0.1368	0.1653	0.0367
14	98.3294	0.0043	0.0259	0.161	0	0.4702	0.2977	0.0409	0.075	0.4753	0.3062	0	0.0775	0.0543	0.0116
15	98.0139	0.0017	0.0096	0.0839	0.376	0.4093	0.0998	0.0197	0.0247	0.1824	0.5409	0.1811	0.0376	0.0237	0.0096
16	98.2233	8e-04	0.0022	0.03	0.2337	0	0.5219	0.1563	0.0471	0.0079	0.0142	0.0382	0.3427	0.4747	0	0.0918	0.02	0.0102	0.0081
17	98.735	8e-04	0.0019	0.0146	0.1152	0.4293	0.2806	0.114	0.0363	0.0072	0.013	0.0234	0.1237	0.5223	0.2209	0.0523	0.0192	0.0136	0.0115
18	99.2174	5e-04	0.0013	0.0066	0.0433	0.2908	0	0.3312	0.218	0.0767	0.0267	0.005	0.0144	0.0207	0.0564	0.2371	0.44	0	0.1507	0.0358	0.016	0.0144	0.0144
19	99.5133	0.001	0.0012	0.0074	0.029	0.145	0.2323	0.2918	0.1844	0.0762	0.0263	0.0055	0.0246	0.0328	0.0639	0.1615	0.2563	0.2441	0.1005	0.0409	0.0246	0.026	0.0246
20	99.691	0.001	0.0012	0.0048	0.0176	0.0704	0.1449	0	0.2809	0.2454	0.1596	0.0505	0.0192	0.0045	0.0326	0.0347	0.0601	0.0749	0.1659	0.2018	0	0.2124	0.0812	0.0389	0.0326	0.0326	0.0326
21	99.7886	0.0013	0.002	0.0054	0.0189	0.0569	0.1038	0.1383	0.2554	0.2215	0.1327	0.043	0.0166	0.0041	0.0457	0.0457	0.0575	0.0991	0.1287	0.1376	0.0991	0.1258	0.0724	0.0516	0.0457	0.0457	0.0457
