Allele	DPA1_04_01__DPB1_124_01
Type	Standard
n_specificities	1
npep_u	1
npep_t	5000
spec_ids	1
L_core	9
L_N	0
L_C	0
CS_perL	1
pepL_lower	12
pepL_upper	21
n_diff_aa	20

PWM_norm.1	P1	P2	P3	P4	P5	P6	P7	P8	P9
A	0.1385	1.5926	1.7519	1.1979	1.4465	6.0495	3.8698	1.2537	1.9263
C	0.0306	0.1911	0.2272	0.1136	0.1614	0.4135	0.3283	0.2194	0.3033
D	0.0667	0.5011	0.7734	1.4327	0.8262	0.0825	0.5886	0.7694	1.1484
E	0.083	1.257	0.5232	2.3036	0.9961	0.1439	1.2686	1.3274	0.973
F	0.6121	1.1426	1.3687	0.1379	0.6792	0.2781	0.5506	0.5541	0.3388
G	0.0622	0.4293	1.4627	0.4185	0.3913	1.0807	0.7692	0.666	0.675
H	0.4195	0.5759	0.714	0.2819	0.5168	0.0885	0.3013	1.1372	2.4171
I	0.2531	1.2912	1.0965	2.5862	1.4925	1.0713	0.8635	0.9965	0.6907
K	0.8316	1.225	0.3756	0.1665	1.2011	0.0746	0.2974	1.385	0.1726
L	0.2456	1.4538	0.774	0.3279	1.6191	0.3945	1.3744	0.7854	0.6724
M	0.1704	0.7717	0.6949	0.3684	0.9005	0.2012	1.1495	0.7113	0.5455
N	0.1057	0.9376	0.8535	0.5264	0.9099	0.1396	0.7654	1.1171	3.538
P	0.0603	0.1469	0.7148	1.08	1.0038	2.6072	0.4235	1.0996	0.2971
Q	0.2678	0.7673	0.7441	0.38	0.969	0.0873	0.8252	1.2208	1.238
R	14.2122	0.9205	0.1946	0.0729	0.7418	0.047	0.3856	1.3653	0.2951
S	0.078	0.6965	1.1269	1.6717	0.5707	0.9696	0.774	0.8703	1.8761
T	0.1126	1.2701	0.9392	2.2606	0.9784	0.4724	0.6418	1.0488	0.804
V	0.1815	1.4832	1.7586	1.6724	1.4791	1.5125	1.3611	1.0082	1.0332
W	0.0848	0.7443	2.8919	0.0942	0.2207	0.0593	0.1485	0.4551	0.1725
Y	0.3501	1.6377	2.5285	0.0999	1.1872	0.2052	0.4979	0.9636	0.3775

pepL	alpha	w_s
12	99.5307	0.083	0.1488	0	0.3949	0.3734
13	98.9575	0.0263	0.0764	0.2382	0.4675	0.1916
14	98.3294	0.0043	0.0259	0.161	0	0.4702	0.2977	0.0409
15	98.0139	0.0017	0.0096	0.0839	0.376	0.4093	0.0998	0.0197
16	98.2233	8e-04	0.0022	0.03	0.2337	0	0.5219	0.1563	0.0471	0.0079
17	98.735	8e-04	0.0019	0.0146	0.1152	0.4293	0.2806	0.114	0.0363	0.0072
18	99.2174	5e-04	0.0013	0.0066	0.0433	0.2908	0	0.3312	0.218	0.0767	0.0267	0.005
19	99.5133	0.001	0.0012	0.0074	0.029	0.145	0.2323	0.2918	0.1844	0.0762	0.0263	0.0055
20	99.691	0.001	0.0012	0.0048	0.0176	0.0704	0.1449	0	0.2809	0.2454	0.1596	0.0505	0.0192	0.0045
21	99.7886	0.0013	0.002	0.0054	0.0189	0.0569	0.1038	0.1383	0.2554	0.2215	0.1327	0.043	0.0166	0.0041
