Allele	DPA1_02_01__DPB1_127_01
Type	Standard
n_specificities	2
npep_u	0.842	0.158
npep_t	5000	5000
spec_ids	1	-1
L_core	9
L_N	0
L_C	0
CS_perL	1
pepL_lower	12
pepL_upper	21
n_diff_aa	20

PWM_norm.1	P1	P2	P3	P4	P5	P6	P7	P8	P9
A	0.1003	1.5793	1.7484	1.2911	0.9935	0.7542	1.3296	1.0447	0.2355
C	0.0305	0.1805	0.2178	0.3279	0.2302	0.1893	0.2471	0.1682	0.0265
D	0.069	0.5207	0.8042	1.8083	1.2982	0.1318	0.3812	1.1475	7.5912
E	0.0889	1.2846	0.5221	1.7882	1.0499	0.2244	2.2204	1.8093	6.7203
F	0.3389	1.1255	1.4017	0.2661	0.6909	7.5918	0.2322	0.4398	0.2738
G	0.0553	0.4308	1.4555	0.8394	0.4944	0.2541	0.55	0.5621	0.1836
H	0.0976	0.6067	0.7152	0.8176	1.2316	0.4767	0.6157	0.7571	0.6014
I	0.1606	1.2851	1.1234	1.4799	0.8684	1.3682	0.875	0.8391	0.0894
K	12.9119	1.2202	0.3665	0.2614	1.5995	0.114	0.6941	1.4017	0.1199
L	0.1302	1.3978	0.7705	0.379	1.2107	1.5539	2.2971	0.7129	0.1124
M	0.1265	0.7858	0.6904	0.4701	0.704	1.4856	0.6888	0.4952	0.1134
N	0.1014	0.9549	0.8542	1.1563	1.1804	0.4084	1.7679	1.1898	0.2166
P	0.0408	0.147	0.6846	1.1511	0.9443	0.6429	0.235	1.0294	0.0655
Q	0.104	0.7958	0.7468	0.6271	1.4004	0.4031	1.44	1.2886	0.3728
R	2.8675	0.9213	0.1847	0.1393	0.9425	0.1056	0.3823	1.6462	0.0767
S	0.0582	0.7162	1.1411	1.4253	0.7613	0.3921	0.7042	0.8444	0.1592
T	0.0873	1.278	0.897	1.8666	1.0754	0.454	0.537	0.9454	0.1465
V	0.1069	1.479	1.7378	1.5454	0.9257	0.8746	1.323	0.9242	0.1137
W	0.0476	0.7527	2.9589	0.241	0.3159	4.113	0.1301	0.4411	0.0927
Y	0.2857	1.625	2.6035	0.2011	1.1497	4.9754	0.2361	0.8371	0.2701

PWM_norm.2	P9	P8	P7	P6	P5	P4	P3	P2	P1
A	0.3437	1.1379	1.5831	0.5581	1.1092	1.3811	1.3796	1.7726	0.2402
C	0.0821	0.2591	0.2833	0.2112	0.2052	0.478	0.3517	0.428	0.0903
D	5.1355	1.2235	0.3768	0.2158	1.2543	1.7839	0.6085	0.348	0.1632
E	6.71	1.7883	1.6976	0.2943	1.19	1.5346	0.7029	1.3441	0.206
F	0.3124	0.705	0.402	3.9838	0.639	0.3047	1.7204	0.9842	0.4182
G	0.4418	0.5301	0.3511	0.2438	0.5578	0.4231	0.7166	0.6618	0.1355
H	0.5604	0.8619	0.6855	0.5554	1.0796	0.5373	0.7617	0.4133	0.1851
I	0.3113	0.8012	1.1907	1.5517	0.9732	1.6372	1.2149	1.5777	0.1947
K	0.3241	1.4117	0.6522	0.4524	1.7606	0.282	0.702	1.3002	12.845
L	0.1776	0.6738	1.8065	3.1904	1.0728	0.4204	1.4124	0.9229	0.1844
M	0.2454	0.643	0.5651	3.3225	0.7975	0.9072	0.9716	0.5454	0.196
N	0.3749	1.1715	1.2164	0.3793	1.2163	2.7638	0.7941	0.8595	0.3053
P	0.1743	0.8269	0.6837	0.482	0.8585	0.6999	0.6531	0.9263	0.0924
Q	0.5494	1.4084	1.136	1.2659	1.3233	0.5981	0.7663	0.8526	0.2209
R	0.2429	1.4797	0.385	0.2041	1.0435	0.2258	0.4104	0.939	1.5668
S	0.2704	0.8316	0.6307	0.3461	0.6705	1.2097	0.8232	0.983	0.1714
T	0.3739	0.9163	1.2072	0.4936	1.1868	1.7232	1.0669	1.0403	0.1575
V	0.2753	1.0253	1.9041	0.8361	0.7775	1.7399	1.2789	1.1606	0.1262
W	0.1364	0.3792	0.2177	1.1313	0.2817	0.2998	3.2061	0.4159	0.0873
Y	0.2809	0.664	0.3866	1.4093	1.0302	0.2741	2.3966	0.8243	0.4201

pepL	alpha	w_s
12	99.5307	0.083	0.1488	0	0.3949	0.3733	0.3191	0.2311	0	0.3551	0.0947
13	98.9574	0.0263	0.0764	0.2382	0.4675	0.1916	0.2986	0.3626	0.1368	0.1653	0.0367
14	98.3293	0.0043	0.0259	0.161	0	0.4702	0.2976	0.0409	0.075	0.4753	0.3062	0	0.0775	0.0543	0.0116
15	98.0138	0.0017	0.0096	0.0839	0.3761	0.4093	0.0998	0.0197	0.0247	0.1824	0.5409	0.1811	0.0376	0.0237	0.0096
16	98.2233	8e-04	0.0022	0.03	0.2337	0	0.522	0.1562	0.0472	0.0079	0.0142	0.0382	0.3427	0.4747	0	0.0918	0.02	0.0102	0.0081
17	98.7349	8e-04	0.0019	0.0146	0.1152	0.4294	0.2806	0.114	0.0362	0.0072	0.013	0.0234	0.1237	0.5223	0.2209	0.0523	0.0192	0.0136	0.0115
18	99.2174	5e-04	0.0013	0.0066	0.0433	0.2908	0	0.3312	0.218	0.0767	0.0267	0.005	0.0144	0.0207	0.0564	0.2371	0.44	0	0.1507	0.0358	0.016	0.0144	0.0144
19	99.5134	0.001	0.0012	0.0074	0.029	0.145	0.2323	0.2917	0.1843	0.0762	0.0263	0.0055	0.0246	0.0328	0.0639	0.1615	0.2563	0.2441	0.1005	0.0409	0.0246	0.026	0.0246
20	99.6911	0.001	0.0012	0.0048	0.0176	0.0704	0.1449	0	0.2809	0.2453	0.1596	0.0505	0.0192	0.0045	0.0326	0.0347	0.0601	0.0749	0.1659	0.2018	0	0.2124	0.0812	0.0389	0.0326	0.0326	0.0326
21	99.7886	0.0013	0.002	0.0054	0.0189	0.0569	0.1038	0.1384	0.2552	0.2215	0.1327	0.043	0.0166	0.0041	0.0457	0.0457	0.0575	0.0991	0.1287	0.1376	0.0991	0.1258	0.0724	0.0516	0.0457	0.0457	0.0457
