Allele	DPA1_01_03__DPB1_585_01
Type	Standard
n_specificities	1
npep_u	1
npep_t	5000
spec_ids	1
L_core	9
L_N	0
L_C	0
CS_perL	1
pepL_lower	12
pepL_upper	21
n_diff_aa	20

PWM_norm.1	P1	P2	P3	P4	P5	P6	P7	P8	P9
A	0.2307	1.4085	1.5855	0.8382	1.0213	0.6918	1.819	1.0447	0.2355
C	0.0777	0.2063	0.2114	0.2592	0.1923	0.1618	0.165	0.1682	0.0265
D	0.0661	0.9616	0.9642	0.3301	1.2572	0.1101	0.2878	1.1475	7.5912
E	0.0576	1.305	0.3794	1.7092	1.143	0.216	1.8733	1.8093	6.7203
F	2.6151	0.8772	1.8278	0.5205	0.5678	8.2154	0.2483	0.4398	0.2738
G	0.0796	0.4413	1.892	0.2984	0.4254	0.2795	0.6988	0.5621	0.1836
H	0.2026	1.2262	1.2685	0.5524	1.1935	0.459	0.5205	0.7571	0.6014
I	6.1272	1.438	0.5562	1.9645	0.8618	1.1676	1.0278	0.8391	0.0894
K	0.0565	1.0157	0.3484	0.8593	1.687	0.1337	0.6513	1.4017	0.1199
L	3.4565	0.9775	0.4135	2.1896	1.1508	1.5442	2.3269	0.7129	0.1124
M	2.038	0.8674	0.7004	0.869	0.6196	1.4483	1.2129	0.4952	0.1134
N	0.0795	0.7709	0.8708	0.6803	1.2785	0.3292	1.3052	1.1898	0.2166
P	0.0849	0.0704	0.4409	0.1624	0.9092	0.6024	0.2128	1.0294	0.0655
Q	0.1489	1.1553	0.7608	0.7861	1.3224	0.3699	1.5911	1.2886	0.3728
R	0.3712	1.0208	0.2825	0.2944	1.0311	0.1214	0.3008	1.6462	0.0767
S	0.0641	0.8087	1.4462	0.8128	0.8018	0.4085	0.6184	0.8444	0.1592
T	0.1848	1.0437	0.8128	1.5786	1.0844	0.4865	0.4039	0.9454	0.1465
V	2.3524	1.6549	1.2447	1.9417	1.0064	0.8919	1.3311	0.9242	0.1137
W	0.6321	1.7998	3.568	0.4777	0.2573	4.0899	0.0926	0.4411	0.0927
Y	0.6381	1.4545	3.617	0.3685	1.0113	4.7752	0.2694	0.8371	0.2701

pepL	alpha	w_s
12	99.5307	0.083	0.1488	0	0.3949	0.3733
13	98.9574	0.0263	0.0764	0.2382	0.4675	0.1916
14	98.3293	0.0043	0.0259	0.161	0	0.4702	0.2976	0.0409
15	98.0138	0.0017	0.0096	0.0839	0.3761	0.4093	0.0998	0.0197
16	98.2233	8e-04	0.0022	0.03	0.2337	0	0.522	0.1562	0.0472	0.0079
17	98.7349	8e-04	0.0019	0.0146	0.1152	0.4294	0.2806	0.114	0.0362	0.0072
18	99.2174	5e-04	0.0013	0.0066	0.0433	0.2908	0	0.3312	0.218	0.0767	0.0267	0.005
19	99.5134	0.001	0.0012	0.0074	0.029	0.145	0.2323	0.2917	0.1843	0.0762	0.0263	0.0055
20	99.6911	0.001	0.0012	0.0048	0.0176	0.0704	0.1449	0	0.2809	0.2453	0.1596	0.0505	0.0192	0.0045
21	99.7886	0.0013	0.002	0.0054	0.0189	0.0569	0.1038	0.1384	0.2552	0.2215	0.1327	0.043	0.0166	0.0041
