Allele	DPA1_02_09__DPB1_91_01
Type	Standard
n_specificities	2
npep_u	0.878	0.122
npep_t	5000	5000
spec_ids	1	-1
L_core	9
L_N	0
L_C	0
CS_perL	1
pepL_lower	12
pepL_upper	21
n_diff_aa	20

PWM_norm.1	P1	P2	P3	P4	P5	P6	P7	P8	P9
A	0.0971	1.4102	1.589	0.9433	1.4465	5.6504	3.8698	1.3929	1.052
C	0.0329	0.1874	0.2185	0.092	0.1614	0.4978	0.3283	0.1648	0.4152
D	0.0653	0.9491	0.9286	1.5404	0.8262	0.1107	0.5886	0.8155	0.1582
E	0.0821	1.3105	0.3778	4.0282	0.9961	0.1533	1.2686	1.5579	0.1988
F	0.3403	0.8762	1.8035	0.1288	0.6792	0.379	0.5506	0.4171	0.1974
G	0.0545	0.4448	1.8808	0.2714	0.3913	0.879	0.7692	0.5194	0.1244
H	0.0965	1.1878	1.2825	0.3609	0.5168	0.101	0.3013	0.9576	0.1156
I	0.1529	1.4663	0.5578	1.0256	1.4925	1.1416	0.8635	0.9771	2.7561
K	13.3495	1.0207	0.359	0.173	1.2011	0.0711	0.2974	1.4241	0.0439
L	0.1208	1.0108	0.4188	0.2915	1.6191	0.2725	1.3744	0.7134	4.033
M	0.1176	0.8326	0.7109	0.2616	0.9005	0.1938	1.1495	0.6522	0.9754
N	0.0937	0.7516	0.8847	0.6565	0.9099	0.1461	0.7654	1.1672	0.3493
P	0.0434	0.069	0.4658	0.2012	1.0038	1.9581	0.4235	0.934	0.0599
Q	0.1005	1.1222	0.7425	0.5941	0.969	0.0671	0.8252	1.2856	0.2873
R	2.4661	1.0122	0.3035	0.0861	0.7418	0.0462	0.3856	1.3797	0.0537
S	0.0529	0.8119	1.4274	1.7774	0.5707	1.0393	0.774	0.929	0.5592
T	0.0807	1.0358	0.8491	2.8006	0.9784	0.6097	0.6418	1.1016	0.8512
V	0.1119	1.6822	1.2644	1.1928	1.4791	2.6767	1.3611	1.0323	3.4499
W	0.0501	1.7064	3.5258	0.1007	0.2207	0.0572	0.1485	0.3216	0.0499
Y	0.3054	1.4466	3.5327	0.1037	1.1872	0.2332	0.4979	0.8037	0.12

PWM_norm.2	P9	P8	P7	P6	P5	P4	P3	P2	P1
A	0.8153	1.3307	4.0861	5.5686	1.2707	0.9646	1.4673	1.4058	0.2317
C	0.3476	0.2569	0.2719	0.5102	0.1536	0.1159	0.2241	0.2266	0.0958
D	0.3606	0.9635	0.4843	0.1519	0.783	1.3504	0.9636	0.9327	0.1797
E	0.4256	1.5058	0.9968	0.1716	1.0189	4.3802	0.4329	1.3679	0.2028
F	0.472	0.5297	0.3972	1.2828	0.6776	0.1481	1.8353	0.841	0.3976
G	0.1909	0.4851	0.5624	0.9347	0.4332	0.253	1.7923	0.4972	0.1318
H	0.1545	1.157	0.3049	0.2513	0.5589	0.3157	1.2834	1.2008	0.1621
I	3.5465	0.8759	0.8389	0.9584	1.5867	0.9155	0.5986	1.3917	0.217
K	0.0898	1.4439	0.2627	0.1175	1.4163	0.1713	0.4026	0.9864	12.9891
L	4.0943	0.6884	1.1493	0.4336	1.5691	0.3322	0.4805	0.9846	0.193
M	1.7263	0.759	0.9878	0.2312	0.9414	0.3069	0.7241	0.8446	0.2043
N	0.3968	1.0983	0.5496	0.337	0.8164	0.6423	0.8803	0.7813	0.2957
P	0.1698	0.74	1.2479	0.9928	1.0471	0.1953	0.4408	0.1334	0.1027
Q	0.2313	1.5182	0.6056	0.0989	0.9035	0.542	0.8024	1.1764	0.2168
R	0.0746	1.35	0.3464	0.0994	0.7764	0.0768	0.2989	1.0316	1.3844
S	0.3855	0.8713	0.7961	0.9331	0.557	1.6093	1.3582	0.8414	0.1757
T	0.6658	1.1368	0.918	1.0929	1.0197	2.8428	0.8723	1.0364	0.1568
V	2.2966	1.0802	1.5635	2.2598	1.4524	1.1847	1.2637	1.6339	0.1387
W	0.1365	0.3599	0.2078	0.1942	0.2494	0.0783	3.4587	1.3914	0.1069
Y	0.2376	0.8116	0.386	0.491	1.1307	0.0983	3.5769	1.3137	0.4219

pepL	alpha	w_s
12	99.5307	0.083	0.1488	0	0.3949	0.3734	0.3191	0.2311	0	0.3551	0.0947
13	98.9575	0.0263	0.0764	0.2382	0.4675	0.1916	0.2986	0.3626	0.1368	0.1653	0.0367
14	98.3294	0.0043	0.0259	0.161	0	0.4702	0.2977	0.0409	0.075	0.4753	0.3062	0	0.0775	0.0543	0.0116
15	98.0139	0.0017	0.0096	0.0839	0.376	0.4093	0.0998	0.0197	0.0247	0.1824	0.5409	0.1811	0.0376	0.0237	0.0096
16	98.2233	8e-04	0.0022	0.03	0.2337	0	0.5219	0.1563	0.0471	0.0079	0.0142	0.0382	0.3427	0.4747	0	0.0918	0.02	0.0102	0.0081
17	98.735	8e-04	0.0019	0.0146	0.1152	0.4293	0.2806	0.114	0.0363	0.0072	0.013	0.0234	0.1237	0.5223	0.2209	0.0523	0.0192	0.0136	0.0115
18	99.2174	5e-04	0.0013	0.0066	0.0433	0.2908	0	0.3312	0.218	0.0767	0.0267	0.005	0.0144	0.0207	0.0564	0.2371	0.44	0	0.1507	0.0358	0.016	0.0144	0.0144
19	99.5133	0.001	0.0012	0.0074	0.029	0.145	0.2323	0.2918	0.1844	0.0762	0.0263	0.0055	0.0246	0.0328	0.0639	0.1615	0.2563	0.2441	0.1005	0.0409	0.0246	0.026	0.0246
20	99.691	0.001	0.0012	0.0048	0.0176	0.0704	0.1449	0	0.2809	0.2454	0.1596	0.0505	0.0192	0.0045	0.0326	0.0347	0.0601	0.0749	0.1659	0.2018	0	0.2124	0.0812	0.0389	0.0326	0.0326	0.0326
21	99.7886	0.0013	0.002	0.0054	0.0189	0.0569	0.1038	0.1383	0.2554	0.2215	0.1327	0.043	0.0166	0.0041	0.0457	0.0457	0.0575	0.0991	0.1287	0.1376	0.0991	0.1258	0.0724	0.0516	0.0457	0.0457	0.0457
