Allele	DPA1_04_01__DPB1_835_01
Type	Standard
n_specificities	1
npep_u	1
npep_t	5000
spec_ids	1
L_core	9
L_N	0
L_C	0
CS_perL	1
pepL_lower	12
pepL_upper	21
n_diff_aa	20

PWM_norm.1	P1	P2	P3	P4	P5	P6	P7	P8	P9
A	0.2307	1.4085	1.7157	1.0506	0.9644	0.1865	2.5572	1.0301	0.9634
C	0.0777	0.2063	0.2057	0.2319	0.1974	0.0401	0.2926	0.1826	0.2878
D	0.0661	0.9616	1.0791	1.5191	1.2623	0.0236	0.5151	0.9839	0.8809
E	0.0576	1.305	0.4365	2.8616	1.04	0.0418	1.7785	1.5909	0.7435
F	2.6151	0.8772	1.5317	0.2487	0.6736	16.9595	0.2563	0.5022	3.2378
G	0.0796	0.4413	1.7333	0.5524	0.5367	0.0624	0.7434	0.6336	0.517
H	0.2026	1.2262	1.2348	0.7559	1.2562	0.1287	0.3303	0.9476	0.3742
I	6.1272	1.438	0.6353	0.9137	0.8462	0.5034	0.8296	0.8948	2.401
K	0.0565	1.0157	0.4363	0.5304	1.738	0.0277	0.3835	1.3954	0.1944
L	3.4565	0.9775	0.4573	0.4167	1.1005	0.8317	1.9995	0.8009	1.6693
M	2.038	0.8674	0.753	0.4154	0.6588	0.6755	0.8832	0.5968	2.7802
N	0.0795	0.7709	0.8663	1.0059	1.2275	0.1012	1.2182	1.1175	0.2733
P	0.0849	0.0704	0.5304	0.2522	0.9053	0.1278	0.2748	1.103	0.2419
Q	0.1489	1.1553	0.858	0.8703	1.3862	0.0711	1.0024	1.2468	0.385
R	0.3712	1.0208	0.3577	0.2488	1.027	0.0263	0.2779	1.5977	0.2819
S	0.0641	0.8087	1.3998	1.3153	0.8208	0.1113	0.9009	0.8021	0.4728
T	0.1848	1.0437	0.9532	2.5376	1.1127	0.1334	0.6085	0.947	0.7938
V	2.3524	1.6549	1.2492	1.5225	0.9228	0.301	1.3556	0.9582	1.7718
W	0.6321	1.7998	2.312	0.2688	0.2945	3.1183	0.0936	0.4993	1.6156
Y	0.6381	1.4545	3.0854	0.2368	1.0461	6.2241	0.2525	0.953	2.4149

pepL	alpha	w_s
12	99.5307	0.083	0.1488	0	0.3949	0.3733
13	98.9574	0.0263	0.0764	0.2382	0.4675	0.1916
14	98.3293	0.0043	0.0259	0.161	0	0.4702	0.2976	0.0409
15	98.0138	0.0017	0.0096	0.0839	0.3761	0.4093	0.0998	0.0197
16	98.2233	8e-04	0.0022	0.03	0.2337	0	0.522	0.1562	0.0472	0.0079
17	98.7349	8e-04	0.0019	0.0146	0.1152	0.4294	0.2806	0.114	0.0362	0.0072
18	99.2174	5e-04	0.0013	0.0066	0.0433	0.2908	0	0.3312	0.218	0.0767	0.0267	0.005
19	99.5134	0.001	0.0012	0.0074	0.029	0.145	0.2323	0.2917	0.1843	0.0762	0.0263	0.0055
20	99.6911	0.001	0.0012	0.0048	0.0176	0.0704	0.1449	0	0.2809	0.2453	0.1596	0.0505	0.0192	0.0045
21	99.7886	0.0013	0.002	0.0054	0.0189	0.0569	0.1038	0.1384	0.2552	0.2215	0.1327	0.043	0.0166	0.0041
