Allele	DPA1_02_10__DPB1_519_01
Type	Standard
n_specificities	2
npep_u	0.797	0.203
npep_t	5000	5000
spec_ids	1	-1
L_core	9
L_N	0
L_C	0
CS_perL	1
pepL_lower	12
pepL_upper	21
n_diff_aa	20

PWM_norm.1	P1	P2	P3	P4	P5	P6	P7	P8	P9
A	0.1003	1.5125	1.5934	1.5473	1.1449	5.2698	0.8523	1.0447	0.2355
C	0.0305	0.3003	0.2346	0.1839	0.1832	0.3893	0.1846	0.1682	0.0265
D	0.069	0.7152	0.8407	0.4637	0.7128	0.0885	0.3051	1.1475	7.5912
E	0.0889	1.1053	0.5195	0.8159	1.0651	0.1397	1.0295	1.8093	6.7203
F	0.3389	1.1801	1.73	0.4753	0.6548	0.081	0.5746	0.4398	0.2738
G	0.0553	0.2856	1.0927	0.4739	0.4719	0.6468	0.1854	0.5621	0.1836
H	0.0976	0.4711	0.5437	1.7799	0.564	0.0519	2.9198	0.7571	0.6014
I	0.1606	1.2943	1.6085	1.971	1.6151	1.8216	0.6739	0.8391	0.0894
K	12.9119	1.7423	0.3396	2.3384	1.1929	0.0609	2.0803	1.4017	0.1199
L	0.1302	1.4999	0.8303	0.4957	1.6538	0.6917	1.3205	0.7129	0.1124
M	0.1265	0.9323	0.6798	0.6362	0.8111	0.3644	0.4803	0.4952	0.1134
N	0.1014	0.7916	1.014	0.9706	1.0048	0.08	1.5257	1.1898	0.2166
P	0.0408	0.0669	0.5693	0.6653	0.8704	1.9475	0.2004	1.0294	0.0655
Q	0.104	1.1219	0.7168	0.8688	1.0925	0.0662	3.8691	1.2886	0.3728
R	2.8675	1.0086	0.1617	0.4764	0.5623	0.0404	1.4233	1.6462	0.0767
S	0.0582	0.4599	1.0591	1.4537	0.5737	0.7803	0.3006	0.8444	0.1592
T	0.0873	0.8943	0.7048	1.1654	1.2537	0.5946	0.3928	0.9454	0.1465
V	0.1069	1.3607	2.0309	1.2766	1.493	2.92	0.7776	0.9242	0.1137
W	0.0476	1.4701	2.2771	0.7312	0.1702	0.0234	0.5759	0.4411	0.0927
Y	0.2857	1.7771	3.0759	0.5254	1.2935	0.0673	0.6213	0.8371	0.2701

PWM_norm.2	P9	P8	P7	P6	P5	P4	P3	P2	P1
A	0.3437	1.1379	1.2962	4.679	1.0275	1.6178	0.7613	2.09	0.2402
C	0.0821	0.2591	0.3591	0.4896	0.1878	0.4761	0.1903	0.3367	0.0903
D	5.1355	1.2235	0.2709	0.1391	0.7374	0.7878	0.3558	0.4093	0.1632
E	6.71	1.7883	0.7622	0.2136	1.0531	0.533	0.2922	1.359	0.206
F	0.3124	0.705	0.347	0.3809	0.6048	0.9318	4.8025	0.9171	0.4182
G	0.4418	0.5301	0.2372	0.9202	0.5395	0.4669	0.6181	0.6098	0.1355
H	0.5604	0.8619	2.7648	0.1212	0.5219	3.4103	0.4542	0.4092	0.1851
I	0.3113	0.8012	1.38	1.4754	1.7737	1.4943	1.1467	1.6789	0.1947
K	0.3241	1.4117	1.5483	0.1351	1.3715	1.0781	0.3616	1.1463	12.845
L	0.1776	0.6738	1.0334	0.9427	1.5426	0.5076	2.2373	1.0844	0.1844
M	0.2454	0.643	0.5888	0.4352	0.9993	1.1632	0.6625	0.5974	0.196
N	0.3749	1.1715	0.954	0.2057	0.8755	2.947	0.4454	0.8359	0.3053
P	0.1743	0.8269	0.6256	2.0633	0.9492	0.3276	0.341	0.7492	0.0924
Q	0.5494	1.4084	1.8537	0.2015	1.0685	0.5568	0.3484	0.9076	0.2209
R	0.2429	1.4797	1.4776	0.0819	0.675	0.4544	0.2022	0.8098	1.5668
S	0.2704	0.8316	0.3913	0.9384	0.5172	1.0055	0.7363	0.8362	0.1714
T	0.3739	0.9163	0.987	0.7532	1.1744	1.0465	1.4191	0.9814	0.1575
V	0.2753	1.0253	1.9392	1.9092	1.417	1.5276	1.0839	1.2163	0.1262
W	0.1364	0.3792	0.4461	0.0949	0.2674	0.9196	1.4039	0.4484	0.0873
Y	0.2809	0.664	0.6251	0.1662	1.3967	0.8875	3.439	0.741	0.4201

pepL	alpha	w_s
12	99.5307	0.083	0.1488	0	0.3949	0.3733	0.3191	0.2311	0	0.3551	0.0947
13	98.9574	0.0263	0.0764	0.2382	0.4675	0.1916	0.2986	0.3626	0.1368	0.1653	0.0367
14	98.3293	0.0043	0.0259	0.161	0	0.4702	0.2976	0.0409	0.075	0.4753	0.3062	0	0.0775	0.0543	0.0116
15	98.0138	0.0017	0.0096	0.0839	0.3761	0.4093	0.0998	0.0197	0.0247	0.1824	0.5409	0.1811	0.0376	0.0237	0.0096
16	98.2233	8e-04	0.0022	0.03	0.2337	0	0.522	0.1562	0.0472	0.0079	0.0142	0.0382	0.3427	0.4747	0	0.0918	0.02	0.0102	0.0081
17	98.7349	8e-04	0.0019	0.0146	0.1152	0.4294	0.2806	0.114	0.0362	0.0072	0.013	0.0234	0.1237	0.5223	0.2209	0.0523	0.0192	0.0136	0.0115
18	99.2174	5e-04	0.0013	0.0066	0.0433	0.2908	0	0.3312	0.218	0.0767	0.0267	0.005	0.0144	0.0207	0.0564	0.2371	0.44	0	0.1507	0.0358	0.016	0.0144	0.0144
19	99.5134	0.001	0.0012	0.0074	0.029	0.145	0.2323	0.2917	0.1843	0.0762	0.0263	0.0055	0.0246	0.0328	0.0639	0.1615	0.2563	0.2441	0.1005	0.0409	0.0246	0.026	0.0246
20	99.6911	0.001	0.0012	0.0048	0.0176	0.0704	0.1449	0	0.2809	0.2453	0.1596	0.0505	0.0192	0.0045	0.0326	0.0347	0.0601	0.0749	0.1659	0.2018	0	0.2124	0.0812	0.0389	0.0326	0.0326	0.0326
21	99.7886	0.0013	0.002	0.0054	0.0189	0.0569	0.1038	0.1384	0.2552	0.2215	0.1327	0.043	0.0166	0.0041	0.0457	0.0457	0.0575	0.0991	0.1287	0.1376	0.0991	0.1258	0.0724	0.0516	0.0457	0.0457	0.0457
