Allele	DPA1_02_10__DPB1_20_01
Type	Standard
n_specificities	2
npep_u	0.889	0.111
npep_t	5000	5000
spec_ids	1	-1
L_core	9
L_N	0
L_C	0
CS_perL	1
pepL_lower	12
pepL_upper	21
n_diff_aa	20

PWM_norm.1	P1	P2	P3	P4	P5	P6	P7	P8	P9
A	0.1003	1.4085	1.5855	1.275	1.4805	5.2913	3.9875	1.3737	1.9551
C	0.0305	0.2063	0.2114	0.08	0.1551	0.3265	0.308	0.1616	0.132
D	0.069	0.9616	0.9642	1.7679	0.8355	0.0846	0.5311	0.7933	1.397
E	0.0889	1.305	0.3794	4.3892	0.9393	0.1442	1.2645	1.6133	0.8992
F	0.3389	0.8772	1.8278	0.124	0.6746	0.071	0.5027	0.4242	0.094
G	0.0553	0.4413	1.892	0.2629	0.3952	0.5971	0.732	0.5171	0.3836
H	0.0976	1.2262	1.2685	0.2385	0.4944	0.0589	0.3008	0.9532	3.0044
I	0.1606	1.438	0.5562	1.08	1.4834	1.7539	0.8278	0.9809	0.2982
K	12.9119	1.0157	0.3484	0.1003	1.1882	0.0576	0.3008	1.4111	0.1043
L	0.1302	0.9775	0.4135	0.218	1.6943	0.6316	1.4622	0.7152	0.3787
M	0.1265	0.8674	0.7004	0.263	0.8988	0.33	1.0871	0.6715	0.2206
N	0.1014	0.7709	0.8708	0.6222	0.8694	0.1199	0.7952	1.1509	6.3284
P	0.0408	0.0704	0.4409	0.1365	1.0489	2.1521	0.3809	0.9184	0.1963
Q	0.104	1.1553	0.7608	0.5675	0.9269	0.0903	0.8436	1.314	0.9207
R	2.8675	1.0208	0.2825	0.0533	0.7405	0.0362	0.343	1.4008	0.1164
S	0.0582	0.8087	1.4462	1.7978	0.5705	0.8059	0.7791	0.9192	2.3718
T	0.0873	1.0437	0.8128	2.1513	0.9524	0.5591	0.6154	1.095	0.5914
V	0.1069	1.6549	1.2447	1.1387	1.4597	2.8806	1.3521	1.0119	0.594
W	0.0476	1.7998	3.568	0.0643	0.1948	0.0212	0.1446	0.3255	0.0615
Y	0.2857	1.4545	3.617	0.0644	1.1607	0.0611	0.4343	0.798	0.1274

PWM_norm.2	P9	P8	P7	P6	P5	P4	P3	P2	P1
A	1.9978	1.3526	4.2567	4.7079	1.2756	1.4591	1.4257	1.371	0.2402
C	0.1659	0.2612	0.2532	0.314	0.1296	0.1867	0.2671	0.2243	0.0903
D	1.4273	0.937	0.4491	0.124	0.7973	1.8792	0.941	0.9349	0.1632
E	0.9407	1.5085	1.0163	0.219	0.9954	2.7445	0.4527	1.3538	0.206
F	0.1132	0.5248	0.3785	0.1731	0.6894	0.3669	1.847	0.8578	0.4182
G	0.4174	0.4867	0.562	0.8801	0.4304	0.3669	1.6812	0.5028	0.1355
H	2.9126	1.1858	0.3132	0.0883	0.5081	0.3842	1.3119	1.2282	0.1851
I	0.3844	0.8646	0.8145	1.4438	1.693	1.0195	0.6692	1.4097	0.1947
K	0.1167	1.4421	0.27	0.0831	1.3492	0.1321	0.428	1.0057	12.845
L	0.4114	0.6953	1.1993	0.8909	1.6168	0.3464	0.5209	0.9638	0.1844
M	0.2579	0.7547	0.9329	0.3236	0.9304	0.5902	0.7827	0.8689	0.196
N	5.7378	1.0791	0.5133	0.1951	0.8031	1.5313	0.8797	0.7889	0.3053
P	0.2197	0.7585	1.2115	2.5794	0.9993	0.3942	0.4849	0.1209	0.0924
Q	0.9067	1.5194	0.5674	0.2394	0.9013	0.6982	0.8172	1.1708	0.2209
R	0.1439	1.3723	0.3152	0.0457	0.7456	0.0838	0.322	1.0354	1.5668
S	2.3017	0.8624	0.7615	0.9639	0.5399	1.4602	1.2819	0.8419	0.1714
T	0.6582	1.1087	0.8781	0.6817	1.0206	2.4988	0.8982	1.0472	0.1575
V	0.6637	1.0786	1.5501	1.8669	1.4922	1.2973	1.2869	1.6331	0.1262
W	0.0493	0.3535	0.1999	0.033	0.2248	0.1358	3.5331	1.4894	0.0873
Y	0.1256	0.7914	0.3656	0.0877	1.1961	0.1397	3.4166	1.318	0.4201

pepL	alpha	w_s
12	99.5307	0.083	0.1488	0	0.3949	0.3733	0.3191	0.2311	0	0.3551	0.0947
13	98.9574	0.0263	0.0764	0.2382	0.4675	0.1916	0.2986	0.3626	0.1368	0.1653	0.0367
14	98.3293	0.0043	0.0259	0.161	0	0.4702	0.2976	0.0409	0.075	0.4753	0.3062	0	0.0775	0.0543	0.0116
15	98.0138	0.0017	0.0096	0.0839	0.3761	0.4093	0.0998	0.0197	0.0247	0.1824	0.5409	0.1811	0.0376	0.0237	0.0096
16	98.2233	8e-04	0.0022	0.03	0.2337	0	0.522	0.1562	0.0472	0.0079	0.0142	0.0382	0.3427	0.4747	0	0.0918	0.02	0.0102	0.0081
17	98.7349	8e-04	0.0019	0.0146	0.1152	0.4294	0.2806	0.114	0.0362	0.0072	0.013	0.0234	0.1237	0.5223	0.2209	0.0523	0.0192	0.0136	0.0115
18	99.2174	5e-04	0.0013	0.0066	0.0433	0.2908	0	0.3312	0.218	0.0767	0.0267	0.005	0.0144	0.0207	0.0564	0.2371	0.44	0	0.1507	0.0358	0.016	0.0144	0.0144
19	99.5134	0.001	0.0012	0.0074	0.029	0.145	0.2323	0.2917	0.1843	0.0762	0.0263	0.0055	0.0246	0.0328	0.0639	0.1615	0.2563	0.2441	0.1005	0.0409	0.0246	0.026	0.0246
20	99.6911	0.001	0.0012	0.0048	0.0176	0.0704	0.1449	0	0.2809	0.2453	0.1596	0.0505	0.0192	0.0045	0.0326	0.0347	0.0601	0.0749	0.1659	0.2018	0	0.2124	0.0812	0.0389	0.0326	0.0326	0.0326
21	99.7886	0.0013	0.002	0.0054	0.0189	0.0569	0.1038	0.1384	0.2552	0.2215	0.1327	0.043	0.0166	0.0041	0.0457	0.0457	0.0575	0.0991	0.1287	0.1376	0.0991	0.1258	0.0724	0.0516	0.0457	0.0457	0.0457
