Allele	DPA1_02_02__DPB1_18_01
Type	Standard
n_specificities	2
npep_u	0.972	0.028
npep_t	5000	5000
spec_ids	1	-1
L_core	9
L_N	0
L_C	0
CS_perL	1
pepL_lower	12
pepL_upper	21
n_diff_aa	20

PWM_norm.1	P1	P2	P3	P4	P5	P6	P7	P8	P9
A	0.2823	1.4085	1.5855	1.1724	0.9935	1.2146	1.3296	1.3737	1.9551
C	0.0811	0.2063	0.2114	0.1698	0.2302	0.3017	0.2471	0.1616	0.132
D	0.0586	0.9616	0.9642	1.6338	1.2982	0.1684	0.3812	0.7933	1.397
E	0.0738	1.305	0.3794	3.7843	1.0499	0.3494	2.2204	1.6133	0.8992
F	2.3323	0.8772	1.8278	0.1646	0.6909	0.917	0.2322	0.4242	0.094
G	0.0828	0.4413	1.892	0.4735	0.4944	0.2416	0.55	0.5171	0.3836
H	0.0858	1.2262	1.2685	0.495	1.2316	0.3121	0.6157	0.9532	3.0044
I	5.9791	1.438	0.5562	0.9988	0.8684	3.39	0.875	0.9809	0.2982
K	0.6565	1.0157	0.3484	0.1873	1.5995	0.0958	0.6941	1.4111	0.1043
L	3.2484	0.9775	0.4135	0.3217	1.2107	2.5384	2.2971	0.7152	0.3787
M	2.4364	0.8674	0.7004	0.3119	0.704	3.3024	0.6888	0.6715	0.2206
N	0.0944	0.7709	0.8708	0.9835	1.1804	0.2801	1.7679	1.1509	6.3284
P	0.0941	0.0704	0.4409	0.1962	0.9443	0.6898	0.235	0.9184	0.1963
Q	0.104	1.1553	0.7608	0.775	1.4004	0.43	1.44	1.314	0.9207
R	0.1392	1.0208	0.2825	0.0945	0.9425	0.0885	0.3823	1.4008	0.1164
S	0.0695	0.8087	1.4462	1.5519	0.7613	0.4184	0.7042	0.9192	2.3718
T	0.2067	1.0437	0.8128	2.1365	1.0754	0.5951	0.537	1.095	0.5914
V	2.4095	1.6549	1.2447	1.3178	0.9257	2.9177	1.323	1.0119	0.594
W	0.4618	1.7998	3.568	0.1441	0.3159	0.3173	0.1301	0.3255	0.0615
Y	0.7566	1.4545	3.617	0.1154	1.1497	0.7095	0.2361	0.798	0.1274

PWM_norm.2	P9	P8	P7	P6	P5	P4	P3	P2	P1
A	1.9978	1.3526	1.5831	0.4353	1.1092	1.2064	1.4257	1.371	0.2871
C	0.1659	0.2612	0.2833	0.0961	0.2052	0.2954	0.2671	0.2243	0.1354
D	1.4273	0.937	0.3768	0.1791	1.2543	2.0526	0.941	0.9349	0.0869
E	0.9407	1.5085	1.6976	0.2363	1.19	2.1588	0.4527	1.3538	0.1153
F	0.1132	0.5248	0.402	1.214	0.639	0.5833	1.847	0.8578	2.473
G	0.4174	0.4867	0.3511	0.1544	0.5578	0.5361	1.6812	0.5028	0.1302
H	2.9126	1.1858	0.6855	0.2479	1.0796	0.5773	1.3119	1.2282	0.146
I	0.3844	0.8646	1.1907	1.892	0.9732	0.9619	0.6692	1.4097	5.201
K	0.1167	1.4421	0.6522	0.1605	1.7606	0.2045	0.428	1.0057	0.8261
L	0.4114	0.6953	1.8065	5.0328	1.0728	0.3682	0.5209	0.9638	3.096
M	0.2579	0.7547	0.5651	3.1596	0.7975	0.6054	0.7827	0.8689	2.6728
N	5.7378	1.0791	1.2164	0.258	1.2163	2.1982	0.8797	0.7889	0.1929
P	0.2197	0.7585	0.6837	0.4243	0.8585	0.4233	0.4849	0.1209	0.1499
Q	0.9067	1.5194	1.136	1.3778	1.3233	0.9558	0.8172	1.1708	0.1623
R	0.1439	1.3723	0.385	0.0716	1.0435	0.1428	0.322	1.0354	0.1058
S	2.3017	0.8624	0.6307	0.2659	0.6705	1.2193	1.2819	0.8419	0.1083
T	0.6582	1.1087	1.2072	0.4586	1.1868	2.2712	0.8982	1.0472	0.2445
V	0.6637	1.0786	1.9041	1.04	0.7775	1.4018	1.2869	1.6331	2.2903
W	0.0493	0.3535	0.2177	0.1363	0.2817	0.2898	3.5331	1.4894	0.7436
Y	0.1256	0.7914	0.3866	0.3485	1.0302	0.2948	3.4166	1.318	1.0913

pepL	alpha	w_s
12	99.5307	0.083	0.1488	0	0.3949	0.3733	0.3191	0.2311	0	0.3551	0.0947
13	98.9574	0.0263	0.0764	0.2382	0.4675	0.1916	0.2986	0.3626	0.1368	0.1653	0.0367
14	98.3293	0.0043	0.0259	0.161	0	0.4702	0.2976	0.0409	0.075	0.4753	0.3062	0	0.0775	0.0543	0.0116
15	98.0138	0.0017	0.0096	0.0839	0.3761	0.4093	0.0998	0.0197	0.0247	0.1824	0.5409	0.1811	0.0376	0.0237	0.0096
16	98.2233	8e-04	0.0022	0.03	0.2337	0	0.522	0.1562	0.0472	0.0079	0.0142	0.0382	0.3427	0.4747	0	0.0918	0.02	0.0102	0.0081
17	98.7349	8e-04	0.0019	0.0146	0.1152	0.4294	0.2806	0.114	0.0362	0.0072	0.013	0.0234	0.1237	0.5223	0.2209	0.0523	0.0192	0.0136	0.0115
18	99.2174	5e-04	0.0013	0.0066	0.0433	0.2908	0	0.3312	0.218	0.0767	0.0267	0.005	0.0144	0.0207	0.0564	0.2371	0.44	0	0.1507	0.0358	0.016	0.0144	0.0144
19	99.5134	0.001	0.0012	0.0074	0.029	0.145	0.2323	0.2917	0.1843	0.0762	0.0263	0.0055	0.0246	0.0328	0.0639	0.1615	0.2563	0.2441	0.1005	0.0409	0.0246	0.026	0.0246
20	99.6911	0.001	0.0012	0.0048	0.0176	0.0704	0.1449	0	0.2809	0.2453	0.1596	0.0505	0.0192	0.0045	0.0326	0.0347	0.0601	0.0749	0.1659	0.2018	0	0.2124	0.0812	0.0389	0.0326	0.0326	0.0326
21	99.7886	0.0013	0.002	0.0054	0.0189	0.0569	0.1038	0.1384	0.2552	0.2215	0.1327	0.043	0.0166	0.0041	0.0457	0.0457	0.0575	0.0991	0.1287	0.1376	0.0991	0.1258	0.0724	0.0516	0.0457	0.0457	0.0457
