Allele	DPA1_03_01__DPB1_236_01
Type	Standard
n_specificities	1
npep_u	1
npep_t	5000
spec_ids	1
L_core	9
L_N	0
L_C	0
CS_perL	1
pepL_lower	12
pepL_upper	21
n_diff_aa	20

PWM_norm.1	P1	P2	P3	P4	P5	P6	P7	P8	P9
A	0.1369	1.5082	1.5487	1.1722	0.9099	0.7435	0.7249	1.3929	1.5228
C	0.0475	0.2533	0.2267	0.2548	0.243	0.2161	0.1782	0.1648	0.9011
D	0.0381	0.6959	0.8568	0.4791	1.316	0.0695	0.2561	0.8155	0.5995
E	0.0663	1.1223	0.4969	0.769	1.079	0.128	1.3851	1.5579	0.3096
F	7.978	1.1565	1.7368	0.4971	0.6479	2.8625	0.3435	0.4171	0.3981
G	0.0446	0.2995	1.0687	0.4745	0.5267	0.1262	0.2111	0.5194	0.4045
H	0.26	0.447	0.5469	2.5514	1.2214	0.2416	2.9606	0.9576	0.4228
I	2.7937	1.2949	1.6649	1.539	0.835	3.3245	0.708	0.9771	2.0128
K	0.0387	1.7385	0.3283	2.6487	1.6632	0.0739	1.8309	1.4241	0.0944
L	2.4635	1.5503	0.8308	0.5336	1.0736	3.0649	1.5117	0.7134	1.5269
M	1.6373	0.8836	0.6388	0.5827	0.6475	4.4245	0.4117	0.6522	0.9102
N	0.0859	0.7754	1.0415	1.3362	1.2591	0.1494	1.9183	1.1672	1.8733
P	0.0356	0.0806	0.5643	0.6285	1.0391	0.302	0.1331	0.934	0.1991
Q	0.1471	1.0637	0.745	0.8947	1.3214	0.2022	3.7341	1.2856	0.292
R	0.0899	1.0029	0.1358	0.6634	0.951	0.0716	1.22	1.3797	0.1014
S	0.0511	0.4801	1.0599	1.1425	0.8137	0.262	0.3217	0.929	1.3756
T	0.085	0.9148	0.7287	1.1907	1.2159	0.3911	0.3635	1.1016	1.7169
V	0.9266	1.3746	2.0953	1.3203	0.8753	2.3095	0.8338	1.0323	3.1647
W	3.5611	1.3098	2.1163	0.8793	0.3106	0.5753	0.3674	0.3216	0.1395
Y	6.2205	1.7397	3.0977	0.616	1.1603	1.5515	0.3859	0.8037	0.3142

pepL	alpha	w_s
12	99.5307	0.083	0.1488	0	0.3949	0.3734
13	98.9575	0.0263	0.0764	0.2382	0.4675	0.1916
14	98.3294	0.0043	0.0259	0.161	0	0.4702	0.2977	0.0409
15	98.0139	0.0017	0.0096	0.0839	0.376	0.4093	0.0998	0.0197
16	98.2233	8e-04	0.0022	0.03	0.2337	0	0.5219	0.1563	0.0471	0.0079
17	98.735	8e-04	0.0019	0.0146	0.1152	0.4293	0.2806	0.114	0.0363	0.0072
18	99.2174	5e-04	0.0013	0.0066	0.0433	0.2908	0	0.3312	0.218	0.0767	0.0267	0.005
19	99.5133	0.001	0.0012	0.0074	0.029	0.145	0.2323	0.2918	0.1844	0.0762	0.0263	0.0055
20	99.691	0.001	0.0012	0.0048	0.0176	0.0704	0.1449	0	0.2809	0.2454	0.1596	0.0505	0.0192	0.0045
21	99.7886	0.0013	0.002	0.0054	0.0189	0.0569	0.1038	0.1383	0.2554	0.2215	0.1327	0.043	0.0166	0.0041
