Allele	DPA1_01_14__DPB1_20_01
Type	Standard
n_specificities	1
npep_u	1
npep_t	5000
spec_ids	1
L_core	9
L_N	0
L_C	0
CS_perL	1
pepL_lower	12
pepL_upper	21
n_diff_aa	20

PWM_norm.1	P1	P2	P3	P4	P5	P6	P7	P8	P9
A	0.1385	1.4102	1.589	0.9433	1.4465	6.0495	3.8698	1.3929	2.0177
C	0.0306	0.1874	0.2185	0.092	0.1614	0.4135	0.3283	0.1648	0.1608
D	0.0667	0.9491	0.9286	1.5404	0.8262	0.0825	0.5886	0.8155	1.4146
E	0.083	1.3105	0.3778	4.0282	0.9961	0.1439	1.2686	1.5579	0.955
F	0.6121	0.8762	1.8035	0.1288	0.6792	0.2781	0.5506	0.4171	0.1192
G	0.0622	0.4448	1.8808	0.2714	0.3913	1.0807	0.7692	0.5194	0.4306
H	0.4195	1.1878	1.2825	0.3609	0.5168	0.0885	0.3013	0.9576	2.9094
I	0.2531	1.4663	0.5578	1.0256	1.4925	1.0713	0.8635	0.9771	0.3107
K	0.8316	1.0207	0.359	0.173	1.2011	0.0746	0.2974	1.4241	0.1003
L	0.2456	1.0108	0.4188	0.2915	1.6191	0.3945	1.3744	0.7134	0.389
M	0.1704	0.8326	0.7109	0.2616	0.9005	0.2012	1.1495	0.6522	0.2487
N	0.1057	0.7516	0.8847	0.6565	0.9099	0.1396	0.7654	1.1672	5.8039
P	0.0603	0.069	0.4658	0.2012	1.0038	2.6072	0.4235	0.934	0.2281
Q	0.2678	1.1222	0.7425	0.5941	0.969	0.0873	0.8252	1.2856	0.9035
R	14.2122	1.0122	0.3035	0.0861	0.7418	0.047	0.3856	1.3797	0.1406
S	0.078	0.8119	1.4274	1.7774	0.5707	0.9696	0.774	0.929	2.3516
T	0.1126	1.0358	0.8491	2.8006	0.9784	0.4724	0.6418	1.1016	0.6409
V	0.1815	1.6822	1.2644	1.1928	1.4791	1.5125	1.3611	1.0323	0.6325
W	0.0848	1.7064	3.5258	0.1007	0.2207	0.0593	0.1485	0.3216	0.0685
Y	0.3501	1.4466	3.5327	0.1037	1.1872	0.2052	0.4979	0.8037	0.1138

pepL	alpha	w_s
12	99.5307	0.083	0.1488	0	0.3949	0.3734
13	98.9575	0.0263	0.0764	0.2382	0.4675	0.1916
14	98.3294	0.0043	0.0259	0.161	0	0.4702	0.2977	0.0409
15	98.0139	0.0017	0.0096	0.0839	0.376	0.4093	0.0998	0.0197
16	98.2233	8e-04	0.0022	0.03	0.2337	0	0.5219	0.1563	0.0471	0.0079
17	98.735	8e-04	0.0019	0.0146	0.1152	0.4293	0.2806	0.114	0.0363	0.0072
18	99.2174	5e-04	0.0013	0.0066	0.0433	0.2908	0	0.3312	0.218	0.0767	0.0267	0.005
19	99.5133	0.001	0.0012	0.0074	0.029	0.145	0.2323	0.2918	0.1844	0.0762	0.0263	0.0055
20	99.691	0.001	0.0012	0.0048	0.0176	0.0704	0.1449	0	0.2809	0.2454	0.1596	0.0505	0.0192	0.0045
21	99.7886	0.0013	0.002	0.0054	0.0189	0.0569	0.1038	0.1383	0.2554	0.2215	0.1327	0.043	0.0166	0.0041
