Allele	DPA1_04_02__DPB1_236_01
Type	Standard
n_specificities	1
npep_u	1
npep_t	5000
spec_ids	1
L_core	9
L_N	0
L_C	0
CS_perL	1
pepL_lower	12
pepL_upper	21
n_diff_aa	20

PWM_norm.1	P1	P2	P3	P4	P5	P6	P7	P8	P9
A	0.1262	1.5125	1.5934	1.1312	0.9404	0.1653	0.7065	1.2875	1.349
C	0.0471	0.3003	0.2346	0.2217	0.2319	0.0383	0.1511	0.198	0.8741
D	0.0371	0.7152	0.8407	0.3993	1.2955	0.0227	0.2532	0.7254	0.5016
E	0.0658	1.1053	0.5195	0.7621	1.0456	0.0373	1.4353	1.4258	0.3019
F	8.0451	1.1801	1.73	0.5391	0.6734	16.6606	0.3387	0.5012	0.6951
G	0.0441	0.2856	1.0927	0.4773	0.5312	0.0555	0.1967	0.6157	0.5283
H	0.2648	0.4711	0.5437	2.5401	1.1783	0.1174	2.8535	1.1428	0.4347
I	2.7954	1.2943	1.6085	1.3471	0.8615	0.5269	0.7271	0.9973	2.3199
K	0.031	1.7423	0.3396	2.9843	1.6292	0.0299	1.8956	1.3851	0.1358
L	2.5535	1.4999	0.8303	0.5594	1.089	0.9846	1.5402	0.7529	1.6601
M	1.5707	0.9323	0.6798	0.6457	0.683	0.7232	0.3746	0.7103	1.2517
N	0.0775	0.7916	1.014	1.0511	1.2691	0.075	1.8505	1.0942	1.3707
P	0.0321	0.0669	0.5693	0.4885	1.0599	0.1135	0.1177	1.0583	0.1902
Q	0.1412	1.1219	0.7168	0.969	1.336	0.0578	3.8148	1.27	0.3427
R	0.0765	1.0086	0.1617	0.7516	0.9261	0.0283	1.1476	1.3844	0.1513
S	0.0476	0.4599	1.0591	1.1803	0.79	0.093	0.3133	0.8869	1.1256
T	0.0855	0.8943	0.7048	1.2487	1.227	0.1296	0.3603	1.0714	1.4301
V	0.8762	1.3607	2.0309	1.1906	0.8557	0.2939	0.8363	1.0091	3.1671
W	3.6668	1.4701	2.2771	1.0887	0.317	2.93	0.3421	0.4209	0.2158
Y	6.0257	1.7771	3.0759	0.6568	1.2167	6.3337	0.4001	0.9282	0.7603

pepL	alpha	w_s
12	99.5307	0.083	0.1488	0	0.3949	0.3733
13	98.9574	0.0263	0.0764	0.2382	0.4675	0.1916
14	98.3293	0.0043	0.0259	0.161	0	0.4702	0.2976	0.0409
15	98.0138	0.0017	0.0096	0.0839	0.3761	0.4093	0.0998	0.0197
16	98.2233	8e-04	0.0022	0.03	0.2337	0	0.522	0.1562	0.0472	0.0079
17	98.7349	8e-04	0.0019	0.0146	0.1152	0.4294	0.2806	0.114	0.0362	0.0072
18	99.2174	5e-04	0.0013	0.0066	0.0433	0.2908	0	0.3312	0.218	0.0767	0.0267	0.005
19	99.5134	0.001	0.0012	0.0074	0.029	0.145	0.2323	0.2917	0.1843	0.0762	0.0263	0.0055
20	99.6911	0.001	0.0012	0.0048	0.0176	0.0704	0.1449	0	0.2809	0.2453	0.1596	0.0505	0.0192	0.0045
21	99.7886	0.0013	0.002	0.0054	0.0189	0.0569	0.1038	0.1384	0.2552	0.2215	0.1327	0.043	0.0166	0.0041
