Allele	DPA1_01_03__DPB1_676_01
Type	Standard
n_specificities	1
npep_u	1
npep_t	5000
spec_ids	1
L_core	9
L_N	0
L_C	0
CS_perL	1
pepL_lower	12
pepL_upper	21
n_diff_aa	20

PWM_norm.1	P1	P2	P3	P4	P5	P6	P7	P8	P9
A	0.1372	1.5793	1.7484	1.2321	1.4805	5.9812	3.9875	1.3737	1.9551
C	0.0329	0.1805	0.2178	0.1326	0.1551	0.4057	0.308	0.1616	0.132
D	0.0737	0.5207	0.8042	1.4703	0.8355	0.0775	0.5311	0.7933	1.397
E	0.0804	1.2846	0.5221	2.4311	0.9393	0.1314	1.2645	1.6133	0.8992
F	0.5933	1.1255	1.4017	0.1407	0.6746	0.3292	0.5027	0.4242	0.094
G	0.0593	0.4308	1.4555	0.3771	0.3952	0.9748	0.732	0.5171	0.3836
H	0.4348	0.6067	0.7152	0.2587	0.4944	0.0881	0.3008	0.9532	3.0044
I	0.2547	1.2851	1.1234	2.5347	1.4834	1.0465	0.8278	0.9809	0.2982
K	0.713	1.2202	0.3665	0.1476	1.1882	0.0769	0.3008	1.4111	0.1043
L	0.2413	1.3978	0.7705	0.2967	1.6943	0.4088	1.4622	0.7152	0.3787
M	0.1628	0.7858	0.6904	0.3609	0.8988	0.21	1.0871	0.6715	0.2206
N	0.1074	0.9549	0.8542	0.4878	0.8694	0.1532	0.7952	1.1509	6.3284
P	0.0567	0.147	0.6846	1.0858	1.0489	2.6791	0.3809	0.9184	0.1963
Q	0.268	0.7958	0.7468	0.3955	0.9269	0.0907	0.8436	1.314	0.9207
R	14.4019	0.9213	0.1847	0.0618	0.7405	0.0431	0.343	1.4008	0.1164
S	0.0752	0.7162	1.1411	1.6951	0.5705	0.9374	0.7791	0.9192	2.3718
T	0.1072	1.278	0.897	2.1938	0.9524	0.5135	0.6154	1.095	0.5914
V	0.1622	1.479	1.7378	1.6577	1.4597	1.5959	1.3521	1.0119	0.594
W	0.0796	0.7527	2.9589	0.0734	0.1948	0.0718	0.1446	0.3255	0.0615
Y	0.3082	1.625	2.6035	0.0874	1.1607	0.2362	0.4343	0.798	0.1274

pepL	alpha	w_s
12	99.5307	0.083	0.1488	0	0.3949	0.3733
13	98.9574	0.0263	0.0764	0.2382	0.4675	0.1916
14	98.3293	0.0043	0.0259	0.161	0	0.4702	0.2976	0.0409
15	98.0138	0.0017	0.0096	0.0839	0.3761	0.4093	0.0998	0.0197
16	98.2233	8e-04	0.0022	0.03	0.2337	0	0.522	0.1562	0.0472	0.0079
17	98.7349	8e-04	0.0019	0.0146	0.1152	0.4294	0.2806	0.114	0.0362	0.0072
18	99.2174	5e-04	0.0013	0.0066	0.0433	0.2908	0	0.3312	0.218	0.0767	0.0267	0.005
19	99.5134	0.001	0.0012	0.0074	0.029	0.145	0.2323	0.2917	0.1843	0.0762	0.0263	0.0055
20	99.6911	0.001	0.0012	0.0048	0.0176	0.0704	0.1449	0	0.2809	0.2453	0.1596	0.0505	0.0192	0.0045
21	99.7886	0.0013	0.002	0.0054	0.0189	0.0569	0.1038	0.1384	0.2552	0.2215	0.1327	0.043	0.0166	0.0041
