Allele	DPA1_04_02__DPB1_18_01
Type	Standard
n_specificities	1
npep_u	1
npep_t	5000
spec_ids	1
L_core	9
L_N	0
L_C	0
CS_perL	1
pepL_lower	12
pepL_upper	21
n_diff_aa	20

PWM_norm.1	P1	P2	P3	P4	P5	P6	P7	P8	P9
A	0.2921	1.4102	1.589	0.8145	0.9597	0.6354	1.3343	1.2537	1.9263
C	0.0915	0.1874	0.2185	0.2035	0.2236	0.1414	0.2811	0.2194	0.3033
D	0.0623	0.9491	0.9286	1.3498	1.3314	0.1275	0.3979	0.7694	1.1484
E	0.069	1.3105	0.3778	3.5139	1.0828	0.217	2.1271	1.3274	0.973
F	2.4478	0.8762	1.8035	0.1856	0.6551	7.9208	0.2486	0.5541	0.3388
G	0.0897	0.4448	1.8808	0.4056	0.5076	0.1996	0.6028	0.666	0.675
H	0.2618	1.1878	1.2825	0.7022	1.2306	0.4388	0.7347	1.1372	2.4171
I	5.6648	1.4663	0.5578	0.9493	0.8669	1.3459	0.8935	0.9965	0.6907
K	0.0822	1.0207	0.359	0.3655	1.597	0.0936	0.7556	1.385	0.1726
L	3.2827	1.0108	0.4188	0.3815	1.2186	1.6926	2.1284	0.7854	0.6724
M	2.2728	0.8326	0.7109	0.3367	0.7021	1.6053	0.752	0.7113	0.5455
N	0.1099	0.7516	0.8847	0.8821	1.1783	0.361	1.7918	1.1171	3.538
P	0.1002	0.069	0.4658	0.2423	0.9407	0.5513	0.2532	1.0996	0.2971
Q	0.2234	1.1222	0.7425	0.8116	1.4036	0.3946	1.3883	1.2208	1.238
R	0.6392	1.0122	0.3035	0.1694	0.9522	0.0789	0.4469	1.3653	0.2951
S	0.079	0.8119	1.4274	1.4389	0.7631	0.3145	0.7383	0.8703	1.8761
T	0.2201	1.0358	0.8491	2.819	1.0519	0.4272	0.5686	1.0488	0.804
V	2.4439	1.6822	1.2644	1.4045	0.9259	0.9065	1.3112	1.0082	1.0332
W	0.5825	1.7064	3.5258	0.2251	0.3129	4.4308	0.1632	0.4551	0.1725
Y	0.6484	1.4466	3.5327	0.1894	1.1182	4.9885	0.2808	0.9636	0.3775

pepL	alpha	w_s
12	99.5307	0.083	0.1488	0	0.3949	0.3734
13	98.9575	0.0263	0.0764	0.2382	0.4675	0.1916
14	98.3294	0.0043	0.0259	0.161	0	0.4702	0.2977	0.0409
15	98.0139	0.0017	0.0096	0.0839	0.376	0.4093	0.0998	0.0197
16	98.2233	8e-04	0.0022	0.03	0.2337	0	0.5219	0.1563	0.0471	0.0079
17	98.735	8e-04	0.0019	0.0146	0.1152	0.4293	0.2806	0.114	0.0363	0.0072
18	99.2174	5e-04	0.0013	0.0066	0.0433	0.2908	0	0.3312	0.218	0.0767	0.0267	0.005
19	99.5133	0.001	0.0012	0.0074	0.029	0.145	0.2323	0.2918	0.1844	0.0762	0.0263	0.0055
20	99.691	0.001	0.0012	0.0048	0.0176	0.0704	0.1449	0	0.2809	0.2454	0.1596	0.0505	0.0192	0.0045
21	99.7886	0.0013	0.002	0.0054	0.0189	0.0569	0.1038	0.1383	0.2554	0.2215	0.1327	0.043	0.0166	0.0041
