Allele	DPA1_02_08__DPB1_93_01
Type	Standard
n_specificities	2
npep_u	0.954	0.046
npep_t	5000	5000
spec_ids	1	-1
L_core	9
L_N	0
L_C	0
CS_perL	1
pepL_lower	12
pepL_upper	21
n_diff_aa	20

PWM_norm.1	P1	P2	P3	P4	P5	P6	P7	P8	P9
A	0.0971	1.4102	1.589	1.0875	1.1455	5.6344	0.8688	1.3929	2.0177
C	0.0329	0.1874	0.2185	0.0989	0.1922	0.4512	0.1834	0.1648	0.1608
D	0.0653	0.9491	0.9286	0.3591	0.7017	0.099	0.3118	0.8155	1.4146
E	0.0821	1.3105	0.3778	1.0376	1.0817	0.142	1.0313	1.5579	0.955
F	0.3403	0.8762	1.8035	0.4003	0.6727	0.2979	0.5912	0.4171	0.1192
G	0.0545	0.4448	1.8808	0.2992	0.4708	1.0679	0.2155	0.5194	0.4306
H	0.0965	1.1878	1.2825	3.34	0.5497	0.0757	3.0184	0.9576	2.9094
I	0.1529	1.4663	0.5578	0.8884	1.6153	1.3121	0.6893	0.9771	0.3107
K	13.3495	1.0207	0.359	3.7817	1.1857	0.0825	2.0202	1.4241	0.1003
L	0.1208	1.0108	0.4188	0.3921	1.6259	0.5526	1.2572	0.7134	0.389
M	0.1176	0.8326	0.7109	0.3757	0.8369	0.2632	0.5016	0.6522	0.2487
N	0.0937	0.7516	0.8847	0.8504	0.9856	0.1118	1.5672	1.1672	5.8039
P	0.0434	0.069	0.4658	0.2259	0.8648	2.3145	0.1933	0.934	0.2281
Q	0.1005	1.1222	0.7425	0.953	1.102	0.0748	3.7444	1.2856	0.9035
R	2.4661	1.0122	0.3035	0.6472	0.5607	0.0527	1.5046	1.3797	0.1406
S	0.0529	0.8119	1.4274	1.3993	0.5762	0.9195	0.3098	0.929	2.3516
T	0.0807	1.0358	0.8491	1.5277	1.2702	0.5622	0.3953	1.1016	0.6409
V	0.1119	1.6822	1.2644	1.036	1.5099	1.8247	0.7844	1.0323	0.6325
W	0.0501	1.7064	3.5258	0.5268	0.1731	0.0657	0.604	0.3216	0.0685
Y	0.3054	1.4466	3.5327	0.3902	1.2933	0.2116	0.644	0.8037	0.1138

PWM_norm.2	P9	P8	P7	P6	P5	P4	P3	P2	P1
A	2.0657	1.3307	1.2178	5.4616	1.0131	1.0939	1.4673	1.4058	0.2317
C	0.1489	0.2569	0.3471	0.5569	0.2219	0.1225	0.2241	0.2266	0.0958
D	1.3404	0.9635	0.2865	0.1078	0.7405	0.3537	0.9636	0.9327	0.1797
E	0.9082	1.5058	0.758	0.162	1.0853	1.2347	0.4329	1.3679	0.2028
F	0.1173	0.5297	0.3334	0.8627	0.6098	0.4365	1.8353	0.841	0.3976
G	0.4234	0.4851	0.2349	0.9463	0.5375	0.3686	1.7923	0.4972	0.1318
H	2.9127	1.157	2.7022	0.145	0.5777	3.7921	1.2834	1.2008	0.1621
I	0.3678	0.8759	1.5142	1.2193	1.629	0.7286	0.5986	1.3917	0.217
K	0.1063	1.4439	1.5081	0.1504	1.4503	3.7277	0.4026	0.9864	12.9891
L	0.4006	0.6884	1.0146	0.5951	1.4915	0.4047	0.4805	0.9846	0.193
M	0.2513	0.759	0.6074	0.3535	0.9879	0.4318	0.7241	0.8446	0.2043
N	5.7122	1.0983	0.933	0.1547	0.9443	0.6838	0.8803	0.7813	0.2957
P	0.2069	0.74	0.6253	2.2546	0.9208	0.1661	0.4408	0.1334	0.1027
Q	0.9373	1.5182	1.8631	0.1095	1.1171	0.9039	0.8024	1.1764	0.2168
R	0.1323	1.35	1.4762	0.0929	0.7214	0.6878	0.2989	1.0316	1.3844
S	2.3766	0.8713	0.3526	0.7529	0.5309	1.2764	1.3582	0.8414	0.1757
T	0.6234	1.1368	1.005	0.6142	1.1761	1.5026	0.8723	1.0364	0.1568
V	0.6695	1.0802	2.0791	1.661	1.3775	0.9666	1.2637	1.6339	0.1387
W	0.0577	0.3599	0.4167	0.2632	0.2907	0.5682	3.4587	1.3914	0.1069
Y	0.1359	0.8116	0.6261	0.3925	1.3398	0.4061	3.5769	1.3137	0.4219

pepL	alpha	w_s
12	99.5307	0.083	0.1488	0	0.3949	0.3734	0.3191	0.2311	0	0.3551	0.0947
13	98.9575	0.0263	0.0764	0.2382	0.4675	0.1916	0.2986	0.3626	0.1368	0.1653	0.0367
14	98.3294	0.0043	0.0259	0.161	0	0.4702	0.2977	0.0409	0.075	0.4753	0.3062	0	0.0775	0.0543	0.0116
15	98.0139	0.0017	0.0096	0.0839	0.376	0.4093	0.0998	0.0197	0.0247	0.1824	0.5409	0.1811	0.0376	0.0237	0.0096
16	98.2233	8e-04	0.0022	0.03	0.2337	0	0.5219	0.1563	0.0471	0.0079	0.0142	0.0382	0.3427	0.4747	0	0.0918	0.02	0.0102	0.0081
17	98.735	8e-04	0.0019	0.0146	0.1152	0.4293	0.2806	0.114	0.0363	0.0072	0.013	0.0234	0.1237	0.5223	0.2209	0.0523	0.0192	0.0136	0.0115
18	99.2174	5e-04	0.0013	0.0066	0.0433	0.2908	0	0.3312	0.218	0.0767	0.0267	0.005	0.0144	0.0207	0.0564	0.2371	0.44	0	0.1507	0.0358	0.016	0.0144	0.0144
19	99.5133	0.001	0.0012	0.0074	0.029	0.145	0.2323	0.2918	0.1844	0.0762	0.0263	0.0055	0.0246	0.0328	0.0639	0.1615	0.2563	0.2441	0.1005	0.0409	0.0246	0.026	0.0246
20	99.691	0.001	0.0012	0.0048	0.0176	0.0704	0.1449	0	0.2809	0.2454	0.1596	0.0505	0.0192	0.0045	0.0326	0.0347	0.0601	0.0749	0.1659	0.2018	0	0.2124	0.0812	0.0389	0.0326	0.0326	0.0326
21	99.7886	0.0013	0.002	0.0054	0.0189	0.0569	0.1038	0.1383	0.2554	0.2215	0.1327	0.043	0.0166	0.0041	0.0457	0.0457	0.0575	0.0991	0.1287	0.1376	0.0991	0.1258	0.0724	0.0516	0.0457	0.0457	0.0457
