Allele	DPA1_02_07__DPB1_80_01
Type	Standard
n_specificities	2
npep_u	0.96	0.04
npep_t	5000	5000
spec_ids	1	-1
L_core	9
L_N	0
L_C	0
CS_perL	1
pepL_lower	12
pepL_upper	21
n_diff_aa	20

PWM_norm.1	P1	P2	P3	P4	P5	P6	P7	P8	P9
A	0.1416	1.4102	1.589	1.1439	0.9597	0.6575	1.3343	1.3929	1.5228
C	0.0534	0.1874	0.2185	0.1637	0.2236	0.1771	0.2811	0.1648	0.9011
D	0.0357	0.9491	0.9286	1.5845	1.3314	0.0479	0.3979	0.8155	0.5995
E	0.0648	1.3105	0.3778	3.9395	1.0828	0.1236	2.1271	1.5579	0.3096
F	6.9582	0.8762	1.8035	0.1366	0.6551	1.8776	0.2486	0.4171	0.3981
G	0.0482	0.4448	1.8808	0.4046	0.5076	0.0957	0.6028	0.5194	0.4045
H	0.147	1.1878	1.2825	0.4935	1.2306	0.2192	0.7347	0.9576	0.4228
I	2.781	1.4663	0.5578	1.0174	0.8669	3.8515	0.8935	0.9771	2.0128
K	0.214	1.0207	0.359	0.2021	1.597	0.058	0.7556	1.4241	0.0944
L	2.2999	1.0108	0.4188	0.3114	1.2186	3.3397	2.1284	0.7134	1.5269
M	2.0243	0.8326	0.7109	0.3135	0.7021	4.9031	0.752	0.6522	0.9102
N	0.0953	0.7516	0.8847	1.02	1.1783	0.1294	1.7918	1.1672	1.8733
P	0.0413	0.069	0.4658	0.204	0.9407	0.2572	0.2532	0.934	0.1991
Q	0.1002	1.1222	0.7425	0.8004	1.4036	0.1897	1.3883	1.2856	0.292
R	0.0466	1.0122	0.3035	0.101	0.9522	0.0546	0.4469	1.3797	0.1014
S	0.0496	0.8119	1.4274	1.5237	0.7631	0.228	0.7383	0.929	1.3756
T	0.086	1.0358	0.8491	2.165	1.0519	0.3241	0.5686	1.1016	1.7169
V	1.0398	1.6822	1.2644	1.2442	0.9259	2.6173	1.3112	1.0323	3.1647
W	2.8208	1.7064	3.5258	0.146	0.3129	0.2446	0.1632	0.3216	0.1395
Y	7.8691	1.4466	3.5327	0.1147	1.1182	0.9151	0.2808	0.8037	0.3142

PWM_norm.2	P9	P8	P7	P6	P5	P4	P3	P2	P1
A	1.4593	1.3307	1.5174	0.1958	1.0564	1.1649	1.4673	1.4058	0.1183
C	0.9185	0.2569	0.2869	0.0683	0.242	0.279	0.2241	0.2266	0.0595
D	0.6116	0.9635	0.3756	0.0805	1.2731	2.0643	0.9636	0.9327	0.0399
E	0.3045	1.5058	1.5822	0.0784	1.1725	2.1537	0.4329	1.3679	0.0733
F	0.3868	0.5297	0.4492	5.6388	0.649	0.6442	1.8353	0.841	7.1457
G	0.4608	0.4851	0.3859	0.0861	0.5646	0.526	1.7923	0.4972	0.0493
H	0.3965	1.157	0.738	0.1538	1.0693	0.5813	1.2834	1.2008	0.1622
I	2.0911	0.8759	1.2659	2.019	0.9344	1.0179	0.5986	1.3917	2.7977
K	0.0895	1.4439	0.6838	0.064	1.7559	0.2269	0.4026	0.9864	0.1582
L	1.6033	0.6884	1.7477	4.2657	1.0656	0.3683	0.4805	0.9846	2.2757
M	0.9514	0.759	0.578	2.8747	0.8204	0.6266	0.7241	0.8446	2.1657
N	1.7197	1.0983	1.2517	0.1976	1.2733	2.3116	0.8803	0.7813	0.098
P	0.1872	0.74	0.7138	0.1521	0.9108	0.4424	0.4408	0.1334	0.045
Q	0.2404	1.5182	1.0963	0.4428	1.3508	0.9472	0.8024	1.1764	0.1194
R	0.0842	1.35	0.4065	0.0439	1.0617	0.1615	0.2989	1.0316	0.0294
S	1.3436	0.8713	0.6368	0.1279	0.6741	1.0924	1.3582	0.8414	0.0543
T	1.7103	1.1368	1.2402	0.3515	1.1923	2.222	0.8723	1.0364	0.0846
V	3.2018	1.0802	1.9374	0.7993	0.7103	1.409	1.2637	1.6339	0.9649
W	0.1327	0.3599	0.228	0.7501	0.3119	0.3847	3.4587	1.3914	2.6984
Y	0.3266	0.8116	0.4261	2.453	1.0383	0.4118	3.5769	1.3137	7.896

pepL	alpha	w_s
12	99.5307	0.083	0.1488	0	0.3949	0.3734	0.3191	0.2311	0	0.3551	0.0947
13	98.9575	0.0263	0.0764	0.2382	0.4675	0.1916	0.2986	0.3626	0.1368	0.1653	0.0367
14	98.3294	0.0043	0.0259	0.161	0	0.4702	0.2977	0.0409	0.075	0.4753	0.3062	0	0.0775	0.0543	0.0116
15	98.0139	0.0017	0.0096	0.0839	0.376	0.4093	0.0998	0.0197	0.0247	0.1824	0.5409	0.1811	0.0376	0.0237	0.0096
16	98.2233	8e-04	0.0022	0.03	0.2337	0	0.5219	0.1563	0.0471	0.0079	0.0142	0.0382	0.3427	0.4747	0	0.0918	0.02	0.0102	0.0081
17	98.735	8e-04	0.0019	0.0146	0.1152	0.4293	0.2806	0.114	0.0363	0.0072	0.013	0.0234	0.1237	0.5223	0.2209	0.0523	0.0192	0.0136	0.0115
18	99.2174	5e-04	0.0013	0.0066	0.0433	0.2908	0	0.3312	0.218	0.0767	0.0267	0.005	0.0144	0.0207	0.0564	0.2371	0.44	0	0.1507	0.0358	0.016	0.0144	0.0144
19	99.5133	0.001	0.0012	0.0074	0.029	0.145	0.2323	0.2918	0.1844	0.0762	0.0263	0.0055	0.0246	0.0328	0.0639	0.1615	0.2563	0.2441	0.1005	0.0409	0.0246	0.026	0.0246
20	99.691	0.001	0.0012	0.0048	0.0176	0.0704	0.1449	0	0.2809	0.2454	0.1596	0.0505	0.0192	0.0045	0.0326	0.0347	0.0601	0.0749	0.1659	0.2018	0	0.2124	0.0812	0.0389	0.0326	0.0326	0.0326
21	99.7886	0.0013	0.002	0.0054	0.0189	0.0569	0.1038	0.1383	0.2554	0.2215	0.1327	0.043	0.0166	0.0041	0.0457	0.0457	0.0575	0.0991	0.1287	0.1376	0.0991	0.1258	0.0724	0.0516	0.0457	0.0457	0.0457
