Allele	DPA1_04_01__DPB1_29_01
Type	Standard
n_specificities	1
npep_u	1
npep_t	5000
spec_ids	1
L_core	9
L_N	0
L_C	0
CS_perL	1
pepL_lower	12
pepL_upper	21
n_diff_aa	20

PWM_norm.1	P1	P2	P3	P4	P5	P6	P7	P8	P9
A	0.1372	1.5793	1.7484	1.6111	1.1449	5.6056	2.4941	1.2875	1.8554
C	0.0329	0.1805	0.2178	0.1381	0.1832	0.4615	0.3865	0.198	0.2419
D	0.0737	0.5207	0.8042	0.4469	0.7128	0.0849	0.448	0.7254	1.1515
E	0.0804	1.2846	0.5221	0.7613	1.0651	0.1413	0.7268	1.4258	0.938
F	0.5933	1.1255	1.4017	0.3019	0.6548	0.3712	0.7634	0.5012	0.229
G	0.0593	0.4308	1.4555	0.4147	0.4719	0.9424	0.3876	0.6157	0.6274
H	0.4348	0.6067	0.7152	1.3399	0.564	0.0837	2.2519	1.1428	2.335
I	0.2547	1.2851	1.1234	2.2717	1.6151	1.3494	0.7282	0.9973	0.6607
K	0.713	1.2202	0.3665	2.285	1.1929	0.0814	1.277	1.3851	0.1734
L	0.2413	1.3978	0.7705	0.409	1.6538	0.5707	1.099	0.7529	0.6501
M	0.1628	0.7858	0.6904	0.4854	0.8111	0.2861	0.7828	0.7103	0.4717
N	0.1074	0.9549	0.8542	0.7665	1.0048	0.1149	1.0905	1.0942	4.3311
P	0.0567	0.147	0.6846	0.7996	0.8704	2.2988	0.3817	1.0583	0.2559
Q	0.268	0.7958	0.7468	0.6768	1.0925	0.0776	2.3635	1.27	1.1068
R	14.4019	0.9213	0.1847	0.3097	0.5623	0.0517	1.112	1.3844	0.2247
S	0.0752	0.7162	1.1411	1.7521	0.5737	0.8826	0.6506	0.8869	1.9986
T	0.1072	1.278	0.897	1.3988	1.2537	0.5791	0.4884	1.0714	0.7383
V	0.1622	1.479	1.7378	1.5193	1.493	1.9153	0.9995	1.0091	1.0636
W	0.0796	0.7527	2.9589	0.3701	0.1702	0.0841	0.5173	0.4209	0.1258
Y	0.3082	1.625	2.6035	0.2978	1.2935	0.2622	0.626	0.9282	0.3454

pepL	alpha	w_s
12	99.5307	0.083	0.1488	0	0.3949	0.3733
13	98.9574	0.0263	0.0764	0.2382	0.4675	0.1916
14	98.3293	0.0043	0.0259	0.161	0	0.4702	0.2976	0.0409
15	98.0138	0.0017	0.0096	0.0839	0.3761	0.4093	0.0998	0.0197
16	98.2233	8e-04	0.0022	0.03	0.2337	0	0.522	0.1562	0.0472	0.0079
17	98.7349	8e-04	0.0019	0.0146	0.1152	0.4294	0.2806	0.114	0.0362	0.0072
18	99.2174	5e-04	0.0013	0.0066	0.0433	0.2908	0	0.3312	0.218	0.0767	0.0267	0.005
19	99.5134	0.001	0.0012	0.0074	0.029	0.145	0.2323	0.2917	0.1843	0.0762	0.0263	0.0055
20	99.6911	0.001	0.0012	0.0048	0.0176	0.0704	0.1449	0	0.2809	0.2453	0.1596	0.0505	0.0192	0.0045
21	99.7886	0.0013	0.002	0.0054	0.0189	0.0569	0.1038	0.1384	0.2552	0.2215	0.1327	0.043	0.0166	0.0041
