Allele	DPA1_03_01__DPB1_498_01
Type	Standard
n_specificities	2
npep_u	0.913	0.087
npep_t	5000	5000
spec_ids	1	-1
L_core	9
L_N	0
L_C	0
CS_perL	1
pepL_lower	12
pepL_upper	21
n_diff_aa	20

PWM_norm.1	P1	P2	P3	P4	P5	P6	P7	P8	P9
A	0.1372	1.5793	1.7484	1.4015	1.4805	4.6989	3.9875	1.3737	0.9551
C	0.0329	0.1805	0.2178	0.1057	0.1551	0.3702	0.308	0.1616	0.45
D	0.0737	0.5207	0.8042	1.6399	0.8355	0.2091	0.5311	0.7933	0.146
E	0.0804	1.2846	0.5221	2.8107	0.9393	0.1649	1.2645	1.6133	0.1978
F	0.5933	1.1255	1.4017	0.1212	0.6746	0.0906	0.5027	0.4242	0.1927
G	0.0593	0.4308	1.4555	0.372	0.3952	0.6597	0.732	0.5171	0.1106
H	0.4348	0.6067	0.7152	0.2455	0.4944	0.0689	0.3008	0.9532	0.1065
I	0.2547	1.2851	1.1234	2.2175	1.4834	1.8219	0.8278	0.9809	3.1644
K	0.713	1.2202	0.3665	0.1135	1.1882	0.0621	0.3008	1.4111	0.0434
L	0.2413	1.3978	0.7705	0.2181	1.6943	0.4889	1.4622	0.7152	3.9457
M	0.1628	0.7858	0.6904	0.2844	0.8988	0.3693	1.0871	0.6715	0.9261
N	0.1074	0.9549	0.8542	0.5907	0.8694	0.226	0.7952	1.1509	0.3364
P	0.0567	0.147	0.6846	0.7825	1.0489	1.5298	0.3809	0.9184	0.0596
Q	0.268	0.7958	0.7468	0.3984	0.9269	0.0988	0.8436	1.314	0.2655
R	14.4019	0.9213	0.1847	0.049	0.7405	0.0414	0.343	1.4008	0.045
S	0.0752	0.7162	1.1411	1.8732	0.5705	0.9332	0.7791	0.9192	0.454
T	0.1072	1.278	0.897	2.0208	0.9524	0.7256	0.6154	1.095	0.7866
V	0.1622	1.479	1.7378	1.5088	1.4597	3.7515	1.3521	1.0119	3.6877
W	0.0796	0.7527	2.9589	0.0596	0.1948	0.0214	0.1446	0.3255	0.0521
Y	0.3082	1.625	2.6035	0.0661	1.1607	0.0666	0.4343	0.798	0.1166

PWM_norm.2	P9	P8	P7	P6	P5	P4	P3	P2	P1
A	0.7654	1.3526	4.2567	4.3827	1.2756	1.9043	1.3796	1.7726	0.4191
C	0.3519	0.2612	0.2532	0.4391	0.1296	0.3274	0.3517	0.428	0.0597
D	0.4067	0.937	0.4491	0.3473	0.7973	1.5891	0.6085	0.348	0.1395
E	0.419	1.5085	1.0163	0.201	0.9954	1.5021	0.7029	1.3441	0.2103
F	0.431	0.5248	0.3785	0.4172	0.6894	0.3374	1.7204	0.9842	0.4906
G	0.2127	0.4867	0.562	1.0468	0.4304	0.3454	0.7166	0.6618	0.0984
H	0.173	1.1858	0.3132	0.2259	0.5081	0.3603	0.7617	0.4133	0.3985
I	3.7153	0.8646	0.8145	1.4339	1.693	1.9185	1.2149	1.5777	0.1833
K	0.0973	1.4421	0.27	0.1015	1.3492	0.1144	0.702	1.3002	0.8013
L	4.1482	0.6953	1.1993	0.714	1.6168	0.428	1.4124	0.9229	0.2247
M	1.7492	0.7547	0.9329	0.357	0.9304	0.9556	0.9716	0.5454	0.1904
N	0.3899	1.0791	0.5133	0.618	0.8031	2.0793	0.7941	0.8595	0.1558
P	0.1915	0.7585	1.2115	1.1023	0.9993	0.8406	0.6531	0.9263	0.0643
Q	0.2073	1.5194	0.5674	0.2779	0.9013	0.4051	0.7663	0.8526	0.2619
R	0.0931	1.3723	0.3152	0.079	0.7456	0.0933	0.4104	0.939	13.7805
S	0.3635	0.8624	0.7615	1.175	0.5399	1.294	0.8232	0.983	0.1136
T	0.6193	1.1087	0.8781	1.2492	1.0206	1.8685	1.0669	1.0403	0.1198
V	2.1572	1.0786	1.5501	2.2943	1.4922	1.8298	1.2789	1.1606	0.1449
W	0.1222	0.3535	0.1999	0.0525	0.2248	0.1271	3.2061	0.4159	0.0956
Y	0.2193	0.7914	0.3656	0.2049	1.1961	0.1639	2.3966	0.8243	0.2515

pepL	alpha	w_s
12	99.5307	0.083	0.1488	0	0.3949	0.3733	0.3191	0.2311	0	0.3551	0.0947
13	98.9574	0.0263	0.0764	0.2382	0.4675	0.1916	0.2986	0.3626	0.1368	0.1653	0.0367
14	98.3293	0.0043	0.0259	0.161	0	0.4702	0.2976	0.0409	0.075	0.4753	0.3062	0	0.0775	0.0543	0.0116
15	98.0138	0.0017	0.0096	0.0839	0.3761	0.4093	0.0998	0.0197	0.0247	0.1824	0.5409	0.1811	0.0376	0.0237	0.0096
16	98.2233	8e-04	0.0022	0.03	0.2337	0	0.522	0.1562	0.0472	0.0079	0.0142	0.0382	0.3427	0.4747	0	0.0918	0.02	0.0102	0.0081
17	98.7349	8e-04	0.0019	0.0146	0.1152	0.4294	0.2806	0.114	0.0362	0.0072	0.013	0.0234	0.1237	0.5223	0.2209	0.0523	0.0192	0.0136	0.0115
18	99.2174	5e-04	0.0013	0.0066	0.0433	0.2908	0	0.3312	0.218	0.0767	0.0267	0.005	0.0144	0.0207	0.0564	0.2371	0.44	0	0.1507	0.0358	0.016	0.0144	0.0144
19	99.5134	0.001	0.0012	0.0074	0.029	0.145	0.2323	0.2917	0.1843	0.0762	0.0263	0.0055	0.0246	0.0328	0.0639	0.1615	0.2563	0.2441	0.1005	0.0409	0.0246	0.026	0.0246
20	99.6911	0.001	0.0012	0.0048	0.0176	0.0704	0.1449	0	0.2809	0.2453	0.1596	0.0505	0.0192	0.0045	0.0326	0.0347	0.0601	0.0749	0.1659	0.2018	0	0.2124	0.0812	0.0389	0.0326	0.0326	0.0326
21	99.7886	0.0013	0.002	0.0054	0.0189	0.0569	0.1038	0.1384	0.2552	0.2215	0.1327	0.043	0.0166	0.0041	0.0457	0.0457	0.0575	0.0991	0.1287	0.1376	0.0991	0.1258	0.0724	0.0516	0.0457	0.0457	0.0457
