Allele	DPA1_02_12__DPB1_77_01
Type	Standard
n_specificities	2
npep_u	0.974	0.026
npep_t	5000	5000
spec_ids	1	-1
L_core	9
L_N	0
L_C	0
CS_perL	1
pepL_lower	12
pepL_upper	21
n_diff_aa	20

PWM_norm.1	P1	P2	P3	P4	P5	P6	P7	P8	P9
A	0.1366	1.4085	1.5855	1.1995	0.9935	0.7601	1.3296	1.3737	1.4421
C	0.0548	0.2063	0.2114	0.2047	0.2302	0.1602	0.2471	0.1616	0.931
D	0.0316	0.9616	0.9642	1.5585	1.2982	0.0606	0.3812	0.7933	0.6017
E	0.0583	1.305	0.3794	3.4189	1.0499	0.1643	2.2204	1.6133	0.2821
F	6.9848	0.8772	1.8278	0.1882	0.6909	1.8803	0.2322	0.4242	0.36
G	0.045	0.4413	1.892	0.5068	0.4944	0.1361	0.55	0.5171	0.3931
H	0.1537	1.2262	1.2685	0.5704	1.2316	0.2147	0.6157	0.9532	0.3979
I	2.919	1.438	0.5562	1.0294	0.8684	3.7115	0.875	0.9809	2.0814
K	0.1602	1.0157	0.3484	0.2206	1.5995	0.0624	0.6941	1.4111	0.0941
L	2.3739	0.9775	0.4135	0.3484	1.2107	2.9923	2.2971	0.7152	1.543
M	2.0299	0.8674	0.7004	0.3498	0.704	4.0764	0.6888	0.6715	0.9458
N	0.0958	0.7709	0.8708	1.2267	1.1804	0.2016	1.7679	1.1509	1.8965
P	0.0357	0.0704	0.4409	0.2234	0.9443	0.3874	0.235	0.9184	0.1833
Q	0.0949	1.1553	0.7608	0.8386	1.4004	0.2636	1.44	1.314	0.2678
R	0.0438	1.0208	0.2825	0.1083	0.9425	0.0592	0.3823	1.4008	0.0851
S	0.0464	0.8087	1.4462	1.5471	0.7613	0.2828	0.7042	0.9192	1.3929
T	0.0841	1.0437	0.8128	2.1289	1.0754	0.482	0.537	1.095	1.7623
V	0.9929	1.6549	1.2447	1.3391	0.9257	2.8729	1.323	1.0119	3.2171
W	2.6191	1.7998	3.568	0.1778	0.3159	0.3504	0.1301	0.3255	0.1422
Y	7.7226	1.4545	3.617	0.135	1.1497	0.9415	0.2361	0.798	0.2904

PWM_norm.2	P9	P8	P7	P6	P5	P4	P3	P2	P1
A	1.4864	1.3526	1.5831	0.318	1.1092	1.2101	1.4257	1.371	0.1276
C	0.9513	0.2612	0.2833	0.0883	0.2052	0.3075	0.2671	0.2243	0.062
D	0.6611	0.937	0.3768	0.1001	1.2543	2.0096	0.941	0.9349	0.0377
E	0.3179	1.5085	1.6976	0.1276	1.19	2.0179	0.4527	1.3538	0.072
F	0.3506	0.5248	0.402	4.367	0.639	0.6727	1.847	0.8578	7.331
G	0.4429	0.4867	0.3511	0.1347	0.5578	0.5548	1.6812	0.5028	0.0586
H	0.4654	1.1858	0.6855	0.264	1.0796	0.5646	1.3119	1.2282	0.1925
I	2.1983	0.8646	1.1907	2.4822	0.9732	0.9745	0.6692	1.4097	2.7112
K	0.0911	1.4421	0.6522	0.1076	1.7606	0.1801	0.428	1.0057	0.1803
L	1.6245	0.6953	1.8065	3.8086	1.0728	0.3756	0.5209	0.9638	2.3156
M	0.9402	0.7547	0.5651	2.8428	0.7975	0.6236	0.7827	0.8689	1.9337
N	1.8133	1.0791	1.2164	0.2895	1.2163	2.5306	0.8797	0.7889	0.1241
P	0.2044	0.7585	0.6837	0.2785	0.8585	0.4263	0.4849	0.1209	0.0397
Q	0.2656	1.5194	1.136	0.6642	1.3233	0.9607	0.8172	1.1708	0.1168
R	0.0955	1.3723	0.385	0.0679	1.0435	0.132	0.322	1.0354	0.0325
S	1.2353	0.8624	0.6307	0.1945	0.6705	1.2148	1.2819	0.8419	0.0589
T	1.6565	1.1087	1.2072	0.5778	1.1868	2.1852	0.8982	1.0472	0.0936
V	3.1041	1.0786	1.9041	1.1058	0.7775	1.4012	1.2869	1.6331	0.9435
W	0.1246	0.3535	0.2177	0.6612	0.2817	0.3004	3.5331	1.4894	2.6989
Y	0.3207	0.7914	0.3866	2.0789	1.0302	0.3163	3.4166	1.318	7.7011

pepL	alpha	w_s
12	99.5307	0.083	0.1488	0	0.3949	0.3733	0.3191	0.2311	0	0.3551	0.0947
13	98.9574	0.0263	0.0764	0.2382	0.4675	0.1916	0.2986	0.3626	0.1368	0.1653	0.0367
14	98.3293	0.0043	0.0259	0.161	0	0.4702	0.2976	0.0409	0.075	0.4753	0.3062	0	0.0775	0.0543	0.0116
15	98.0138	0.0017	0.0096	0.0839	0.3761	0.4093	0.0998	0.0197	0.0247	0.1824	0.5409	0.1811	0.0376	0.0237	0.0096
16	98.2233	8e-04	0.0022	0.03	0.2337	0	0.522	0.1562	0.0472	0.0079	0.0142	0.0382	0.3427	0.4747	0	0.0918	0.02	0.0102	0.0081
17	98.7349	8e-04	0.0019	0.0146	0.1152	0.4294	0.2806	0.114	0.0362	0.0072	0.013	0.0234	0.1237	0.5223	0.2209	0.0523	0.0192	0.0136	0.0115
18	99.2174	5e-04	0.0013	0.0066	0.0433	0.2908	0	0.3312	0.218	0.0767	0.0267	0.005	0.0144	0.0207	0.0564	0.2371	0.44	0	0.1507	0.0358	0.016	0.0144	0.0144
19	99.5134	0.001	0.0012	0.0074	0.029	0.145	0.2323	0.2917	0.1843	0.0762	0.0263	0.0055	0.0246	0.0328	0.0639	0.1615	0.2563	0.2441	0.1005	0.0409	0.0246	0.026	0.0246
20	99.6911	0.001	0.0012	0.0048	0.0176	0.0704	0.1449	0	0.2809	0.2453	0.1596	0.0505	0.0192	0.0045	0.0326	0.0347	0.0601	0.0749	0.1659	0.2018	0	0.2124	0.0812	0.0389	0.0326	0.0326	0.0326
21	99.7886	0.0013	0.002	0.0054	0.0189	0.0569	0.1038	0.1384	0.2552	0.2215	0.1327	0.043	0.0166	0.0041	0.0457	0.0457	0.0575	0.0991	0.1287	0.1376	0.0991	0.1258	0.0724	0.0516	0.0457	0.0457	0.0457
