Allele	DPA1_02_09__DPB1_40_01
Type	Standard
n_specificities	2
npep_u	0.959	0.041
npep_t	5000	5000
spec_ids	1	-1
L_core	9
L_N	0
L_C	0
CS_perL	1
pepL_lower	12
pepL_upper	21
n_diff_aa	20

PWM_norm.1	P1	P2	P3	P4	P5	P6	P7	P8	P9
A	0.3626	1.4102	1.589	0.8145	0.9597	0.182	1.3343	1.0692	0.7126
C	0.1024	0.1874	0.2185	0.2035	0.2236	0.043	0.2811	0.1728	0.2142
D	0.0798	0.9491	0.9286	1.3498	1.3314	0.0347	0.3979	1.184	5.2251
E	0.1032	1.3105	0.3778	3.5139	1.0828	0.0489	2.1271	1.7529	3.3787
F	2.2013	0.8762	1.8035	0.1856	0.6551	15.9768	0.2486	0.4482	1.0841
G	0.1173	0.4448	1.8808	0.4056	0.5076	0.0667	0.6028	0.5537	0.6211
H	0.1304	1.1878	1.2825	0.7022	1.2306	0.168	0.7347	0.7365	0.7131
I	5.4462	1.4663	0.5578	0.9493	0.8669	0.5693	0.8935	0.8274	0.8064
K	0.9644	1.0207	0.359	0.3655	1.597	0.0335	0.7556	1.393	0.2408
L	2.9192	1.0108	0.4188	0.3815	1.2186	0.944	2.1284	0.7109	0.7041
M	2.6672	0.8326	0.7109	0.3367	0.7021	0.8376	0.752	0.4896	0.8477
N	0.1462	0.7516	0.8847	0.8821	1.1783	0.137	1.7918	1.1909	0.3648
P	0.1079	0.069	0.4658	0.2423	0.9407	0.1447	0.2532	1.0119	0.268
Q	0.1483	1.1222	0.7425	0.8116	1.4036	0.0945	1.3883	1.2956	0.5164
R	0.216	1.0122	0.3035	0.1694	0.9522	0.028	0.4469	1.6622	0.1834
S	0.0927	0.8119	1.4274	1.4389	0.7631	0.1176	0.7383	0.864	0.4134
T	0.2454	1.0358	0.8491	2.819	1.0519	0.1678	0.5686	0.9415	0.5367
V	2.5642	1.6822	1.2644	1.4045	0.9259	0.3262	1.3112	0.933	0.7501
W	0.487	1.7064	3.5258	0.2251	0.3129	3.5851	0.1632	0.4326	0.7504
Y	0.8299	1.4466	3.5327	0.1894	1.1182	6.2947	0.2808	0.8595	1.2447

PWM_norm.2	P9	P8	P7	P6	P5	P4	P3	P2	P1
A	0.6616	1.1432	1.5174	0.1495	1.0564	0.7846	1.4673	1.4058	0.2578
C	0.293	0.2554	0.2869	0.0449	0.242	0.1544	0.2241	0.2266	0.1345
D	4.1311	1.2383	0.3756	0.0325	1.2731	1.3782	0.9636	0.9327	0.0952
E	3.6554	1.789	1.5822	0.0402	1.1725	3.824	0.4329	1.3679	0.0931
F	0.7783	0.6981	0.4492	16.6412	0.649	0.2052	1.8353	0.841	2.144
G	0.8039	0.526	0.3859	0.0743	0.5646	0.3293	1.7923	0.4972	0.1262
H	0.6028	0.8357	0.738	0.1396	1.0693	0.5094	1.2834	1.2008	0.1125
I	1.2116	0.7785	1.2659	0.478	0.9344	0.8793	0.5986	1.3917	5.9904
K	0.3035	1.4163	0.6838	0.0485	1.7559	0.3334	0.4026	0.9864	0.7797
L	0.6498	0.6733	1.7477	0.8699	1.0656	0.3558	0.4805	0.9846	2.961
M	0.8973	0.644	0.578	0.7034	0.8204	0.335	0.7241	0.8446	2.8634
N	0.4186	1.1764	1.2517	0.096	1.2733	0.9459	0.8803	0.7813	0.1231
P	0.3255	0.8181	0.7138	0.095	0.9108	0.2178	0.4408	0.1334	0.1738
Q	0.6653	1.3898	1.0963	0.0932	1.3508	0.7803	0.8024	1.1764	0.1493
R	0.23	1.4959	0.4065	0.0356	1.0617	0.1336	0.2989	1.0316	0.0941
S	0.4	0.8427	0.6368	0.1022	0.6741	1.4094	1.3582	0.8414	0.0971
T	0.6512	0.9302	1.2402	0.1467	1.1923	2.9313	0.8723	1.0364	0.2219
V	0.9327	1.0277	1.9374	0.2236	0.7103	1.346	1.2637	1.6339	2.395
W	0.5966	0.3779	0.228	3.2874	0.3119	0.1511	3.4587	1.3914	0.6354
Y	0.8597	0.6423	0.4261	6.6543	1.0383	0.1764	3.5769	1.3137	0.8248

pepL	alpha	w_s
12	99.5307	0.083	0.1488	0	0.3949	0.3734	0.3191	0.2311	0	0.3551	0.0947
13	98.9575	0.0263	0.0764	0.2382	0.4675	0.1916	0.2986	0.3626	0.1368	0.1653	0.0367
14	98.3294	0.0043	0.0259	0.161	0	0.4702	0.2977	0.0409	0.075	0.4753	0.3062	0	0.0775	0.0543	0.0116
15	98.0139	0.0017	0.0096	0.0839	0.376	0.4093	0.0998	0.0197	0.0247	0.1824	0.5409	0.1811	0.0376	0.0237	0.0096
16	98.2233	8e-04	0.0022	0.03	0.2337	0	0.5219	0.1563	0.0471	0.0079	0.0142	0.0382	0.3427	0.4747	0	0.0918	0.02	0.0102	0.0081
17	98.735	8e-04	0.0019	0.0146	0.1152	0.4293	0.2806	0.114	0.0363	0.0072	0.013	0.0234	0.1237	0.5223	0.2209	0.0523	0.0192	0.0136	0.0115
18	99.2174	5e-04	0.0013	0.0066	0.0433	0.2908	0	0.3312	0.218	0.0767	0.0267	0.005	0.0144	0.0207	0.0564	0.2371	0.44	0	0.1507	0.0358	0.016	0.0144	0.0144
19	99.5133	0.001	0.0012	0.0074	0.029	0.145	0.2323	0.2918	0.1844	0.0762	0.0263	0.0055	0.0246	0.0328	0.0639	0.1615	0.2563	0.2441	0.1005	0.0409	0.0246	0.026	0.0246
20	99.691	0.001	0.0012	0.0048	0.0176	0.0704	0.1449	0	0.2809	0.2454	0.1596	0.0505	0.0192	0.0045	0.0326	0.0347	0.0601	0.0749	0.1659	0.2018	0	0.2124	0.0812	0.0389	0.0326	0.0326	0.0326
21	99.7886	0.0013	0.002	0.0054	0.0189	0.0569	0.1038	0.1383	0.2554	0.2215	0.1327	0.043	0.0166	0.0041	0.0457	0.0457	0.0575	0.0991	0.1287	0.1376	0.0991	0.1258	0.0724	0.0516	0.0457	0.0457	0.0457
