Allele	DPA1_03_01__DPB1_19_01
Type	Standard
n_specificities	2
npep_u	0.696	0.304
npep_t	5000	5000
spec_ids	1	-1
L_core	9
L_N	0
L_C	0
CS_perL	1
pepL_lower	12
pepL_upper	21
n_diff_aa	20

PWM_norm.1	P1	P2	P3	P4	P5	P6	P7	P8	P9
A	0.1385	1.5082	1.5487	1.1722	0.9099	0.7435	0.7249	1.5806	1.1034
C	0.0306	0.2533	0.2267	0.2548	0.243	0.2161	0.1782	0.144	0.6667
D	0.0667	0.6959	0.8568	0.4791	1.316	0.0695	0.2561	0.7978	0.6649
E	0.083	1.1223	0.4969	0.769	1.079	0.128	1.3851	1.3044	0.3164
F	0.6121	1.1565	1.7368	0.4971	0.6479	2.8625	0.3435	0.2672	1.4729
G	0.0622	0.2995	1.0687	0.4745	0.5267	0.1262	0.2111	0.6237	0.3345
H	0.4195	0.447	0.5469	2.5514	1.2214	0.2416	2.9606	0.8872	0.2772
I	0.2531	1.2949	1.6649	1.539	0.835	3.3245	0.708	0.7505	2.8734
K	0.8316	1.7385	0.3283	2.6487	1.6632	0.0739	1.8309	1.8866	0.1108
L	0.2456	1.5503	0.8308	0.5336	1.0736	3.0649	1.5117	0.505	1.8219
M	0.1704	0.8836	0.6388	0.5827	0.6475	4.4245	0.4117	0.39	1.6575
N	0.1057	0.7754	1.0415	1.3362	1.2591	0.1494	1.9183	1.4884	0.7347
P	0.0603	0.0806	0.5643	0.6285	1.0391	0.302	0.1331	1.1944	0.2024
Q	0.2678	1.0637	0.745	0.8947	1.3214	0.2022	3.7341	1.5269	0.1973
R	14.2122	1.0029	0.1358	0.6634	0.951	0.0716	1.22	1.1787	0.1082
S	0.078	0.4801	1.0599	1.1425	0.8137	0.262	0.3217	1.3691	0.8559
T	0.1126	0.9148	0.7287	1.1907	1.2159	0.3911	0.3635	0.7665	1.5404
V	0.1815	1.3746	2.0953	1.3203	0.8753	2.3095	0.8338	0.5556	3.0488
W	0.0848	1.3098	2.1163	0.8793	0.3106	0.5753	0.3674	0.2414	0.4312
Y	0.3501	1.7397	3.0977	0.616	1.1603	1.5515	0.3859	0.7647	1.0264

PWM_norm.2	P9	P8	P7	P6	P5	P4	P3	P2	P1
A	0.9937	0.8641	0.7764	0.236	1.0071	1.3216	0.9332	2.0159	0.4409
C	0.668	0.1746	0.1632	0.0899	0.2818	0.4476	0.1431	0.3113	0.0596
D	0.6169	1.6763	0.2245	0.131	1.2902	0.9238	0.3664	0.4435	0.1533
E	0.3825	1.5622	1.323	0.0938	1.1158	0.4111	0.348	1.3729	0.2216
F	0.9503	0.7645	0.3524	6.0471	0.6448	1.0917	4.468	0.9632	0.573
G	0.4479	0.8493	0.2048	0.1175	0.5721	0.4389	0.6607	0.6113	0.1034
H	0.309	1.1711	2.9636	0.1477	1.0884	4.1984	0.45	0.5053	0.414
I	3.0006	0.7679	0.909	1.9719	0.8907	1.3057	0.998	1.6019	0.1845
K	0.1229	1.2637	1.6818	0.1158	1.746	1.4035	0.4033	1.1683	0.8562
L	2.4926	0.8442	1.5006	3.6787	0.9682	0.3917	2.2174	1.0446	0.2399
M	1.8023	0.411	0.349	3.1564	0.7749	0.8792	0.5675	0.59	0.2233
N	0.7234	1.1675	1.8434	0.2017	1.308	3.2355	0.5152	0.8332	0.1594
P	0.2206	0.4662	0.204	0.1871	1.0265	0.2804	0.358	0.6444	0.074
Q	0.2797	2.1696	3.5993	0.4201	1.2899	0.6281	0.3938	0.9204	0.268
R	0.1138	0.9759	1.0885	0.0689	1.0834	0.5751	0.1753	0.8634	13.4773
S	0.7097	0.8116	0.335	0.1367	0.7185	0.8928	0.7386	0.8566	0.1157
T	1.1226	0.9003	0.4708	0.3594	1.2628	1.0175	1.3807	1.0286	0.1289
V	2.6703	0.9703	0.9691	0.7789	0.719	1.3653	1.0131	1.2012	0.1567
W	0.3042	0.5846	0.2882	1.3972	0.358	1.3695	1.9465	0.5152	0.123
Y	0.8154	0.6977	0.5044	3.099	1.1337	1.0353	3.3315	0.889	0.3399

pepL	alpha	w_s
12	99.5307	0.083	0.1488	0	0.3949	0.3734	0.3191	0.2311	0	0.3551	0.0947
13	98.9575	0.0263	0.0764	0.2382	0.4675	0.1916	0.2986	0.3626	0.1368	0.1653	0.0367
14	98.3294	0.0043	0.0259	0.161	0	0.4702	0.2977	0.0409	0.075	0.4753	0.3062	0	0.0775	0.0543	0.0116
15	98.0139	0.0017	0.0096	0.0839	0.376	0.4093	0.0998	0.0197	0.0247	0.1824	0.5409	0.1811	0.0376	0.0237	0.0096
16	98.2233	8e-04	0.0022	0.03	0.2337	0	0.5219	0.1563	0.0471	0.0079	0.0142	0.0382	0.3427	0.4747	0	0.0918	0.02	0.0102	0.0081
17	98.735	8e-04	0.0019	0.0146	0.1152	0.4293	0.2806	0.114	0.0363	0.0072	0.013	0.0234	0.1237	0.5223	0.2209	0.0523	0.0192	0.0136	0.0115
18	99.2174	5e-04	0.0013	0.0066	0.0433	0.2908	0	0.3312	0.218	0.0767	0.0267	0.005	0.0144	0.0207	0.0564	0.2371	0.44	0	0.1507	0.0358	0.016	0.0144	0.0144
19	99.5133	0.001	0.0012	0.0074	0.029	0.145	0.2323	0.2918	0.1844	0.0762	0.0263	0.0055	0.0246	0.0328	0.0639	0.1615	0.2563	0.2441	0.1005	0.0409	0.0246	0.026	0.0246
20	99.691	0.001	0.0012	0.0048	0.0176	0.0704	0.1449	0	0.2809	0.2454	0.1596	0.0505	0.0192	0.0045	0.0326	0.0347	0.0601	0.0749	0.1659	0.2018	0	0.2124	0.0812	0.0389	0.0326	0.0326	0.0326
21	99.7886	0.0013	0.002	0.0054	0.0189	0.0569	0.1038	0.1383	0.2554	0.2215	0.1327	0.043	0.0166	0.0041	0.0457	0.0457	0.0575	0.0991	0.1287	0.1376	0.0991	0.1258	0.0724	0.0516	0.0457	0.0457	0.0457
