Allele	DPA1_01_03__DPB1_02_01
Type	Standard
n_specificities	1
npep_u	1
npep_t	20928
spec_ids	1
L_core	9
L_N	0
L_C	0
CS_perL	1
pepL_lower	12
pepL_upper	21
n_diff_aa	20

PWM_norm.1	P1	P2	P3	P4	P5	P6	P7	P8	P9
A	0.0639	1.3782	1.2395	0.561	0.9159	0.049	0.6406	0.9797	1.087
C	0.0123	0.0669	0.1411	0.0487	0.204	0.0136	0.1031	0.1298	1.0897
D	0.0143	1.2802	0.794	0.3566	1.4537	0.0064	0.1894	1.2083	0.5589
E	0.0483	0.9811	0.3567	1.1231	1.0209	0.0108	1.543	1.0987	0.3438
F	8.7897	1.0401	1.8207	0.1062	0.7157	16.4306	0.2906	0.2728	0.3203
G	0.0072	0.3329	2.6161	0.1909	0.4365	0.019	0.1494	0.2587	0.2178
H	0.3378	1.9001	1.9094	3.409	0.9342	0.1071	3.2679	1.1348	0.178
I	2.6178	1.1594	0.3044	0.4523	0.6664	0.4816	0.8064	0.5512	2.4182
K	0.0231	0.9827	0.3089	5.5213	1.8294	0.04	1.7353	2.0328	0.02
L	3.0321	0.9552	0.262	0.3364	1.0301	1.2437	1.5559	0.6922	1.6912
M	1.1946	0.4829	0.3838	0.1959	0.5449	0.7986	0.2671	0.2981	0.8444
N	0.048	0.8984	0.8764	0.8023	1.2149	0.0271	2.0908	2.0594	1.8779
P	0.0103	0.0055	0.4613	0.139	1.1496	0.1342	0.0461	1.015	0.0842
Q	0.1058	1.2964	0.8147	0.7859	1.0894	0.0483	4.2097	1.142	0.1585
R	0.014	1.0561	0.204	0.8934	1.1634	0.0222	1.1059	1.2427	0.0771
S	0.0121	1.0383	1.8022	1.1928	0.8174	0.02	0.2226	0.8841	1.0358
T	0.042	1.0385	1.3478	1.6213	1.4876	0.0728	0.2158	1.1666	1.9866
V	0.6959	1.5834	1.0325	0.9905	0.6771	0.1703	0.7259	1.5743	4.0389
W	2.5025	1.1037	1.9222	0.2459	0.2854	3.1673	0.3126	0.0903	0.0864
Y	5.6022	1.69	2.8937	0.2005	1.3126	6.7686	0.5301	0.885	0.1454

pepL	alpha	w_s
12	99.5307	0.083	0.1488	0	0.3949	0.3734
13	98.9575	0.0263	0.0764	0.2382	0.4675	0.1916
14	98.3294	0.0043	0.0259	0.161	0	0.4702	0.2977	0.0409
15	98.0139	0.0017	0.0096	0.0839	0.376	0.4093	0.0998	0.0197
16	98.2233	8e-04	0.0022	0.03	0.2337	0	0.5219	0.1563	0.0471	0.0079
17	98.735	8e-04	0.0019	0.0146	0.1152	0.4293	0.2806	0.114	0.0363	0.0072
18	99.2174	5e-04	0.0013	0.0066	0.0433	0.2908	0	0.3312	0.218	0.0767	0.0267	0.005
19	99.5133	0.001	0.0012	0.0074	0.029	0.145	0.2323	0.2918	0.1844	0.0762	0.0263	0.0055
20	99.691	0.001	0.0012	0.0048	0.0176	0.0704	0.1449	0	0.2809	0.2454	0.1596	0.0505	0.0192	0.0045
21	99.7886	0.0013	0.002	0.0054	0.0189	0.0569	0.1038	0.1383	0.2554	0.2215	0.1327	0.043	0.0166	0.0041
