Allele	DPA1_02_08__DPB1_208_01
Type	Standard
n_specificities	2
npep_u	0.979	0.021
npep_t	5000	5000
spec_ids	1	-1
L_core	9
L_N	0
L_C	0
CS_perL	1
pepL_lower	12
pepL_upper	21
n_diff_aa	20

PWM_norm.1	P1	P2	P3	P4	P5	P6	P7	P8	P9
A	0.1003	1.4085	1.5855	1.1623	1.1449	5.6056	2.4941	1.3737	1.9551
C	0.0305	0.2063	0.2114	0.0928	0.1832	0.4615	0.3865	0.1616	0.132
D	0.069	0.9616	0.9642	0.3593	0.7128	0.0849	0.448	0.7933	1.397
E	0.0889	1.305	0.3794	1.0537	1.0651	0.1413	0.7268	1.6133	0.8992
F	0.3389	0.8772	1.8278	0.3728	0.6548	0.3712	0.7634	0.4242	0.094
G	0.0553	0.4413	1.892	0.341	0.4719	0.9424	0.3876	0.5171	0.3836
H	0.0976	1.2262	1.2685	2.905	0.564	0.0837	2.2519	0.9532	3.0044
I	0.1606	1.438	0.5562	0.9433	1.6151	1.3494	0.7282	0.9809	0.2982
K	12.9119	1.0157	0.3484	3.6797	1.1929	0.0814	1.277	1.4111	0.1043
L	0.1302	0.9775	0.4135	0.4103	1.6538	0.5707	1.099	0.7152	0.3787
M	0.1265	0.8674	0.7004	0.3965	0.8111	0.2861	0.7828	0.6715	0.2206
N	0.1014	0.7709	0.8708	0.7904	1.0048	0.1149	1.0905	1.1509	6.3284
P	0.0408	0.0704	0.4409	0.2247	0.8704	2.2988	0.3817	0.9184	0.1963
Q	0.104	1.1553	0.7608	0.9539	1.0925	0.0776	2.3635	1.314	0.9207
R	2.8675	1.0208	0.2825	0.6524	0.5623	0.0517	1.112	1.4008	0.1164
S	0.0582	0.8087	1.4462	1.4791	0.5737	0.8826	0.6506	0.9192	2.3718
T	0.0873	1.0437	0.8128	1.4936	1.2537	0.5791	0.4884	1.095	0.5914
V	0.1069	1.6549	1.2447	1.0479	1.493	1.9153	0.9995	1.0119	0.594
W	0.0476	1.7998	3.568	0.5753	0.1702	0.0841	0.5173	0.3255	0.0615
Y	0.2857	1.4545	3.617	0.4001	1.2935	0.2622	0.626	0.798	0.1274

PWM_norm.2	P9	P8	P7	P6	P5	P4	P3	P2	P1
A	1.9978	1.3526	2.6153	5.5589	1.0275	1.126	1.4257	1.371	0.2402
C	0.1659	0.2612	0.3499	0.5893	0.1878	0.1298	0.2671	0.2243	0.0903
D	1.4273	0.937	0.3804	0.0968	0.7374	0.3619	0.941	0.9349	0.1632
E	0.9407	1.5085	0.7535	0.1599	1.0531	1.2805	0.4527	1.3538	0.206
F	0.1132	0.5248	0.4502	0.8513	0.6048	0.3709	1.847	0.8578	0.4182
G	0.4174	0.4867	0.3855	0.9718	0.5395	0.3718	1.6812	0.5028	0.1355
H	2.9126	1.1858	2.1125	0.1289	0.5219	3.3397	1.3119	1.2282	0.1851
I	0.3844	0.8646	0.8583	1.1571	1.7737	0.7293	0.6692	1.4097	0.1947
K	0.1167	1.4421	1.0844	0.1305	1.3715	3.6147	0.428	1.0057	12.845
L	0.4114	0.6953	1.0193	0.6096	1.5426	0.4156	0.5209	0.9638	0.1844
M	0.2579	0.7547	0.8881	0.3255	0.9993	0.427	0.7827	0.8689	0.196
N	5.7378	1.0791	0.9192	0.1631	0.8755	0.7794	0.8797	0.7889	0.3053
P	0.2197	0.7585	0.647	2.2034	0.9492	0.1932	0.4849	0.1209	0.0924
Q	0.9067	1.5194	2.1074	0.1091	1.0685	0.8551	0.8172	1.1708	0.2209
R	0.1439	1.3723	1.1216	0.0852	0.675	0.6881	0.322	1.0354	1.5668
S	2.3017	0.8624	0.6019	0.7784	0.5172	1.3967	1.2819	0.8419	0.1714
T	0.6582	1.1087	0.6417	0.6067	1.1744	1.4776	0.8982	1.0472	0.1575
V	0.6637	1.0786	1.2679	1.6351	1.417	1.033	1.2869	1.6331	0.1262
W	0.0493	0.3535	0.4896	0.2748	0.2674	0.4456	3.5331	1.4894	0.0873
Y	0.1256	0.7914	0.6518	0.3354	1.3967	0.3739	3.4166	1.318	0.4201

pepL	alpha	w_s
12	99.5307	0.083	0.1488	0	0.3949	0.3733	0.3191	0.2311	0	0.3551	0.0947
13	98.9574	0.0263	0.0764	0.2382	0.4675	0.1916	0.2986	0.3626	0.1368	0.1653	0.0367
14	98.3293	0.0043	0.0259	0.161	0	0.4702	0.2976	0.0409	0.075	0.4753	0.3062	0	0.0775	0.0543	0.0116
15	98.0138	0.0017	0.0096	0.0839	0.3761	0.4093	0.0998	0.0197	0.0247	0.1824	0.5409	0.1811	0.0376	0.0237	0.0096
16	98.2233	8e-04	0.0022	0.03	0.2337	0	0.522	0.1562	0.0472	0.0079	0.0142	0.0382	0.3427	0.4747	0	0.0918	0.02	0.0102	0.0081
17	98.7349	8e-04	0.0019	0.0146	0.1152	0.4294	0.2806	0.114	0.0362	0.0072	0.013	0.0234	0.1237	0.5223	0.2209	0.0523	0.0192	0.0136	0.0115
18	99.2174	5e-04	0.0013	0.0066	0.0433	0.2908	0	0.3312	0.218	0.0767	0.0267	0.005	0.0144	0.0207	0.0564	0.2371	0.44	0	0.1507	0.0358	0.016	0.0144	0.0144
19	99.5134	0.001	0.0012	0.0074	0.029	0.145	0.2323	0.2917	0.1843	0.0762	0.0263	0.0055	0.0246	0.0328	0.0639	0.1615	0.2563	0.2441	0.1005	0.0409	0.0246	0.026	0.0246
20	99.6911	0.001	0.0012	0.0048	0.0176	0.0704	0.1449	0	0.2809	0.2453	0.1596	0.0505	0.0192	0.0045	0.0326	0.0347	0.0601	0.0749	0.1659	0.2018	0	0.2124	0.0812	0.0389	0.0326	0.0326	0.0326
21	99.7886	0.0013	0.002	0.0054	0.0189	0.0569	0.1038	0.1384	0.2552	0.2215	0.1327	0.043	0.0166	0.0041	0.0457	0.0457	0.0575	0.0991	0.1287	0.1376	0.0991	0.1258	0.0724	0.0516	0.0457	0.0457	0.0457
