Allele	DPA1_02_12__DPB1_585_01
Type	Standard
n_specificities	2
npep_u	0.954	0.046
npep_t	5000	5000
spec_ids	1	-1
L_core	9
L_N	0
L_C	0
CS_perL	1
pepL_lower	12
pepL_upper	21
n_diff_aa	20

PWM_norm.1	P1	P2	P3	P4	P5	P6	P7	P8	P9
A	0.3626	1.4102	1.589	1.1391	0.9397	1.4949	1.8554	1.0692	0.226
C	0.1024	0.1874	0.2185	0.332	0.203	0.4755	0.1503	0.1728	0.0269
D	0.0798	0.9491	0.9286	0.4058	1.2982	0.156	0.3137	1.184	7.5578
E	0.1032	1.3105	0.3778	1.9131	1.205	0.3529	1.8767	1.7529	6.6294
F	2.2013	0.8762	1.8035	0.462	0.5449	0.9698	0.2801	0.4482	0.3049
G	0.1173	0.4448	1.8808	0.2725	0.4122	0.367	0.761	0.5537	0.1905
H	0.1304	1.1878	1.2825	0.6824	1.1697	0.4306	0.5617	0.7365	0.5977
I	5.4462	1.4663	0.5578	2.2461	0.8706	3.0766	1.006	0.8274	0.101
K	0.9644	1.0207	0.359	0.7184	1.6794	0.1663	0.6657	1.393	0.115
L	2.9192	1.0108	0.4188	1.8959	1.2209	2.104	2.1606	0.7109	0.1309
M	2.6672	0.8326	0.7109	0.9848	0.5665	3.3705	1.278	0.4896	0.1404
N	0.1462	0.7516	0.8847	0.681	1.2485	0.2765	1.3315	1.1909	0.2504
P	0.1079	0.069	0.4658	0.1881	0.9525	0.813	0.2497	1.0119	0.0721
Q	0.1483	1.1222	0.7425	0.7868	1.3636	0.389	1.5162	1.2956	0.3981
R	0.216	1.0122	0.3035	0.2892	1.0076	0.1581	0.3652	1.6622	0.0767
S	0.0927	0.8119	1.4274	0.8139	0.773	0.5977	0.6126	0.864	0.1642
T	0.2454	1.0358	0.8491	1.2736	1.0342	0.6058	0.4447	0.9415	0.1446
V	2.5642	1.6822	1.2644	1.8881	1.0007	2.7201	1.2955	0.933	0.1245
W	0.487	1.7064	3.5258	0.4479	0.2293	0.3428	0.1108	0.4326	0.113
Y	0.8299	1.4466	3.5327	0.3906	0.9775	0.7513	0.3452	0.8595	0.2946

PWM_norm.2	P9	P8	P7	P6	P5	P4	P3	P2	P1
A	0.3567	1.1432	1.5678	0.4871	1.0836	1.0692	1.4673	1.4058	0.2578
C	0.0796	0.2554	0.122	0.1245	0.2032	0.5266	0.2241	0.2266	0.1345
D	4.9678	1.2383	0.2599	0.2756	1.2825	0.649	0.9636	0.9327	0.0952
E	6.6767	1.789	1.8279	0.2412	1.2576	1.3231	0.4329	1.3679	0.0931
F	0.3554	0.6981	0.3461	1.2278	0.5215	1.1008	1.8353	0.841	2.144
G	0.4291	0.526	0.5407	0.1896	0.4376	0.3937	1.7923	0.4972	0.1262
H	0.5721	0.8357	0.8185	0.2678	1.0809	0.8282	1.2834	1.2008	0.1125
I	0.3431	0.7785	1.1477	2.0973	0.9015	2.0696	0.5986	1.3917	5.9904
K	0.3412	1.4163	0.7358	0.2483	1.8213	0.5287	0.4026	0.9864	0.7797
L	0.1819	0.6733	2.1663	4.623	1.0772	1.5265	0.4805	0.9846	2.961
M	0.2579	0.644	0.9711	3.2577	0.658	1.3745	0.7241	0.8446	2.8634
N	0.395	1.1764	1.3895	0.2907	1.3286	1.1568	0.8803	0.7813	0.1231
P	0.1724	0.8181	0.3186	0.4079	0.8541	0.3019	0.4408	0.1334	0.1738
Q	0.5816	1.3898	2.2214	1.2005	1.3248	0.8373	0.8024	1.1764	0.1493
R	0.2537	1.4959	0.3774	0.1192	1.1467	0.2768	0.2989	1.0316	0.0941
S	0.2838	0.8427	0.4361	0.2674	0.7065	0.7425	1.3582	0.8414	0.0971
T	0.3813	0.9302	0.4975	0.5195	1.1295	1.457	0.8723	1.0364	0.2219
V	0.3006	1.0277	1.2287	1.247	0.8432	1.8138	1.2637	1.6339	2.395
W	0.1268	0.3779	0.1588	0.1819	0.2274	1.0268	3.4587	1.3914	0.6354
Y	0.2771	0.6423	0.4366	0.3814	0.9123	0.8032	3.5769	1.3137	0.8248

pepL	alpha	w_s
12	99.5307	0.083	0.1488	0	0.3949	0.3734	0.3191	0.2311	0	0.3551	0.0947
13	98.9575	0.0263	0.0764	0.2382	0.4675	0.1916	0.2986	0.3626	0.1368	0.1653	0.0367
14	98.3294	0.0043	0.0259	0.161	0	0.4702	0.2977	0.0409	0.075	0.4753	0.3062	0	0.0775	0.0543	0.0116
15	98.0139	0.0017	0.0096	0.0839	0.376	0.4093	0.0998	0.0197	0.0247	0.1824	0.5409	0.1811	0.0376	0.0237	0.0096
16	98.2233	8e-04	0.0022	0.03	0.2337	0	0.5219	0.1563	0.0471	0.0079	0.0142	0.0382	0.3427	0.4747	0	0.0918	0.02	0.0102	0.0081
17	98.735	8e-04	0.0019	0.0146	0.1152	0.4293	0.2806	0.114	0.0363	0.0072	0.013	0.0234	0.1237	0.5223	0.2209	0.0523	0.0192	0.0136	0.0115
18	99.2174	5e-04	0.0013	0.0066	0.0433	0.2908	0	0.3312	0.218	0.0767	0.0267	0.005	0.0144	0.0207	0.0564	0.2371	0.44	0	0.1507	0.0358	0.016	0.0144	0.0144
19	99.5133	0.001	0.0012	0.0074	0.029	0.145	0.2323	0.2918	0.1844	0.0762	0.0263	0.0055	0.0246	0.0328	0.0639	0.1615	0.2563	0.2441	0.1005	0.0409	0.0246	0.026	0.0246
20	99.691	0.001	0.0012	0.0048	0.0176	0.0704	0.1449	0	0.2809	0.2454	0.1596	0.0505	0.0192	0.0045	0.0326	0.0347	0.0601	0.0749	0.1659	0.2018	0	0.2124	0.0812	0.0389	0.0326	0.0326	0.0326
21	99.7886	0.0013	0.002	0.0054	0.0189	0.0569	0.1038	0.1383	0.2554	0.2215	0.1327	0.043	0.0166	0.0041	0.0457	0.0457	0.0575	0.0991	0.1287	0.1376	0.0991	0.1258	0.0724	0.0516	0.0457	0.0457	0.0457
