Allele	DPA1_02_02__DPB1_244_01
Type	Standard
n_specificities	2
npep_u	0.674	0.326
npep_t	5000	5000
spec_ids	1	-1
L_core	9
L_N	0
L_C	0
CS_perL	1
pepL_lower	12
pepL_upper	21
n_diff_aa	20

PWM_norm.1	P1	P2	P3	P4	P5	P6	P7	P8	P9
A	0.1003	1.4085	1.5855	1.275	1.4805	4.819	1.8459	1.0447	0.4178
C	0.0305	0.2063	0.2114	0.08	0.1551	0.3298	0.4023	0.1682	0.1496
D	0.069	0.9616	0.9642	1.7679	0.8355	0.1314	0.5048	1.1475	0.4018
E	0.0889	1.305	0.3794	4.3892	0.9393	0.1501	1.7278	1.8093	0.5526
F	0.3389	0.8772	1.8278	0.124	0.6746	0.0866	0.566	0.4398	0.4997
G	0.0553	0.4413	1.892	0.2629	0.3952	0.5681	0.5926	0.5621	0.0666
H	0.0976	1.2262	1.2685	0.2385	0.4944	0.058	0.7062	0.7571	0.0849
I	0.1606	1.438	0.5562	1.08	1.4834	1.8637	0.9534	0.8391	3.7417
K	12.9119	1.0157	0.3484	0.1003	1.1882	0.0555	0.7054	1.4017	0.0411
L	0.1302	0.9775	0.4135	0.218	1.6943	0.5	1.6923	0.7129	4.698
M	0.1265	0.8674	0.7004	0.263	0.8988	0.3577	1.0584	0.4952	1.2601
N	0.1014	0.7709	0.8708	0.6222	0.8694	0.1368	1.4598	1.1898	0.0912
P	0.0408	0.0704	0.4409	0.1365	1.0489	1.4885	0.4148	1.0294	0.0448
Q	0.104	1.1553	0.7608	0.5675	0.9269	0.0747	1.4846	1.2886	0.2446
R	2.8675	1.0208	0.2825	0.0533	0.7405	0.0355	0.545	1.6462	0.0439
S	0.0582	0.8087	1.4462	1.7978	0.5705	0.8163	0.6499	0.8444	0.1301
T	0.0873	1.0437	0.8128	2.1513	0.9524	0.664	0.5963	0.9454	0.3966
V	0.1069	1.6549	1.2447	1.1387	1.4597	4.1187	1.3309	0.9242	2.764
W	0.0476	1.7998	3.568	0.0643	0.1948	0.0207	0.3342	0.4411	0.1359
Y	0.2857	1.4545	3.617	0.0644	1.1607	0.0629	0.5234	0.8371	0.3457

PWM_norm.2	P9	P8	P7	P6	P5	P4	P3	P2	P1
A	0.305	1.1379	2.45	4.3897	1.2756	1.4591	1.4257	1.371	0.2402
C	0.1051	0.2591	0.4184	0.3989	0.1296	0.1867	0.2671	0.2243	0.0903
D	0.4833	1.2235	0.3926	0.2475	0.7973	1.8792	0.941	0.9349	0.1632
E	0.6784	1.7883	1.1487	0.2137	0.9954	2.7445	0.4527	1.3538	0.206
F	0.6649	0.705	0.4099	0.4297	0.6894	0.3669	1.847	0.8578	0.4182
G	0.1054	0.5301	0.4321	0.9229	0.4304	0.3669	1.6812	0.5028	0.1355
H	0.0691	0.8619	0.6435	0.2036	0.5081	0.3842	1.3119	1.2282	0.1851
I	4.3714	0.8012	1.2191	1.5404	1.693	1.0195	0.6692	1.4097	0.1947
K	0.0758	1.4117	0.5562	0.1003	1.3492	0.1321	0.428	1.0057	12.845
L	4.9313	0.6738	1.3422	0.8238	1.6168	0.3464	0.5209	0.9638	0.1844
M	1.9072	0.643	0.8557	0.3679	0.9304	0.5902	0.7827	0.8689	0.196
N	0.086	1.1715	0.6491	0.4425	0.8031	1.5313	0.8797	0.7889	0.3053
P	0.1225	0.8269	1.1604	1.151	0.9993	0.3942	0.4849	0.1209	0.0924
Q	0.1289	1.4084	0.7258	0.2703	0.9013	0.6982	0.8172	1.1708	0.2209
R	0.0639	1.4797	0.5029	0.0716	0.7456	0.0838	0.322	1.0354	1.5668
S	0.0947	0.8316	0.6216	1.065	0.5399	1.4602	1.2819	0.8419	0.1714
T	0.3096	0.9163	1.2618	1.2233	1.0206	2.4988	0.8982	1.0472	0.1575
V	1.5652	1.0253	2.1404	2.4867	1.4922	1.2973	1.2869	1.6331	0.1262
W	0.2138	0.3792	0.277	0.0548	0.2248	0.1358	3.5331	1.4894	0.0873
Y	0.3418	0.664	0.4297	0.2044	1.1961	0.1397	3.4166	1.318	0.4201

pepL	alpha	w_s
12	99.5307	0.083	0.1488	0	0.3949	0.3733	0.3191	0.2311	0	0.3551	0.0947
13	98.9574	0.0263	0.0764	0.2382	0.4675	0.1916	0.2986	0.3626	0.1368	0.1653	0.0367
14	98.3293	0.0043	0.0259	0.161	0	0.4702	0.2976	0.0409	0.075	0.4753	0.3062	0	0.0775	0.0543	0.0116
15	98.0138	0.0017	0.0096	0.0839	0.3761	0.4093	0.0998	0.0197	0.0247	0.1824	0.5409	0.1811	0.0376	0.0237	0.0096
16	98.2233	8e-04	0.0022	0.03	0.2337	0	0.522	0.1562	0.0472	0.0079	0.0142	0.0382	0.3427	0.4747	0	0.0918	0.02	0.0102	0.0081
17	98.7349	8e-04	0.0019	0.0146	0.1152	0.4294	0.2806	0.114	0.0362	0.0072	0.013	0.0234	0.1237	0.5223	0.2209	0.0523	0.0192	0.0136	0.0115
18	99.2174	5e-04	0.0013	0.0066	0.0433	0.2908	0	0.3312	0.218	0.0767	0.0267	0.005	0.0144	0.0207	0.0564	0.2371	0.44	0	0.1507	0.0358	0.016	0.0144	0.0144
19	99.5134	0.001	0.0012	0.0074	0.029	0.145	0.2323	0.2917	0.1843	0.0762	0.0263	0.0055	0.0246	0.0328	0.0639	0.1615	0.2563	0.2441	0.1005	0.0409	0.0246	0.026	0.0246
20	99.6911	0.001	0.0012	0.0048	0.0176	0.0704	0.1449	0	0.2809	0.2453	0.1596	0.0505	0.0192	0.0045	0.0326	0.0347	0.0601	0.0749	0.1659	0.2018	0	0.2124	0.0812	0.0389	0.0326	0.0326	0.0326
21	99.7886	0.0013	0.002	0.0054	0.0189	0.0569	0.1038	0.1384	0.2552	0.2215	0.1327	0.043	0.0166	0.0041	0.0457	0.0457	0.0575	0.0991	0.1287	0.1376	0.0991	0.1258	0.0724	0.0516	0.0457	0.0457	0.0457
