Allele	DPA1_04_01__DPB1_236_01
Type	Standard
n_specificities	1
npep_u	1
npep_t	5000
spec_ids	1
L_core	9
L_N	0
L_C	0
CS_perL	1
pepL_lower	12
pepL_upper	21
n_diff_aa	20

PWM_norm.1	P1	P2	P3	P4	P5	P6	P7	P8	P9
A	0.1369	1.5082	1.5487	1.0049	0.9099	0.1527	0.7249	1.2537	1.3863
C	0.0475	0.2533	0.2267	0.2663	0.243	0.0391	0.1782	0.2194	0.907
D	0.0381	0.6959	0.8568	0.4164	1.316	0.0298	0.2561	0.7694	0.4517
E	0.0663	1.1223	0.4969	0.7016	1.079	0.045	1.3851	1.3274	0.327
F	7.978	1.1565	1.7368	0.4598	0.6479	15.5949	0.3435	0.5541	0.8461
G	0.0446	0.2995	1.0687	0.4096	0.5267	0.0546	0.2111	0.666	0.5114
H	0.26	0.447	0.5469	2.7079	1.2214	0.1448	2.9606	1.1372	0.4457
I	2.7937	1.2949	1.6649	1.3675	0.835	0.5767	0.708	0.9965	2.311
K	0.0387	1.7385	0.3283	3.1968	1.6632	0.0354	1.8309	1.385	0.138
L	2.4635	1.5503	0.8308	0.5691	1.0736	1.113	1.5117	0.7854	1.69
M	1.6373	0.8836	0.6388	0.5227	0.6475	0.9422	0.4117	0.7113	1.2678
N	0.0859	0.7754	1.0415	1.1952	1.2591	0.0865	1.9183	1.1171	1.2213
P	0.0356	0.0806	0.5643	0.5556	1.0391	0.1242	0.1331	1.0996	0.2125
Q	0.1471	1.0637	0.745	0.8659	1.3214	0.0768	3.7341	1.2208	0.4136
R	0.0899	1.0029	0.1358	0.7158	0.951	0.03	1.22	1.3653	0.1828
S	0.0511	0.4801	1.0599	1.1588	0.8137	0.0923	0.3217	0.8703	1.0514
T	0.085	0.9148	0.7287	1.2556	1.2159	0.1473	0.3635	1.0488	1.3971
V	0.9266	1.3746	2.0953	1.308	0.8753	0.2986	0.8338	1.0082	3.0632
W	3.5611	1.3098	2.1163	0.7775	0.3106	3.7004	0.3674	0.4551	0.2628
Y	6.2205	1.7397	3.0977	0.5998	1.1603	6.5089	0.3859	0.9636	0.8457

pepL	alpha	w_s
12	99.5307	0.083	0.1488	0	0.3949	0.3734
13	98.9575	0.0263	0.0764	0.2382	0.4675	0.1916
14	98.3294	0.0043	0.0259	0.161	0	0.4702	0.2977	0.0409
15	98.0139	0.0017	0.0096	0.0839	0.376	0.4093	0.0998	0.0197
16	98.2233	8e-04	0.0022	0.03	0.2337	0	0.5219	0.1563	0.0471	0.0079
17	98.735	8e-04	0.0019	0.0146	0.1152	0.4293	0.2806	0.114	0.0363	0.0072
18	99.2174	5e-04	0.0013	0.0066	0.0433	0.2908	0	0.3312	0.218	0.0767	0.0267	0.005
19	99.5133	0.001	0.0012	0.0074	0.029	0.145	0.2323	0.2918	0.1844	0.0762	0.0263	0.0055
20	99.691	0.001	0.0012	0.0048	0.0176	0.0704	0.1449	0	0.2809	0.2454	0.1596	0.0505	0.0192	0.0045
21	99.7886	0.0013	0.002	0.0054	0.0189	0.0569	0.1038	0.1383	0.2554	0.2215	0.1327	0.043	0.0166	0.0041
