Allele	DPA1_02_09__DPB1_15_01
Type	Standard
n_specificities	2
npep_u	0.988	0.012
npep_t	5000	5000
spec_ids	1	-1
L_core	9
L_N	0
L_C	0
CS_perL	1
pepL_lower	12
pepL_upper	21
n_diff_aa	20

PWM_norm.1	P1	P2	P3	P4	P5	P6	P7	P8	P9
A	0.2823	1.4085	1.5855	0.8382	1.0213	0.6918	1.819	1.0447	0.2311
C	0.0811	0.2063	0.2114	0.2592	0.1923	0.1618	0.165	0.1682	0.0262
D	0.0586	0.9616	0.9642	0.3301	1.2572	0.1101	0.2878	1.1475	7.5719
E	0.0738	1.305	0.3794	1.7092	1.143	0.216	1.8733	1.8093	6.7665
F	2.3323	0.8772	1.8278	0.5205	0.5678	8.2154	0.2483	0.4398	0.2696
G	0.0828	0.4413	1.892	0.2984	0.4254	0.2795	0.6988	0.5621	0.1819
H	0.0858	1.2262	1.2685	0.5524	1.1935	0.459	0.5205	0.7571	0.5871
I	5.9791	1.438	0.5562	1.9645	0.8618	1.1676	1.0278	0.8391	0.0877
K	0.6565	1.0157	0.3484	0.8593	1.687	0.1337	0.6513	1.4017	0.1109
L	3.2484	0.9775	0.4135	2.1896	1.1508	1.5442	2.3269	0.7129	0.1127
M	2.4364	0.8674	0.7004	0.869	0.6196	1.4483	1.2129	0.4952	0.1152
N	0.0944	0.7709	0.8708	0.6803	1.2785	0.3292	1.3052	1.1898	0.2083
P	0.0941	0.0704	0.4409	0.1624	0.9092	0.6024	0.2128	1.0294	0.0658
Q	0.104	1.1553	0.7608	0.7861	1.3224	0.3699	1.5911	1.2886	0.3763
R	0.1392	1.0208	0.2825	0.2944	1.0311	0.1214	0.3008	1.6462	0.0761
S	0.0695	0.8087	1.4462	0.8128	0.8018	0.4085	0.6184	0.8444	0.1506
T	0.2067	1.0437	0.8128	1.5786	1.0844	0.4865	0.4039	0.9454	0.1432
V	2.4095	1.6549	1.2447	1.9417	1.0064	0.8919	1.3311	0.9242	0.1135
W	0.4618	1.7998	3.568	0.4777	0.2573	4.0899	0.0926	0.4411	0.0901
Y	0.7566	1.4545	3.617	0.3685	1.0113	4.7752	0.2694	0.8371	0.2757

PWM_norm.2	P9	P8	P7	P6	P5	P4	P3	P2	P1
A	0.34	1.1379	1.6299	0.6734	1.119	0.8635	1.4257	1.371	0.2871
C	0.0825	0.2591	0.1299	0.2014	0.1701	0.2584	0.2671	0.2243	0.1354
D	5.1883	1.2235	0.2956	0.1923	1.2038	0.272	0.941	0.9349	0.0869
E	6.6909	1.7883	2.0096	0.296	1.2599	1.7227	0.4527	1.3538	0.1153
F	0.3347	0.705	0.3548	4.1726	0.5043	0.5005	1.847	0.8578	2.473
G	0.4262	0.5301	0.4628	0.3307	0.4223	0.2792	1.6812	0.5028	0.1302
H	0.5514	0.8619	0.7177	0.5533	1.074	0.5394	1.3119	1.2282	0.146
I	0.3321	0.8012	0.8998	1.5076	0.9366	2.1194	0.6692	1.4097	5.201
K	0.3018	1.4117	0.6939	0.4729	1.8398	1.0971	0.428	1.0057	0.8261
L	0.1994	0.6738	2.1435	2.9387	1.1282	2.0099	0.5209	0.9638	3.096
M	0.2614	0.643	1.0813	3.0608	0.637	0.8997	0.7827	0.8689	2.6728
N	0.3528	1.1715	1.343	0.3314	1.2772	0.6776	0.8797	0.7889	0.1929
P	0.1755	0.8269	0.3061	0.6168	0.845	0.1523	0.4849	0.1209	0.1499
Q	0.5479	1.4084	2.3209	0.9638	1.2936	0.735	0.8172	1.1708	0.1623
R	0.2258	1.4797	0.3478	0.2921	1.1312	0.3935	0.322	1.0354	0.1058
S	0.2552	0.8316	0.4854	0.3959	0.691	0.8598	1.2819	0.8419	0.1083
T	0.3697	0.9163	0.479	0.5068	1.0981	1.4879	0.8982	1.0472	0.2445
V	0.2817	1.0253	1.1816	0.9256	0.9336	1.9295	1.2869	1.6331	2.2903
W	0.1468	0.3792	0.1439	1.2338	0.1805	0.3762	3.5331	1.4894	0.7436
Y	0.2875	0.664	0.4486	1.5372	0.8932	0.3493	3.4166	1.318	1.0913

pepL	alpha	w_s
12	99.5307	0.083	0.1488	0	0.3949	0.3733	0.3191	0.2311	0	0.3551	0.0947
13	98.9574	0.0263	0.0764	0.2382	0.4675	0.1916	0.2986	0.3626	0.1368	0.1653	0.0367
14	98.3293	0.0043	0.0259	0.161	0	0.4702	0.2976	0.0409	0.075	0.4753	0.3062	0	0.0775	0.0543	0.0116
15	98.0138	0.0017	0.0096	0.0839	0.3761	0.4093	0.0998	0.0197	0.0247	0.1824	0.5409	0.1811	0.0376	0.0237	0.0096
16	98.2233	8e-04	0.0022	0.03	0.2337	0	0.522	0.1562	0.0472	0.0079	0.0142	0.0382	0.3427	0.4747	0	0.0918	0.02	0.0102	0.0081
17	98.7349	8e-04	0.0019	0.0146	0.1152	0.4294	0.2806	0.114	0.0362	0.0072	0.013	0.0234	0.1237	0.5223	0.2209	0.0523	0.0192	0.0136	0.0115
18	99.2174	5e-04	0.0013	0.0066	0.0433	0.2908	0	0.3312	0.218	0.0767	0.0267	0.005	0.0144	0.0207	0.0564	0.2371	0.44	0	0.1507	0.0358	0.016	0.0144	0.0144
19	99.5134	0.001	0.0012	0.0074	0.029	0.145	0.2323	0.2917	0.1843	0.0762	0.0263	0.0055	0.0246	0.0328	0.0639	0.1615	0.2563	0.2441	0.1005	0.0409	0.0246	0.026	0.0246
20	99.6911	0.001	0.0012	0.0048	0.0176	0.0704	0.1449	0	0.2809	0.2453	0.1596	0.0505	0.0192	0.0045	0.0326	0.0347	0.0601	0.0749	0.1659	0.2018	0	0.2124	0.0812	0.0389	0.0326	0.0326	0.0326
21	99.7886	0.0013	0.002	0.0054	0.0189	0.0569	0.1038	0.1384	0.2552	0.2215	0.1327	0.043	0.0166	0.0041	0.0457	0.0457	0.0575	0.0991	0.1287	0.1376	0.0991	0.1258	0.0724	0.0516	0.0457	0.0457	0.0457
