Allele	DPA1_01_03__DPB1_23_01
Type	Standard
n_specificities	1
npep_u	1
npep_t	526
spec_ids	1
L_core	9
L_N	0
L_C	0
CS_perL	1
pepL_lower	12
pepL_upper	21
n_diff_aa	20

PWM_norm.1	P1	P2	P3	P4	P5	P6	P7	P8	P9
A	0.1646	0.4318	0.239	0.7221	1.1897	0.7185	0.8856	1.8921	0.514
C	0.1565	0.1439	0.1462	0.1835	0.1431	0.1449	0.1463	0.162	0.2016
D	0.0994	2.4925	0.9377	0.2529	2.492	0.2642	0.3222	1.7821	0.1205
E	0.0863	0.3472	0.2043	2.2306	0.5264	0.1019	2.3702	1.4234	0.4055
F	6.3449	0.1931	2.0231	0.5123	0.7931	13.3815	0.7412	0.2727	1.4019
G	0.102	0.5078	2.2319	0.2752	0.1876	0.4899	0.7108	0.4832	0.4618
H	0.2449	3.5846	2.5013	0.6026	0.9928	0.2358	3.276	0.6816	0.3687
I	3.2785	1.2939	0.3392	1.1752	0.3053	0.3309	2.2967	0.9322	3.938
K	0.1225	1.8846	1.2781	1.4505	2.8847	0.133	1.5249	0.649	0.2425
L	1.7967	0.5075	0.4922	0.7707	0.6219	0.2473	1.0833	0.5354	3.3245
M	1.1613	0.229	0.4271	1.391	0.3482	0.269	0.4712	0.2338	2.2343
N	0.135	1.1408	1.2429	0.4073	1.6138	0.8542	1.3632	0.6626	0.145
P	0.0595	0.0987	0.8574	0.1054	1.3089	0.4509	0.1705	0.8197	0.0706
Q	0.155	1.6089	0.8018	0.3544	0.8453	0.096	1.373	1.2369	0.1086
R	0.1135	1.9433	1.0275	0.2065	1.8182	0.1184	0.8714	2.3645	0.1223
S	0.09	1.6269	1.1371	1.5162	0.63	0.7446	0.5223	0.5835	0.3489
T	0.1838	0.7412	0.2022	3.8046	1.0785	0.5738	0.3886	1.4641	0.3886
V	0.7573	0.556	1.5668	1.3622	0.367	0.281	0.4901	1.0706	2.7993
W	3.8257	0.1356	0.9919	0.6682	0.1324	2.2232	0.4094	0.2632	0.9656
Y	9.645	0.8721	3.2064	0.2128	0.8518	5.8491	0.4857	0.6612	0.8481

pepL	alpha	w_s
12	99.5307	0.083	0.1488	0	0.3949	0.3734
13	98.9575	0.0263	0.0764	0.2382	0.4675	0.1916
14	98.3294	0.0043	0.0259	0.161	0	0.4702	0.2977	0.0409
15	98.0139	0.0017	0.0096	0.0839	0.376	0.4093	0.0998	0.0197
16	98.2233	8e-04	0.0022	0.03	0.2337	0	0.5219	0.1563	0.0471	0.0079
17	98.735	8e-04	0.0019	0.0146	0.1152	0.4293	0.2806	0.114	0.0363	0.0072
18	99.2174	5e-04	0.0013	0.0066	0.0433	0.2908	0	0.3312	0.218	0.0767	0.0267	0.005
19	99.5133	0.001	0.0012	0.0074	0.029	0.145	0.2323	0.2918	0.1844	0.0762	0.0263	0.0055
20	99.691	0.001	0.0012	0.0048	0.0176	0.0704	0.1449	0	0.2809	0.2454	0.1596	0.0505	0.0192	0.0045
21	99.7886	0.0013	0.002	0.0054	0.0189	0.0569	0.1038	0.1383	0.2554	0.2215	0.1327	0.043	0.0166	0.0041
