Allele	DPA1_03_01__DPB1_136_01
Type	Standard
n_specificities	2
npep_u	0.985	0.015
npep_t	5000	5000
spec_ids	1	-1
L_core	9
L_N	0
L_C	0
CS_perL	1
pepL_lower	12
pepL_upper	21
n_diff_aa	20

PWM_norm.1	P1	P2	P3	P4	P5	P6	P7	P8	P9
A	0.1372	1.4085	1.5855	1.2262	1.2388	4.6762	2.7056	1.3737	1.9551
C	0.0329	0.2063	0.2114	0.187	0.141	0.3897	0.198	0.1616	0.132
D	0.0737	0.9616	0.9642	0.3229	0.7632	0.1469	0.3056	0.7933	1.397
E	0.0804	1.305	0.3794	1.8817	1.2005	0.1646	1.5436	1.6133	0.8992
F	0.5933	0.8772	1.8278	0.465	0.488	0.0791	0.4205	0.4242	0.094
G	0.0593	0.4413	1.892	0.2089	0.2891	0.9757	0.6955	0.5171	0.3836
H	0.4348	1.2262	1.2685	0.2464	0.6695	0.088	0.4688	0.9532	3.0044
I	0.2547	1.438	0.5562	3.0611	1.3055	1.5791	1.1015	0.9809	0.2982
K	0.713	1.0157	0.3484	0.3256	1.4089	0.0807	0.5393	1.4111	0.1043
L	0.2413	0.9775	0.4135	2.3344	1.6284	0.518	1.8766	0.7152	0.3787
M	0.1628	0.8674	0.7004	1.0432	0.643	0.3507	1.6654	0.6715	0.2206
N	0.1074	0.7709	0.8708	0.4406	1.0634	0.2157	0.9344	1.1509	6.3284
P	0.0567	0.0704	0.4409	0.1267	0.8393	2.2399	0.3579	0.9184	0.1963
Q	0.268	1.1553	0.7608	0.5604	0.9961	0.1248	1.524	1.314	0.9207
R	14.4019	1.0208	0.2825	0.1197	0.9074	0.0606	0.3589	1.4008	0.1164
S	0.0752	0.8087	1.4462	0.8253	0.6262	1.0737	0.5252	0.9192	2.3718
T	0.1072	1.0437	0.8128	1.1288	0.9025	0.6904	0.4034	1.095	0.5914
V	0.1622	1.6549	1.2447	2.042	1.7448	2.6513	1.3579	1.0119	0.594
W	0.0796	1.7998	3.568	0.2053	0.1482	0.0241	0.1457	0.3255	0.0615
Y	0.3082	1.4545	3.617	0.2043	0.8843	0.0647	0.4051	0.798	0.1274

PWM_norm.2	P9	P8	P7	P6	P5	P4	P3	P2	P1
A	1.9978	1.3526	2.7201	4.2666	1.1736	1.3399	1.4257	1.371	0.4191
C	0.1659	0.2612	0.1544	0.3569	0.1164	0.3368	0.2671	0.2243	0.0597
D	1.4273	0.937	0.2746	0.152	0.7783	0.2808	0.941	0.9349	0.1395
E	0.9407	1.5085	1.5	0.2006	1.2163	1.3522	0.4527	1.3538	0.2103
F	0.1132	0.5248	0.3689	0.1951	0.4661	0.7979	1.847	0.8578	0.4906
G	0.4174	0.4867	0.6181	1.3698	0.2876	0.2805	1.6812	0.5028	0.0984
H	2.9126	1.1858	0.5903	0.1383	0.6326	0.4018	1.3119	1.2282	0.3985
I	0.3844	0.8646	1.1244	1.3199	1.3867	2.8292	0.6692	1.4097	0.1833
K	0.1167	1.4421	0.5001	0.1188	1.468	0.3811	0.428	1.0057	0.8013
L	0.4114	0.6953	1.8767	0.723	1.6405	2.2304	0.5209	0.9638	0.2247
M	0.2579	0.7547	1.6685	0.4142	0.6303	1.52	0.7827	0.8689	0.1904
N	5.7378	1.0791	0.7668	0.3216	0.9916	0.6366	0.8797	0.7889	0.1558
P	0.2197	0.7585	0.5381	2.5599	0.8704	0.2287	0.4849	0.1209	0.0643
Q	0.9067	1.5194	1.3773	0.2635	0.971	0.547	0.8172	1.1708	0.2619
R	0.1439	1.3723	0.3919	0.0813	0.9831	0.1738	0.322	1.0354	13.7805
S	2.3017	0.8624	0.5165	1.1858	0.5831	0.7281	1.2819	0.8419	0.1136
T	0.6582	1.1087	0.4906	0.7021	0.857	1.169	0.8982	1.0472	0.1198
V	0.6637	1.0786	1.4063	1.6429	1.7687	2.0489	1.2869	1.6331	0.1449
W	0.0493	0.3535	0.1695	0.046	0.1457	0.3072	3.5331	1.4894	0.0956
Y	0.1256	0.7914	0.4865	0.1091	0.8622	0.3438	3.4166	1.318	0.2515

pepL	alpha	w_s
12	99.5307	0.083	0.1488	0	0.3949	0.3733	0.3191	0.2311	0	0.3551	0.0947
13	98.9574	0.0263	0.0764	0.2382	0.4675	0.1916	0.2986	0.3626	0.1368	0.1653	0.0367
14	98.3293	0.0043	0.0259	0.161	0	0.4702	0.2976	0.0409	0.075	0.4753	0.3062	0	0.0775	0.0543	0.0116
15	98.0138	0.0017	0.0096	0.0839	0.3761	0.4093	0.0998	0.0197	0.0247	0.1824	0.5409	0.1811	0.0376	0.0237	0.0096
16	98.2233	8e-04	0.0022	0.03	0.2337	0	0.522	0.1562	0.0472	0.0079	0.0142	0.0382	0.3427	0.4747	0	0.0918	0.02	0.0102	0.0081
17	98.7349	8e-04	0.0019	0.0146	0.1152	0.4294	0.2806	0.114	0.0362	0.0072	0.013	0.0234	0.1237	0.5223	0.2209	0.0523	0.0192	0.0136	0.0115
18	99.2174	5e-04	0.0013	0.0066	0.0433	0.2908	0	0.3312	0.218	0.0767	0.0267	0.005	0.0144	0.0207	0.0564	0.2371	0.44	0	0.1507	0.0358	0.016	0.0144	0.0144
19	99.5134	0.001	0.0012	0.0074	0.029	0.145	0.2323	0.2917	0.1843	0.0762	0.0263	0.0055	0.0246	0.0328	0.0639	0.1615	0.2563	0.2441	0.1005	0.0409	0.0246	0.026	0.0246
20	99.6911	0.001	0.0012	0.0048	0.0176	0.0704	0.1449	0	0.2809	0.2453	0.1596	0.0505	0.0192	0.0045	0.0326	0.0347	0.0601	0.0749	0.1659	0.2018	0	0.2124	0.0812	0.0389	0.0326	0.0326	0.0326
21	99.7886	0.0013	0.002	0.0054	0.0189	0.0569	0.1038	0.1384	0.2552	0.2215	0.1327	0.043	0.0166	0.0041	0.0457	0.0457	0.0575	0.0991	0.1287	0.1376	0.0991	0.1258	0.0724	0.0516	0.0457	0.0457	0.0457
