Allele	DPA1_01_14__DPB1_88_01
Type	Standard
n_specificities	1
npep_u	1
npep_t	5000
spec_ids	1
L_core	9
L_N	0
L_C	0
CS_perL	1
pepL_lower	12
pepL_upper	21
n_diff_aa	20

PWM_norm.1	P1	P2	P3	P4	P5	P6	P7	P8	P9
A	0.1372	1.5793	1.7484	1.6111	1.1449	5.6056	0.8523	1.3737	1.9551
C	0.0329	0.1805	0.2178	0.1381	0.1832	0.4615	0.1846	0.1616	0.132
D	0.0737	0.5207	0.8042	0.4469	0.7128	0.0849	0.3051	0.7933	1.397
E	0.0804	1.2846	0.5221	0.7613	1.0651	0.1413	1.0295	1.6133	0.8992
F	0.5933	1.1255	1.4017	0.3019	0.6548	0.3712	0.5746	0.4242	0.094
G	0.0593	0.4308	1.4555	0.4147	0.4719	0.9424	0.1854	0.5171	0.3836
H	0.4348	0.6067	0.7152	1.3399	0.564	0.0837	2.9198	0.9532	3.0044
I	0.2547	1.2851	1.1234	2.2717	1.6151	1.3494	0.6739	0.9809	0.2982
K	0.713	1.2202	0.3665	2.285	1.1929	0.0814	2.0803	1.4111	0.1043
L	0.2413	1.3978	0.7705	0.409	1.6538	0.5707	1.3205	0.7152	0.3787
M	0.1628	0.7858	0.6904	0.4854	0.8111	0.2861	0.4803	0.6715	0.2206
N	0.1074	0.9549	0.8542	0.7665	1.0048	0.1149	1.5257	1.1509	6.3284
P	0.0567	0.147	0.6846	0.7996	0.8704	2.2988	0.2004	0.9184	0.1963
Q	0.268	0.7958	0.7468	0.6768	1.0925	0.0776	3.8691	1.314	0.9207
R	14.4019	0.9213	0.1847	0.3097	0.5623	0.0517	1.4233	1.4008	0.1164
S	0.0752	0.7162	1.1411	1.7521	0.5737	0.8826	0.3006	0.9192	2.3718
T	0.1072	1.278	0.897	1.3988	1.2537	0.5791	0.3928	1.095	0.5914
V	0.1622	1.479	1.7378	1.5193	1.493	1.9153	0.7776	1.0119	0.594
W	0.0796	0.7527	2.9589	0.3701	0.1702	0.0841	0.5759	0.3255	0.0615
Y	0.3082	1.625	2.6035	0.2978	1.2935	0.2622	0.6213	0.798	0.1274

pepL	alpha	w_s
12	99.5307	0.083	0.1488	0	0.3949	0.3733
13	98.9574	0.0263	0.0764	0.2382	0.4675	0.1916
14	98.3293	0.0043	0.0259	0.161	0	0.4702	0.2976	0.0409
15	98.0138	0.0017	0.0096	0.0839	0.3761	0.4093	0.0998	0.0197
16	98.2233	8e-04	0.0022	0.03	0.2337	0	0.522	0.1562	0.0472	0.0079
17	98.7349	8e-04	0.0019	0.0146	0.1152	0.4294	0.2806	0.114	0.0362	0.0072
18	99.2174	5e-04	0.0013	0.0066	0.0433	0.2908	0	0.3312	0.218	0.0767	0.0267	0.005
19	99.5134	0.001	0.0012	0.0074	0.029	0.145	0.2323	0.2917	0.1843	0.0762	0.0263	0.0055
20	99.6911	0.001	0.0012	0.0048	0.0176	0.0704	0.1449	0	0.2809	0.2453	0.1596	0.0505	0.0192	0.0045
21	99.7886	0.0013	0.002	0.0054	0.0189	0.0569	0.1038	0.1384	0.2552	0.2215	0.1327	0.043	0.0166	0.0041
