Allele	DPA1_04_02__DPB1_85_01
Type	Standard
n_specificities	2
npep_u	0.982	0.018
npep_t	5000	5000
spec_ids	1	-1
L_core	9
L_N	0
L_C	0
CS_perL	1
pepL_lower	12
pepL_upper	21
n_diff_aa	20

PWM_norm.1	P1	P2	P3	P4	P5	P6	P7	P8	P9
A	0.1385	1.4102	1.589	0.9433	1.4465	6.0495	1.84	1.0107	0.3174
C	0.0306	0.1874	0.2185	0.092	0.1614	0.4135	0.4857	0.1698	0.0411
D	0.0667	0.9491	0.9286	1.5404	0.8262	0.0825	0.5519	0.9927	6.2264
E	0.083	1.3105	0.3778	4.0282	0.9961	0.1439	1.6353	1.5757	6.3741
F	0.6121	0.8762	1.8035	0.1288	0.6792	0.2781	0.5521	0.5323	0.4342
G	0.0622	0.4448	1.8808	0.2714	0.3913	1.0807	0.726	0.6619	0.3545
H	0.4195	1.1878	1.2825	0.3609	0.5168	0.0885	0.8176	0.8954	0.7848
I	0.2531	1.4663	0.5578	1.0256	1.4925	1.0713	1.0014	0.8656	0.1875
K	0.8316	1.0207	0.359	0.173	1.2011	0.0746	0.7454	1.391	0.1598
L	0.2456	1.0108	0.4188	0.2915	1.6191	0.3945	1.5525	0.8046	0.1863
M	0.1704	0.8326	0.7109	0.2616	0.9005	0.2012	1.1322	0.5943	0.2543
N	0.1057	0.7516	0.8847	0.6565	0.9099	0.1396	1.4331	1.1034	0.3341
P	0.0603	0.069	0.4658	0.2012	1.0038	2.6072	0.4095	1.1239	0.105
Q	0.2678	1.1222	0.7425	0.5941	0.969	0.0873	1.3894	1.2241	0.731
R	14.2122	1.0122	0.3035	0.0861	0.7418	0.047	0.6068	1.6107	0.1167
S	0.078	0.8119	1.4274	1.7774	0.5707	0.9696	0.6641	0.8283	0.2377
T	0.1126	1.0358	0.8491	2.8006	0.9784	0.4724	0.6198	0.9307	0.1982
V	0.1815	1.6822	1.2644	1.1928	1.4791	1.5125	1.2924	0.9473	0.1994
W	0.0848	1.7064	3.5258	0.1007	0.2207	0.0593	0.4061	0.468	0.1951
Y	0.3501	1.4466	3.5327	0.1037	1.1872	0.2052	0.5617	0.9991	0.4369

PWM_norm.2	P9	P8	P7	P6	P5	P4	P3	P2	P1
A	0.4206	1.1144	2.2467	6.1448	1.2707	0.9646	1.4673	1.4058	0.4409
C	0.0786	0.2842	0.4012	0.4315	0.1536	0.1159	0.2241	0.2266	0.0596
D	4.837	1.0391	0.4127	0.0906	0.783	1.3504	0.9636	0.9327	0.1533
E	6.414	1.5474	1.1333	0.1384	1.0189	4.3802	0.4329	1.3679	0.2216
F	0.3434	0.73	0.4096	0.4007	0.6776	0.1481	1.8353	0.841	0.573
G	0.6085	0.6315	0.4404	1.0196	0.4332	0.253	1.7923	0.4972	0.1034
H	0.5888	0.9979	0.6108	0.1102	0.5589	0.3157	1.2834	1.2008	0.414
I	0.3803	0.8451	1.3319	0.943	1.5867	0.9155	0.5986	1.3917	0.1845
K	0.2919	1.4026	0.526	0.1042	1.4163	0.1713	0.4026	0.9864	0.8562
L	0.1736	0.7406	1.3222	0.4145	1.5691	0.3322	0.4805	0.9846	0.2399
M	0.2896	0.7444	0.8592	0.1976	0.9414	0.3069	0.7241	0.8446	0.2233
N	0.348	1.1187	0.7324	0.1666	0.8164	0.6423	0.8803	0.7813	0.1594
P	0.1651	0.9636	1.2035	2.7378	1.0471	0.1953	0.4408	0.1334	0.074
Q	0.7988	1.2852	0.7581	0.1025	0.9035	0.542	0.8024	1.1764	0.268
R	0.2241	1.4773	0.5203	0.0573	0.7764	0.0768	0.2989	1.0316	13.4773
S	0.3258	0.8286	0.597	0.8948	0.557	1.6093	1.3582	0.8414	0.1157
T	0.3597	0.9419	1.2937	0.4887	1.0197	2.8428	0.8723	1.0364	0.1289
V	0.3234	1.0066	2.213	1.3192	1.4524	1.1847	1.2637	1.6339	0.1567
W	0.1181	0.479	0.3042	0.092	0.2494	0.0783	3.4587	1.3914	0.123
Y	0.2877	0.8275	0.468	0.2107	1.1307	0.0983	3.5769	1.3137	0.3399

pepL	alpha	w_s
12	99.5307	0.083	0.1488	0	0.3949	0.3734	0.3191	0.2311	0	0.3551	0.0947
13	98.9575	0.0263	0.0764	0.2382	0.4675	0.1916	0.2986	0.3626	0.1368	0.1653	0.0367
14	98.3294	0.0043	0.0259	0.161	0	0.4702	0.2977	0.0409	0.075	0.4753	0.3062	0	0.0775	0.0543	0.0116
15	98.0139	0.0017	0.0096	0.0839	0.376	0.4093	0.0998	0.0197	0.0247	0.1824	0.5409	0.1811	0.0376	0.0237	0.0096
16	98.2233	8e-04	0.0022	0.03	0.2337	0	0.5219	0.1563	0.0471	0.0079	0.0142	0.0382	0.3427	0.4747	0	0.0918	0.02	0.0102	0.0081
17	98.735	8e-04	0.0019	0.0146	0.1152	0.4293	0.2806	0.114	0.0363	0.0072	0.013	0.0234	0.1237	0.5223	0.2209	0.0523	0.0192	0.0136	0.0115
18	99.2174	5e-04	0.0013	0.0066	0.0433	0.2908	0	0.3312	0.218	0.0767	0.0267	0.005	0.0144	0.0207	0.0564	0.2371	0.44	0	0.1507	0.0358	0.016	0.0144	0.0144
19	99.5133	0.001	0.0012	0.0074	0.029	0.145	0.2323	0.2918	0.1844	0.0762	0.0263	0.0055	0.0246	0.0328	0.0639	0.1615	0.2563	0.2441	0.1005	0.0409	0.0246	0.026	0.0246
20	99.691	0.001	0.0012	0.0048	0.0176	0.0704	0.1449	0	0.2809	0.2454	0.1596	0.0505	0.0192	0.0045	0.0326	0.0347	0.0601	0.0749	0.1659	0.2018	0	0.2124	0.0812	0.0389	0.0326	0.0326	0.0326
21	99.7886	0.0013	0.002	0.0054	0.0189	0.0569	0.1038	0.1383	0.2554	0.2215	0.1327	0.043	0.0166	0.0041	0.0457	0.0457	0.0575	0.0991	0.1287	0.1376	0.0991	0.1258	0.0724	0.0516	0.0457	0.0457	0.0457
