Allele	DPA1_01_14__DPB1_671_01
Type	Standard
n_specificities	2
npep_u	0.963	0.037
npep_t	5000	5000
spec_ids	1	-1
L_core	9
L_N	0
L_C	0
CS_perL	1
pepL_lower	12
pepL_upper	21
n_diff_aa	20

PWM_norm.1	P1	P2	P3	P4	P5	P6	P7	P8	P9
A	0.1385	1.5926	1.7519	1.1979	1.4465	5.6504	3.8698	1.3929	0.9994
C	0.0306	0.1911	0.2272	0.1136	0.1614	0.4978	0.3283	0.1648	0.4628
D	0.0667	0.5011	0.7734	1.4327	0.8262	0.1107	0.5886	0.8155	0.1695
E	0.083	1.257	0.5232	2.3036	0.9961	0.1533	1.2686	1.5579	0.2142
F	0.6121	1.1426	1.3687	0.1379	0.6792	0.379	0.5506	0.4171	0.2041
G	0.0622	0.4293	1.4627	0.4185	0.3913	0.879	0.7692	0.5194	0.1345
H	0.4195	0.5759	0.714	0.2819	0.5168	0.101	0.3013	0.9576	0.1189
I	0.2531	1.2912	1.0965	2.5862	1.4925	1.1416	0.8635	0.9771	3.0369
K	0.8316	1.225	0.3756	0.1665	1.2011	0.0711	0.2974	1.4241	0.0454
L	0.2456	1.4538	0.774	0.3279	1.6191	0.2725	1.3744	0.7134	3.8719
M	0.1704	0.7717	0.6949	0.3684	0.9005	0.1938	1.1495	0.6522	0.9724
N	0.1057	0.9376	0.8535	0.5264	0.9099	0.1461	0.7654	1.1672	0.3565
P	0.0603	0.1469	0.7148	1.08	1.0038	1.9581	0.4235	0.934	0.0625
Q	0.2678	0.7673	0.7441	0.38	0.969	0.0671	0.8252	1.2856	0.2803
R	14.2122	0.9205	0.1946	0.0729	0.7418	0.0462	0.3856	1.3797	0.0548
S	0.078	0.6965	1.1269	1.6717	0.5707	1.0393	0.774	0.929	0.5102
T	0.1126	1.2701	0.9392	2.2606	0.9784	0.6097	0.6418	1.1016	0.8422
V	0.1815	1.4832	1.7586	1.6724	1.4791	2.6767	1.3611	1.0323	3.5817
W	0.0848	0.7443	2.8919	0.0942	0.2207	0.0572	0.1485	0.3216	0.0536
Y	0.3501	1.6377	2.5285	0.0999	1.1872	0.2332	0.4979	0.8037	0.1226

PWM_norm.2	P9	P8	P7	P6	P5	P4	P3	P2	P1
A	0.7671	1.3307	4.0861	5.5686	1.2707	1.7895	1.3626	1.786	0.4409
C	0.3566	0.2569	0.2719	0.5102	0.1536	0.3204	0.3132	0.3624	0.0596
D	0.3738	0.9635	0.4843	0.1519	0.783	1.3492	0.6008	0.3721	0.1533
E	0.4044	1.5058	0.9968	0.1716	1.0189	1.8814	0.6881	1.3644	0.2216
F	0.4452	0.5297	0.3972	1.2828	0.6776	0.2021	1.7914	1.0087	0.573
G	0.1831	0.4851	0.5624	0.9347	0.4332	0.3012	0.7214	0.6413	0.1034
H	0.1522	1.157	0.3049	0.2513	0.5589	0.3843	0.7282	0.4792	0.414
I	3.7045	0.8759	0.8389	0.9584	1.5867	2.3759	1.2159	1.5132	0.1845
K	0.1009	1.4439	0.2627	0.1175	1.4163	0.1672	0.6846	1.2839	0.8562
L	4.1021	0.6884	1.1493	0.4336	1.5691	0.4632	1.4769	0.9412	0.2399
M	1.667	0.759	0.9878	0.2312	0.9414	0.976	0.9167	0.5274	0.2233
N	0.3751	1.0983	0.5496	0.337	0.8164	1.3259	0.7506	0.8409	0.1594
P	0.1622	0.74	1.2479	0.9928	1.0471	0.7301	0.64	0.8466	0.074
Q	0.2085	1.5182	0.6056	0.0989	0.9035	0.3377	0.7248	0.8685	0.268
R	0.0785	1.35	0.3464	0.0994	0.7764	0.1071	0.4042	0.9653	13.4773
S	0.358	0.8713	0.7961	0.9331	0.557	1.283	0.8233	0.9857	0.1157
T	0.6526	1.1368	0.918	1.0929	1.0197	1.9043	1.0786	1.0411	0.1289
V	2.3704	1.0802	1.5635	2.2598	1.4524	1.9641	1.2755	1.1692	0.1567
W	0.1279	0.3599	0.2078	0.1942	0.2494	0.1346	3.1922	0.454	0.123
Y	0.2153	0.8116	0.386	0.491	1.1307	0.162	2.4644	0.8701	0.3399

pepL	alpha	w_s
12	99.5307	0.083	0.1488	0	0.3949	0.3734	0.3191	0.2311	0	0.3551	0.0947
13	98.9575	0.0263	0.0764	0.2382	0.4675	0.1916	0.2986	0.3626	0.1368	0.1653	0.0367
14	98.3294	0.0043	0.0259	0.161	0	0.4702	0.2977	0.0409	0.075	0.4753	0.3062	0	0.0775	0.0543	0.0116
15	98.0139	0.0017	0.0096	0.0839	0.376	0.4093	0.0998	0.0197	0.0247	0.1824	0.5409	0.1811	0.0376	0.0237	0.0096
16	98.2233	8e-04	0.0022	0.03	0.2337	0	0.5219	0.1563	0.0471	0.0079	0.0142	0.0382	0.3427	0.4747	0	0.0918	0.02	0.0102	0.0081
17	98.735	8e-04	0.0019	0.0146	0.1152	0.4293	0.2806	0.114	0.0363	0.0072	0.013	0.0234	0.1237	0.5223	0.2209	0.0523	0.0192	0.0136	0.0115
18	99.2174	5e-04	0.0013	0.0066	0.0433	0.2908	0	0.3312	0.218	0.0767	0.0267	0.005	0.0144	0.0207	0.0564	0.2371	0.44	0	0.1507	0.0358	0.016	0.0144	0.0144
19	99.5133	0.001	0.0012	0.0074	0.029	0.145	0.2323	0.2918	0.1844	0.0762	0.0263	0.0055	0.0246	0.0328	0.0639	0.1615	0.2563	0.2441	0.1005	0.0409	0.0246	0.026	0.0246
20	99.691	0.001	0.0012	0.0048	0.0176	0.0704	0.1449	0	0.2809	0.2454	0.1596	0.0505	0.0192	0.0045	0.0326	0.0347	0.0601	0.0749	0.1659	0.2018	0	0.2124	0.0812	0.0389	0.0326	0.0326	0.0326
21	99.7886	0.0013	0.002	0.0054	0.0189	0.0569	0.1038	0.1383	0.2554	0.2215	0.1327	0.043	0.0166	0.0041	0.0457	0.0457	0.0575	0.0991	0.1287	0.1376	0.0991	0.1258	0.0724	0.0516	0.0457	0.0457	0.0457
