Allele	DPA1_02_02__DPB1_236_01
Type	Standard
n_specificities	2
npep_u	0.966	0.034
npep_t	5000	5000
spec_ids	1	-1
L_core	9
L_N	0
L_C	0
CS_perL	1
pepL_lower	12
pepL_upper	21
n_diff_aa	20

PWM_norm.1	P1	P2	P3	P4	P5	P6	P7	P8	P9
A	0.1366	1.5125	1.5934	1.2802	0.9404	0.6107	0.7065	1.3737	1.4421
C	0.0548	0.3003	0.2346	0.247	0.2319	0.144	0.1511	0.1616	0.931
D	0.0316	0.7152	0.8407	0.4788	1.2955	0.0421	0.2532	0.7933	0.6017
E	0.0583	1.1053	0.5195	0.8151	1.0456	0.1272	1.4353	1.6133	0.2821
F	6.9848	1.1801	1.73	0.5753	0.6734	2.678	0.3387	0.4242	0.36
G	0.045	0.2856	1.0927	0.5236	0.5312	0.1051	0.1967	0.5171	0.3931
H	0.1537	0.4711	0.5437	2.6595	1.1783	0.1572	2.8535	0.9532	0.3979
I	2.919	1.2943	1.6085	1.4957	0.8615	3.2792	0.7271	0.9809	2.0814
K	0.1602	1.7423	0.3396	2.5606	1.6292	0.0546	1.8956	1.4111	0.0941
L	2.3739	1.4999	0.8303	0.5086	1.089	3.4942	1.5402	0.7152	1.543
M	2.0299	0.9323	0.6798	0.678	0.683	4.3403	0.3746	0.6715	0.9458
N	0.0958	0.7916	1.014	1.1764	1.2691	0.1072	1.8505	1.1509	1.8965
P	0.0357	0.0669	0.5693	0.5022	1.0599	0.2834	0.1177	0.9184	0.1833
Q	0.0949	1.1219	0.7168	0.9444	1.336	0.1525	3.8148	1.314	0.2678
R	0.0438	1.0086	0.1617	0.7209	0.9261	0.0535	1.1476	1.4008	0.0851
S	0.0464	0.4599	1.0591	1.1597	0.79	0.205	0.3133	0.9192	1.3929
T	0.0841	0.8943	0.7048	1.1314	1.227	0.3733	0.3603	1.095	1.7623
V	0.9929	1.3607	2.0309	1.1808	0.8557	2.378	0.8363	1.0119	3.2171
W	2.6191	1.4701	2.2771	1.1687	0.317	0.4426	0.3421	0.3255	0.1422
Y	7.7226	1.7771	3.0759	0.7183	1.2167	1.3352	0.4001	0.798	0.2904

PWM_norm.2	P9	P8	P7	P6	P5	P4	P3	P2	P1
A	1.4864	1.3526	0.7815	0.2414	0.9997	1.281	0.7613	2.09	0.1276
C	0.9513	0.2612	0.1607	0.0745	0.2459	0.4648	0.1903	0.3367	0.062
D	0.6611	0.937	0.2421	0.0636	1.2836	0.828	0.3558	0.4093	0.0377
E	0.3179	1.5085	1.2814	0.0877	1.1064	0.5514	0.2922	1.359	0.072
F	0.3506	0.5248	0.3374	7.6887	0.6324	1.1766	4.8025	0.9171	7.331
G	0.4429	0.4867	0.1607	0.1007	0.5803	0.4791	0.6181	0.6098	0.0586
H	0.4654	1.1858	2.9501	0.1709	1.0479	3.2617	0.4542	0.4092	0.1925
I	2.1983	0.8646	0.9872	1.8613	0.9611	1.302	1.1467	1.6789	2.7112
K	0.0911	1.4421	1.6112	0.0892	1.731	1.258	0.3616	1.1463	0.1803
L	1.6245	0.6953	1.4547	3.2713	1.0163	0.4946	2.2373	1.0844	2.3156
M	0.9402	0.7547	0.353	2.7181	0.7949	1.066	0.6625	0.5974	1.9337
N	1.8133	1.0791	1.7651	0.1536	1.2429	3.0842	0.4454	0.8359	0.1241
P	0.2044	0.7585	0.2338	0.1827	1.0017	0.3156	0.341	0.7492	0.0397
Q	0.2656	1.5194	3.6543	0.3845	1.3113	0.7386	0.3484	0.9076	0.1168
R	0.0955	1.3723	1.0287	0.0584	1.0369	0.6168	0.2022	0.8098	0.0325
S	1.2353	0.8624	0.3267	0.1162	0.7141	0.8709	0.7363	0.8362	0.0589
T	1.6565	1.1087	0.5628	0.3481	1.2658	1.0394	1.4191	0.9814	0.0936
V	3.1041	1.0786	1.1101	0.7207	0.7449	1.4069	1.0839	1.2163	0.9435
W	0.1246	0.3535	0.3052	1.4562	0.3113	1.4396	1.4039	0.4484	2.6989
Y	0.3207	0.7914	0.4806	3.5299	1.1569	1.1386	3.439	0.741	7.7011

pepL	alpha	w_s
12	99.5307	0.083	0.1488	0	0.3949	0.3733	0.3191	0.2311	0	0.3551	0.0947
13	98.9574	0.0263	0.0764	0.2382	0.4675	0.1916	0.2986	0.3626	0.1368	0.1653	0.0367
14	98.3293	0.0043	0.0259	0.161	0	0.4702	0.2976	0.0409	0.075	0.4753	0.3062	0	0.0775	0.0543	0.0116
15	98.0138	0.0017	0.0096	0.0839	0.3761	0.4093	0.0998	0.0197	0.0247	0.1824	0.5409	0.1811	0.0376	0.0237	0.0096
16	98.2233	8e-04	0.0022	0.03	0.2337	0	0.522	0.1562	0.0472	0.0079	0.0142	0.0382	0.3427	0.4747	0	0.0918	0.02	0.0102	0.0081
17	98.7349	8e-04	0.0019	0.0146	0.1152	0.4294	0.2806	0.114	0.0362	0.0072	0.013	0.0234	0.1237	0.5223	0.2209	0.0523	0.0192	0.0136	0.0115
18	99.2174	5e-04	0.0013	0.0066	0.0433	0.2908	0	0.3312	0.218	0.0767	0.0267	0.005	0.0144	0.0207	0.0564	0.2371	0.44	0	0.1507	0.0358	0.016	0.0144	0.0144
19	99.5134	0.001	0.0012	0.0074	0.029	0.145	0.2323	0.2917	0.1843	0.0762	0.0263	0.0055	0.0246	0.0328	0.0639	0.1615	0.2563	0.2441	0.1005	0.0409	0.0246	0.026	0.0246
20	99.6911	0.001	0.0012	0.0048	0.0176	0.0704	0.1449	0	0.2809	0.2453	0.1596	0.0505	0.0192	0.0045	0.0326	0.0347	0.0601	0.0749	0.1659	0.2018	0	0.2124	0.0812	0.0389	0.0326	0.0326	0.0326
21	99.7886	0.0013	0.002	0.0054	0.0189	0.0569	0.1038	0.1384	0.2552	0.2215	0.1327	0.043	0.0166	0.0041	0.0457	0.0457	0.0575	0.0991	0.1287	0.1376	0.0991	0.1258	0.0724	0.0516	0.0457	0.0457	0.0457
