Allele	DPA1_02_06__DPB1_29_01
Type	Standard
n_specificities	2
npep_u	0.904	0.096
npep_t	5000	5000
spec_ids	1	-1
L_core	9
L_N	0
L_C	0
CS_perL	1
pepL_lower	12
pepL_upper	21
n_diff_aa	20

PWM_norm.1	P1	P2	P3	P4	P5	P6	P7	P8	P9
A	0.1003	1.5793	1.7484	1.7263	1.1449	5.2698	2.4941	1.3737	1.9551
C	0.0305	0.1805	0.2178	0.1414	0.1832	0.3893	0.3865	0.1616	0.132
D	0.069	0.5207	0.8042	0.5276	0.7128	0.0885	0.448	0.7933	1.397
E	0.0889	1.2846	0.5221	0.8559	1.0651	0.1397	0.7268	1.6133	0.8992
F	0.3389	1.1255	1.4017	0.3223	0.6548	0.081	0.7634	0.4242	0.094
G	0.0553	0.4308	1.4555	0.4263	0.4719	0.6468	0.3876	0.5171	0.3836
H	0.0976	0.6067	0.7152	1.3777	0.564	0.0519	2.2519	0.9532	3.0044
I	0.1606	1.2851	1.1234	2.3028	1.6151	1.8216	0.7282	0.9809	0.2982
K	12.9119	1.2202	0.3665	1.9921	1.1929	0.0609	1.277	1.4111	0.1043
L	0.1302	1.3978	0.7705	0.3402	1.6538	0.6917	1.099	0.7152	0.3787
M	0.1265	0.7858	0.6904	0.4768	0.8111	0.3644	0.7828	0.6715	0.2206
N	0.1014	0.9549	0.8542	0.8913	1.0048	0.08	1.0905	1.1509	6.3284
P	0.0408	0.147	0.6846	0.8137	0.8704	1.9475	0.3817	0.9184	0.1963
Q	0.104	0.7958	0.7468	0.6874	1.0925	0.0662	2.3635	1.314	0.9207
R	2.8675	0.9213	0.1847	0.2957	0.5623	0.0404	1.112	1.4008	0.1164
S	0.0582	0.7162	1.1411	1.7391	0.5737	0.7803	0.6506	0.9192	2.3718
T	0.0873	1.278	0.897	1.3531	1.2537	0.5946	0.4884	1.095	0.5914
V	0.1069	1.479	1.7378	1.4993	1.493	2.92	0.9995	1.0119	0.594
W	0.0476	0.7527	2.9589	0.3931	0.1702	0.0234	0.5173	0.3255	0.0615
Y	0.2857	1.625	2.6035	0.3233	1.2935	0.0673	0.626	0.798	0.1274

PWM_norm.2	P9	P8	P7	P6	P5	P4	P3	P2	P1
A	1.9978	1.3526	2.6153	4.679	1.0275	2.241	1.3796	1.7726	0.2402
C	0.1659	0.2612	0.3499	0.4896	0.1878	0.4016	0.3517	0.428	0.0903
D	1.4273	0.937	0.3804	0.1391	0.7374	0.451	0.6085	0.348	0.1632
E	0.9407	1.5085	0.7535	0.2136	1.0531	0.573	0.7029	1.3441	0.206
F	0.1132	0.5248	0.4502	0.3809	0.6048	0.7125	1.7204	0.9842	0.4182
G	0.4174	0.4867	0.3855	0.9202	0.5395	0.5065	0.7166	0.6618	0.1355
H	2.9126	1.1858	2.1125	0.1212	0.5219	3.5806	0.7617	0.4133	0.1851
I	0.3844	0.8646	0.8583	1.4754	1.7737	1.5026	1.2149	1.5777	0.1947
K	0.1167	1.4421	1.0844	0.1351	1.3715	1.3593	0.702	1.3002	12.845
L	0.4114	0.6953	1.0193	0.9427	1.5426	0.5385	1.4124	0.9229	0.1844
M	0.2579	0.7547	0.8881	0.4352	0.9993	1.5375	0.9716	0.5454	0.196
N	5.7378	1.0791	0.9192	0.2057	0.8755	1.4779	0.7941	0.8595	0.3053
P	0.2197	0.7585	0.647	2.0633	0.9492	0.3226	0.6531	0.9263	0.0924
Q	0.9067	1.5194	2.1074	0.2015	1.0685	0.5529	0.7663	0.8526	0.2209
R	0.1439	1.3723	1.1216	0.0819	0.675	0.5097	0.4104	0.939	1.5668
S	2.3017	0.8624	0.6019	0.9384	0.5172	1.0577	0.8232	0.983	0.1714
T	0.6582	1.1087	0.6417	0.7532	1.1744	1.0358	1.0669	1.0403	0.1575
V	0.6637	1.0786	1.2679	1.9092	1.417	1.5045	1.2789	1.1606	0.1262
W	0.0493	0.3535	0.4896	0.0949	0.2674	0.7945	3.2061	0.4159	0.0873
Y	0.1256	0.7914	0.6518	0.1662	1.3967	0.6663	2.3966	0.8243	0.4201

pepL	alpha	w_s
12	99.5307	0.083	0.1488	0	0.3949	0.3733	0.3191	0.2311	0	0.3551	0.0947
13	98.9574	0.0263	0.0764	0.2382	0.4675	0.1916	0.2986	0.3626	0.1368	0.1653	0.0367
14	98.3293	0.0043	0.0259	0.161	0	0.4702	0.2976	0.0409	0.075	0.4753	0.3062	0	0.0775	0.0543	0.0116
15	98.0138	0.0017	0.0096	0.0839	0.3761	0.4093	0.0998	0.0197	0.0247	0.1824	0.5409	0.1811	0.0376	0.0237	0.0096
16	98.2233	8e-04	0.0022	0.03	0.2337	0	0.522	0.1562	0.0472	0.0079	0.0142	0.0382	0.3427	0.4747	0	0.0918	0.02	0.0102	0.0081
17	98.7349	8e-04	0.0019	0.0146	0.1152	0.4294	0.2806	0.114	0.0362	0.0072	0.013	0.0234	0.1237	0.5223	0.2209	0.0523	0.0192	0.0136	0.0115
18	99.2174	5e-04	0.0013	0.0066	0.0433	0.2908	0	0.3312	0.218	0.0767	0.0267	0.005	0.0144	0.0207	0.0564	0.2371	0.44	0	0.1507	0.0358	0.016	0.0144	0.0144
19	99.5134	0.001	0.0012	0.0074	0.029	0.145	0.2323	0.2917	0.1843	0.0762	0.0263	0.0055	0.0246	0.0328	0.0639	0.1615	0.2563	0.2441	0.1005	0.0409	0.0246	0.026	0.0246
20	99.6911	0.001	0.0012	0.0048	0.0176	0.0704	0.1449	0	0.2809	0.2453	0.1596	0.0505	0.0192	0.0045	0.0326	0.0347	0.0601	0.0749	0.1659	0.2018	0	0.2124	0.0812	0.0389	0.0326	0.0326	0.0326
21	99.7886	0.0013	0.002	0.0054	0.0189	0.0569	0.1038	0.1384	0.2552	0.2215	0.1327	0.043	0.0166	0.0041	0.0457	0.0457	0.0575	0.0991	0.1287	0.1376	0.0991	0.1258	0.0724	0.0516	0.0457	0.0457	0.0457
