Allele	DPA1_02_01__DPB1_835_01
Type	Standard
n_specificities	2
npep_u	0.936	0.064
npep_t	5000	5000
spec_ids	1	-1
L_core	9
L_N	0
L_C	0
CS_perL	1
pepL_lower	12
pepL_upper	21
n_diff_aa	20

PWM_norm.1	P1	P2	P3	P4	P5	P6	P7	P8	P9
A	0.2823	1.4085	1.7157	1.0506	0.9644	0.1865	2.5572	1.0447	0.8894
C	0.0811	0.2063	0.2057	0.2319	0.1974	0.0401	0.2926	0.1682	0.2933
D	0.0586	0.9616	1.0791	1.5191	1.2623	0.0236	0.5151	1.1475	1.1899
E	0.0738	1.305	0.4365	2.8616	1.04	0.0418	1.7785	1.8093	0.7737
F	2.3323	0.8772	1.5317	0.2487	0.6736	16.9595	0.2563	0.4398	3.6634
G	0.0828	0.4413	1.7333	0.5524	0.5367	0.0624	0.7434	0.5621	0.4051
H	0.0858	1.2262	1.2348	0.7559	1.2562	0.1287	0.3303	0.7571	0.3432
I	5.9791	1.438	0.6353	0.9137	0.8462	0.5034	0.8296	0.8391	2.3096
K	0.6565	1.0157	0.4363	0.5304	1.738	0.0277	0.3835	1.4017	0.1875
L	3.2484	0.9775	0.4573	0.4167	1.1005	0.8317	1.9995	0.7129	1.625
M	2.4364	0.8674	0.753	0.4154	0.6588	0.6755	0.8832	0.4952	2.6828
N	0.0944	0.7709	0.8663	1.0059	1.2275	0.1012	1.2182	1.1898	0.2635
P	0.0941	0.0704	0.5304	0.2522	0.9053	0.1278	0.2748	1.0294	0.2422
Q	0.104	1.1553	0.858	0.8703	1.3862	0.0711	1.0024	1.2886	0.3065
R	0.1392	1.0208	0.3577	0.2488	1.027	0.0263	0.2779	1.6462	0.193
S	0.0695	0.8087	1.3998	1.3153	0.8208	0.1113	0.9009	0.8444	0.4617
T	0.2067	1.0437	0.9532	2.5376	1.1127	0.1334	0.6085	0.9454	0.9156
V	2.4095	1.6549	1.2492	1.5225	0.9228	0.301	1.3556	0.9242	1.7056
W	0.4618	1.7998	2.312	0.2688	0.2945	3.1183	0.0936	0.4411	1.9123
Y	0.7566	1.4545	3.0854	0.2368	1.0461	6.2241	0.2525	0.8371	2.243

PWM_norm.2	P9	P8	P7	P6	P5	P4	P3	P2	P1
A	0.7531	1.1379	2.7672	0.1617	1.079	0.9171	1.5719	1.371	0.2871
C	0.3498	0.2591	0.2329	0.0473	0.1543	0.2001	0.2143	0.2243	0.1354
D	0.86	1.2235	0.5195	0.0358	1.195	1.3103	0.9765	0.9349	0.0869
E	0.8387	1.7883	1.5932	0.0429	1.1525	3.1669	0.4909	1.3538	0.1153
F	2.0467	0.705	0.3921	16.4944	0.6372	0.2277	1.5415	0.8578	2.473
G	0.541	0.5301	0.504	0.0806	0.5868	0.4548	1.6205	0.5028	0.1302
H	0.3295	0.8619	0.4168	0.1517	1.0684	0.5845	1.2107	1.2282	0.146
I	2.5575	0.8012	0.8073	0.5297	0.9762	0.7951	0.7614	1.4097	5.201
K	0.2485	1.4117	0.3998	0.0559	1.8299	0.8241	0.4869	1.0057	0.8261
L	2.3608	0.6738	1.5908	0.9218	1.0324	0.3621	0.5309	0.9638	3.096
M	3.2842	0.643	0.7115	0.77	0.7317	0.3743	0.8063	0.8689	2.6728
N	0.2617	1.1715	1.0441	0.1059	1.2434	1.0076	0.8616	0.7889	0.1929
P	0.3025	0.8269	0.7875	0.1026	0.8562	0.294	0.6137	0.1209	0.1499
Q	0.4862	1.4084	1.0692	0.1037	1.3443	0.8719	0.874	1.1708	0.1623
R	0.3347	1.4797	0.2952	0.0396	1.0769	0.3327	0.3943	1.0354	0.1058
S	0.3536	0.8316	0.8049	0.1011	0.7096	1.3869	1.3188	0.8419	0.1083
T	0.6704	0.9163	0.9343	0.1762	1.1919	2.5602	0.958	1.0472	0.2445
V	1.4272	1.0253	1.4858	0.2669	0.8073	1.3512	1.2832	1.6331	2.2903
W	1.4292	0.3792	0.1898	3.2177	0.2397	0.1993	2.1414	1.4894	0.7436
Y	1.9865	0.664	0.3829	6.2399	1.0278	0.2521	3.0958	1.318	1.0913

pepL	alpha	w_s
12	99.5307	0.083	0.1488	0	0.3949	0.3733	0.3191	0.2311	0	0.3551	0.0947
13	98.9574	0.0263	0.0764	0.2382	0.4675	0.1916	0.2986	0.3626	0.1368	0.1653	0.0367
14	98.3293	0.0043	0.0259	0.161	0	0.4702	0.2976	0.0409	0.075	0.4753	0.3062	0	0.0775	0.0543	0.0116
15	98.0138	0.0017	0.0096	0.0839	0.3761	0.4093	0.0998	0.0197	0.0247	0.1824	0.5409	0.1811	0.0376	0.0237	0.0096
16	98.2233	8e-04	0.0022	0.03	0.2337	0	0.522	0.1562	0.0472	0.0079	0.0142	0.0382	0.3427	0.4747	0	0.0918	0.02	0.0102	0.0081
17	98.7349	8e-04	0.0019	0.0146	0.1152	0.4294	0.2806	0.114	0.0362	0.0072	0.013	0.0234	0.1237	0.5223	0.2209	0.0523	0.0192	0.0136	0.0115
18	99.2174	5e-04	0.0013	0.0066	0.0433	0.2908	0	0.3312	0.218	0.0767	0.0267	0.005	0.0144	0.0207	0.0564	0.2371	0.44	0	0.1507	0.0358	0.016	0.0144	0.0144
19	99.5134	0.001	0.0012	0.0074	0.029	0.145	0.2323	0.2917	0.1843	0.0762	0.0263	0.0055	0.0246	0.0328	0.0639	0.1615	0.2563	0.2441	0.1005	0.0409	0.0246	0.026	0.0246
20	99.6911	0.001	0.0012	0.0048	0.0176	0.0704	0.1449	0	0.2809	0.2453	0.1596	0.0505	0.0192	0.0045	0.0326	0.0347	0.0601	0.0749	0.1659	0.2018	0	0.2124	0.0812	0.0389	0.0326	0.0326	0.0326
21	99.7886	0.0013	0.002	0.0054	0.0189	0.0569	0.1038	0.1384	0.2552	0.2215	0.1327	0.043	0.0166	0.0041	0.0457	0.0457	0.0575	0.0991	0.1287	0.1376	0.0991	0.1258	0.0724	0.0516	0.0457	0.0457	0.0457
