Allele	DPA1_01_14__DPB1_652_01
Type	Standard
n_specificities	2
npep_u	0.974	0.026
npep_t	5000	5000
spec_ids	1	-1
L_core	9
L_N	0
L_C	0
CS_perL	1
pepL_lower	12
pepL_upper	21
n_diff_aa	20

PWM_norm.1	P1	P2	P3	P4	P5	P6	P7	P8	P9
A	0.1385	1.4102	1.589	0.7017	0.9099	0.1527	0.7249	1.3929	1.5228
C	0.0306	0.1874	0.2185	0.1272	0.243	0.0391	0.1782	0.1648	0.9011
D	0.0667	0.9491	0.9286	0.3295	1.316	0.0298	0.2561	0.8155	0.5995
E	0.083	1.3105	0.3778	0.9943	1.079	0.045	1.3851	1.5579	0.3096
F	0.6121	0.8762	1.8035	0.33	0.6479	15.5949	0.3435	0.4171	0.3981
G	0.0622	0.4448	1.8808	0.2737	0.5267	0.0546	0.2111	0.5194	0.4045
H	0.4195	1.1878	1.2825	3.4012	1.2214	0.1448	2.9606	0.9576	0.4228
I	0.2531	1.4663	0.5578	0.702	0.835	0.5767	0.708	0.9771	2.0128
K	0.8316	1.0207	0.359	4.7273	1.6632	0.0354	1.8309	1.4241	0.0944
L	0.2456	1.0108	0.4188	0.3769	1.0736	1.113	1.5117	0.7134	1.5269
M	0.1704	0.8326	0.7109	0.3361	0.6475	0.9422	0.4117	0.6522	0.9102
N	0.1057	0.7516	0.8847	0.9265	1.2591	0.0865	1.9183	1.1672	1.8733
P	0.0603	0.069	0.4658	0.1824	1.0391	0.1242	0.1331	0.934	0.1991
Q	0.2678	1.1222	0.7425	0.8839	1.3214	0.0768	3.7341	1.2856	0.292
R	14.2122	1.0122	0.3035	0.8911	0.951	0.03	1.22	1.3797	0.1014
S	0.078	0.8119	1.4274	1.1303	0.8137	0.0923	0.3217	0.929	1.3756
T	0.1126	1.0358	0.8491	1.5491	1.2159	0.1473	0.3635	1.1016	1.7169
V	0.1815	1.6822	1.2644	1.0377	0.8753	0.2986	0.8338	1.0323	3.1647
W	0.0848	1.7064	3.5258	0.5302	0.3106	3.7004	0.3674	0.3216	0.1395
Y	0.3501	1.4466	3.5327	0.3908	1.1603	6.5089	0.3859	0.8037	0.3142

PWM_norm.2	P9	P8	P7	P6	P5	P4	P3	P2	P1
A	1.4593	1.3307	0.7764	0.1438	1.0071	0.7809	1.4673	1.4058	0.4409
C	0.9185	0.2569	0.1632	0.0448	0.2818	0.1243	0.2241	0.2266	0.0596
D	0.6116	0.9635	0.2245	0.0288	1.2902	0.3277	0.9636	0.9327	0.1533
E	0.3045	1.5058	1.323	0.0404	1.1158	1.0796	0.4329	1.3679	0.2216
F	0.3868	0.5297	0.3524	15.7408	0.6448	0.3752	1.8353	0.841	0.573
G	0.4608	0.4851	0.2048	0.0739	0.5721	0.3117	1.7923	0.4972	0.1034
H	0.3965	1.157	2.9636	0.1119	1.0884	3.4631	1.2834	1.2008	0.414
I	2.0911	0.8759	0.909	0.5286	0.8907	0.6627	0.5986	1.3917	0.1845
K	0.0895	1.4439	1.6818	0.0566	1.746	4.6845	0.4026	0.9864	0.8562
L	1.6033	0.6884	1.5006	1.0687	0.9682	0.3532	0.4805	0.9846	0.2399
M	0.9514	0.759	0.349	0.8443	0.7749	0.3659	0.7241	0.8446	0.2233
N	1.7197	1.0983	1.8434	0.0656	1.308	0.7255	0.8803	0.7813	0.1594
P	0.1872	0.74	0.204	0.1114	1.0265	0.1461	0.4408	0.1334	0.074
Q	0.2404	1.5182	3.5993	0.0843	1.2899	0.8511	0.8024	1.1764	0.268
R	0.0842	1.35	1.0885	0.0418	1.0834	0.7787	0.2989	1.0316	13.4773
S	1.3436	0.8713	0.335	0.0737	0.7185	1.1181	1.3582	0.8414	0.1157
T	1.7103	1.1368	0.4708	0.1275	1.2628	1.6767	0.8723	1.0364	0.1289
V	3.2018	1.0802	0.9691	0.2182	0.719	1.0112	1.2637	1.6339	0.1567
W	0.1327	0.3599	0.2882	3.6293	0.358	0.6051	3.4587	1.3914	0.123
Y	0.3266	0.8116	0.5044	6.9509	1.1337	0.4251	3.5769	1.3137	0.3399

pepL	alpha	w_s
12	99.5307	0.083	0.1488	0	0.3949	0.3734	0.3191	0.2311	0	0.3551	0.0947
13	98.9575	0.0263	0.0764	0.2382	0.4675	0.1916	0.2986	0.3626	0.1368	0.1653	0.0367
14	98.3294	0.0043	0.0259	0.161	0	0.4702	0.2977	0.0409	0.075	0.4753	0.3062	0	0.0775	0.0543	0.0116
15	98.0139	0.0017	0.0096	0.0839	0.376	0.4093	0.0998	0.0197	0.0247	0.1824	0.5409	0.1811	0.0376	0.0237	0.0096
16	98.2233	8e-04	0.0022	0.03	0.2337	0	0.5219	0.1563	0.0471	0.0079	0.0142	0.0382	0.3427	0.4747	0	0.0918	0.02	0.0102	0.0081
17	98.735	8e-04	0.0019	0.0146	0.1152	0.4293	0.2806	0.114	0.0363	0.0072	0.013	0.0234	0.1237	0.5223	0.2209	0.0523	0.0192	0.0136	0.0115
18	99.2174	5e-04	0.0013	0.0066	0.0433	0.2908	0	0.3312	0.218	0.0767	0.0267	0.005	0.0144	0.0207	0.0564	0.2371	0.44	0	0.1507	0.0358	0.016	0.0144	0.0144
19	99.5133	0.001	0.0012	0.0074	0.029	0.145	0.2323	0.2918	0.1844	0.0762	0.0263	0.0055	0.0246	0.0328	0.0639	0.1615	0.2563	0.2441	0.1005	0.0409	0.0246	0.026	0.0246
20	99.691	0.001	0.0012	0.0048	0.0176	0.0704	0.1449	0	0.2809	0.2454	0.1596	0.0505	0.0192	0.0045	0.0326	0.0347	0.0601	0.0749	0.1659	0.2018	0	0.2124	0.0812	0.0389	0.0326	0.0326	0.0326
21	99.7886	0.0013	0.002	0.0054	0.0189	0.0569	0.1038	0.1383	0.2554	0.2215	0.1327	0.043	0.0166	0.0041	0.0457	0.0457	0.0575	0.0991	0.1287	0.1376	0.0991	0.1258	0.0724	0.0516	0.0457	0.0457	0.0457
