Allele	DPA1_03_01__DPB1_13_01
Type	Standard
n_specificities	2
npep_u	0.903	0.097
npep_t	5000	5000
spec_ids	1	-1
L_core	9
L_N	0
L_C	0
CS_perL	1
pepL_lower	12
pepL_upper	21
n_diff_aa	20

PWM_norm.1	P1	P2	P3	P4	P5	P6	P7	P8	P9
A	0.1385	1.5082	1.5487	1.5129	1.1455	5.0842	0.8688	1.0692	0.226
C	0.0306	0.2533	0.2267	0.1648	0.1922	0.562	0.1834	0.1728	0.0269
D	0.0667	0.6959	0.8568	0.4408	0.7017	0.1171	0.3118	1.184	7.5578
E	0.083	1.1223	0.4969	0.8095	1.0817	0.149	1.0313	1.7529	6.6294
F	0.6121	1.1565	1.7368	0.4323	0.6727	0.1102	0.5912	0.4482	0.3049
G	0.0622	0.2995	1.0687	0.4493	0.4708	0.8025	0.2155	0.5537	0.1905
H	0.4195	0.447	0.5469	1.9592	0.5497	0.0771	3.0184	0.7365	0.5977
I	0.2531	1.2949	1.6649	1.927	1.6153	2.0917	0.6893	0.8274	0.101
K	0.8316	1.7385	0.3283	2.4295	1.1857	0.0756	2.0202	1.393	0.115
L	0.2456	1.5503	0.8308	0.4667	1.6259	0.7892	1.2572	0.7109	0.1309
M	0.1704	0.8836	0.6388	0.5514	0.8369	0.5476	0.5016	0.4896	0.1404
N	0.1057	0.7754	1.0415	1.0284	0.9856	0.1319	1.5672	1.1909	0.2504
P	0.0603	0.0806	0.5643	0.6995	0.8648	1.7249	0.1933	1.0119	0.0721
Q	0.2678	1.0637	0.745	0.862	1.102	0.0777	3.7444	1.2956	0.3981
R	14.2122	1.0029	0.1358	0.4521	0.5607	0.0594	1.5046	1.6622	0.0767
S	0.078	0.4801	1.0599	1.4249	0.5762	0.832	0.3098	0.864	0.1642
T	0.1126	0.9148	0.7287	1.2427	1.2702	0.5384	0.3953	0.9415	0.1446
V	0.1815	1.3746	2.0953	1.3231	1.5099	2.5511	0.7844	0.933	0.1245
W	0.0848	1.3098	2.1163	0.6302	0.1731	0.0271	0.604	0.4326	0.113
Y	0.3501	1.7397	3.0977	0.4617	1.2933	0.0853	0.644	0.8595	0.2946

PWM_norm.2	P9	P8	P7	P6	P5	P4	P3	P2	P1
A	0.3567	1.1432	1.2178	4.1041	1.0131	1.5116	0.9332	2.0159	0.4409
C	0.0796	0.2554	0.3471	0.4971	0.2219	0.5156	0.1431	0.3113	0.0596
D	4.9678	1.2383	0.2865	0.3126	0.7405	0.9806	0.3664	0.4435	0.1533
E	6.6767	1.789	0.758	0.2102	1.0853	0.4702	0.348	1.3729	0.2216
F	0.3554	0.6981	0.3334	0.3919	0.6098	0.9436	4.468	0.9632	0.573
G	0.4291	0.526	0.2349	1.0156	0.5375	0.4747	0.6607	0.6113	0.1034
H	0.5721	0.8357	2.7022	0.1471	0.5777	4.2903	0.45	0.5053	0.414
I	0.3431	0.7785	1.5142	1.6803	1.629	1.4713	0.998	1.6019	0.1845
K	0.3412	1.4163	1.5081	0.1562	1.4503	1.065	0.4033	1.1683	0.8562
L	0.1819	0.6733	1.0146	0.9082	1.4915	0.4082	2.2174	1.0446	0.2399
M	0.2579	0.644	0.6074	0.4921	0.9879	1.0332	0.5675	0.59	0.2233
N	0.395	1.1764	0.933	0.3336	0.9443	3.2241	0.5152	0.8332	0.1594
P	0.1724	0.8181	0.6253	2.0579	0.9208	0.3419	0.358	0.6444	0.074
Q	0.5816	1.3898	1.8631	0.2382	1.1171	0.5573	0.3938	0.9204	0.268
R	0.2537	1.4959	1.4762	0.0771	0.7214	0.4353	0.1753	0.8634	13.4773
S	0.2838	0.8427	0.3526	0.8653	0.5309	0.9271	0.7386	0.8566	0.1157
T	0.3813	0.9302	1.005	0.8589	1.1761	0.9883	1.3807	1.0286	0.1289
V	0.3006	1.0277	2.0791	2.0793	1.3775	1.3836	1.0131	1.2012	0.1567
W	0.1268	0.3779	0.4167	0.0961	0.2907	1.0347	1.9465	0.5152	0.123
Y	0.2771	0.6423	0.6261	0.1917	1.3398	0.8736	3.3315	0.889	0.3399

pepL	alpha	w_s
12	99.5307	0.083	0.1488	0	0.3949	0.3734	0.3191	0.2311	0	0.3551	0.0947
13	98.9575	0.0263	0.0764	0.2382	0.4675	0.1916	0.2986	0.3626	0.1368	0.1653	0.0367
14	98.3294	0.0043	0.0259	0.161	0	0.4702	0.2977	0.0409	0.075	0.4753	0.3062	0	0.0775	0.0543	0.0116
15	98.0139	0.0017	0.0096	0.0839	0.376	0.4093	0.0998	0.0197	0.0247	0.1824	0.5409	0.1811	0.0376	0.0237	0.0096
16	98.2233	8e-04	0.0022	0.03	0.2337	0	0.5219	0.1563	0.0471	0.0079	0.0142	0.0382	0.3427	0.4747	0	0.0918	0.02	0.0102	0.0081
17	98.735	8e-04	0.0019	0.0146	0.1152	0.4293	0.2806	0.114	0.0363	0.0072	0.013	0.0234	0.1237	0.5223	0.2209	0.0523	0.0192	0.0136	0.0115
18	99.2174	5e-04	0.0013	0.0066	0.0433	0.2908	0	0.3312	0.218	0.0767	0.0267	0.005	0.0144	0.0207	0.0564	0.2371	0.44	0	0.1507	0.0358	0.016	0.0144	0.0144
19	99.5133	0.001	0.0012	0.0074	0.029	0.145	0.2323	0.2918	0.1844	0.0762	0.0263	0.0055	0.0246	0.0328	0.0639	0.1615	0.2563	0.2441	0.1005	0.0409	0.0246	0.026	0.0246
20	99.691	0.001	0.0012	0.0048	0.0176	0.0704	0.1449	0	0.2809	0.2454	0.1596	0.0505	0.0192	0.0045	0.0326	0.0347	0.0601	0.0749	0.1659	0.2018	0	0.2124	0.0812	0.0389	0.0326	0.0326	0.0326
21	99.7886	0.0013	0.002	0.0054	0.0189	0.0569	0.1038	0.1383	0.2554	0.2215	0.1327	0.043	0.0166	0.0041	0.0457	0.0457	0.0575	0.0991	0.1287	0.1376	0.0991	0.1258	0.0724	0.0516	0.0457	0.0457	0.0457
