Allele	DQA1_02_01__DQB1_03_03
Type	Standard
n_specificities	1
npep_u	1
npep_t	1340
spec_ids	1
L_core	9
L_N	0
L_C	0
CS_perL	1
pepL_lower	12
pepL_upper	21
n_diff_aa	20

PWM_norm.1	P1	P2	P3	P4	P5	P6	P7	P8	P9
A	1.4285	1.2633	0.9908	2.6489	1.8691	3.344	2.1223	1.3153	1.9076
C	0.0826	0.0797	0.0965	0.8332	0.1138	0.2283	0.2397	0.0791	0.3435
D	0.4401	1.2793	0.9511	0.4034	0.4376	0.3932	0.4845	0.5829	0.5141
E	0.8257	0.8487	0.7549	0.524	0.8383	0.3731	1.9987	0.7498	0.4949
F	1.3412	0.2803	0.0813	0.6409	0.7124	0.0952	0.6139	0.2468	0.2802
G	0.4919	1.2823	0.5073	1.0433	0.6622	0.3594	0.6346	0.6397	2.2093
H	0.7701	1.6281	0.2946	0.2862	1.1989	0.0668	1.1532	1.5927	0.9287
I	0.9549	0.9143	0.3572	1.1189	0.5273	1.5052	0.6794	1.1478	0.9413
K	0.2763	0.8821	0.2849	0.1506	1.4881	0.275	0.6811	0.9366	0.5894
L	0.5026	0.446	0.0722	0.8691	0.7104	0.5149	0.7879	0.4743	0.4559
M	0.7873	0.6259	0.1027	0.7068	0.5126	0.2798	0.3896	0.444	0.3198
N	0.1227	1.0187	0.4431	0.9235	0.5157	0.1373	1.0096	1.5479	1.315
P	2.6933	0.1453	0.2533	0.1025	1.1465	2.4665	0.4106	2.2229	0.928
Q	0.8901	0.8615	0.1807	0.2076	1.3057	0.1197	1.591	0.6771	0.4912
R	0.903	1.1941	0.1576	0.132	1.1526	0.0678	0.9703	1.0595	0.2127
S	0.3695	1.5233	3.1351	1.6492	0.8518	1.326	1.2879	0.8974	2.2874
T	1.645	1.5072	7.2777	2.5848	1.6138	0.9141	0.8804	1.6504	1.3448
V	2.5658	1.4105	0.3646	2.3289	1.5694	3.5843	0.9901	1.4691	1.3017
W	0.5281	0.528	0.8568	0.0633	0.0665	0.1108	0.4081	1.2572	0.0593
Y	1.7198	1.8389	0.089	0.2796	0.9079	0.088	0.6999	0.593	0.35

pepL	alpha	w_s
12	99.5307	0.083	0.1488	0	0.3949	0.3733
13	98.9574	0.0263	0.0764	0.2382	0.4675	0.1916
14	98.3293	0.0043	0.0259	0.161	0	0.4702	0.2976	0.0409
15	98.0138	0.0017	0.0096	0.0839	0.3761	0.4093	0.0998	0.0197
16	98.2233	8e-04	0.0022	0.03	0.2337	0	0.522	0.1562	0.0472	0.0079
17	98.7349	8e-04	0.0019	0.0146	0.1152	0.4294	0.2806	0.114	0.0362	0.0072
18	99.2174	5e-04	0.0013	0.0066	0.0433	0.2908	0	0.3312	0.218	0.0767	0.0267	0.005
19	99.5134	0.001	0.0012	0.0074	0.029	0.145	0.2323	0.2917	0.1843	0.0762	0.0263	0.0055
20	99.6911	0.001	0.0012	0.0048	0.0176	0.0704	0.1449	0	0.2809	0.2453	0.1596	0.0505	0.0192	0.0045
21	99.7886	0.0013	0.002	0.0054	0.0189	0.0569	0.1038	0.1384	0.2552	0.2215	0.1327	0.043	0.0166	0.0041
