Allele	DQA1_05_09__DQB1_03_72
Type	Standard
n_specificities	1
npep_u	1
npep_t	5000
spec_ids	1
L_core	9
L_N	0
L_C	0
CS_perL	1
pepL_lower	12
pepL_upper	21
n_diff_aa	20

PWM_norm.1	P1	P2	P3	P4	P5	P6	P7	P8	P9
A	1.1922	1.913	2.2163	3.2176	1.5953	3.0795	2.1362	1.785	2.6403
C	0.1372	0.0795	0.278	0.5567	0.1331	0.413	0.2784	0.0674	1.5879
D	0.1631	0.9181	1.0586	0.5487	0.6714	0.1213	0.652	0.6086	0.557
E	0.3935	1.0439	0.9032	0.3376	0.993	0.2425	1.7718	0.8968	0.2156
F	2.3087	0.4548	1.0487	1.3858	0.7154	0.5654	0.9125	0.9309	0.2367
G	0.1576	1.4745	2.2995	1.8391	0.7114	0.4287	0.7338	1.1238	1.962
H	0.2892	1.908	0.7646	0.4544	1.2157	0.1406	1.267	0.4744	0.3153
I	3.2157	0.5728	0.7432	1.0991	0.9474	2.383	0.8402	1.0766	1.4739
K	0.1467	1.1233	0.3937	0.2249	1.3061	0.1189	0.5682	0.8781	0.1324
L	0.8856	0.3651	0.4773	0.464	0.7823	0.8846	0.7095	0.7911	0.5194
M	1.4597	0.6358	0.7244	0.7475	0.5992	0.7324	0.4948	0.4211	0.5116
N	0.095	1.1213	0.8184	0.7848	0.6246	0.1347	1.2055	0.7952	1.1751
P	2.4256	0.2225	0.8711	0.284	0.9189	2.07	0.5476	2.0323	0.4068
Q	0.2407	1.1633	0.6661	0.3176	1.3048	0.1666	1.4868	0.6894	0.4618
R	0.1058	1.0809	0.6115	0.1633	0.9967	0.0583	0.9213	1.0822	0.1106
S	0.237	1.1961	1.0696	1.8037	0.8965	0.7397	1.086	1.0092	1.8051
T	0.509	1.5275	0.7597	1.4451	1.2402	1.2107	0.7028	1.1004	1.699
V	2.6441	0.7243	1.3135	1.4863	1.6991	3.3959	0.9454	0.8232	1.8568
W	4.1428	0.778	0.6427	0.585	0.4826	0.1185	0.7124	0.4045	0.1779
Y	3.0483	1.4189	1.1628	0.5014	0.8568	0.3221	1.0466	1.047	0.2751

pepL	alpha	w_s
12	99.5307	0.083	0.1488	0	0.3949	0.3733
13	98.9574	0.0263	0.0764	0.2382	0.4675	0.1916
14	98.3293	0.0043	0.0259	0.161	0	0.4702	0.2976	0.0409
15	98.0138	0.0017	0.0096	0.0839	0.3761	0.4093	0.0998	0.0197
16	98.2233	8e-04	0.0022	0.03	0.2337	0	0.522	0.1562	0.0472	0.0079
17	98.7349	8e-04	0.0019	0.0146	0.1152	0.4294	0.2806	0.114	0.0362	0.0072
18	99.2174	5e-04	0.0013	0.0066	0.0433	0.2908	0	0.3312	0.218	0.0767	0.0267	0.005
19	99.5134	0.001	0.0012	0.0074	0.029	0.145	0.2323	0.2917	0.1843	0.0762	0.0263	0.0055
20	99.6911	0.001	0.0012	0.0048	0.0176	0.0704	0.1449	0	0.2809	0.2453	0.1596	0.0505	0.0192	0.0045
21	99.7886	0.0013	0.002	0.0054	0.0189	0.0569	0.1038	0.1384	0.2552	0.2215	0.1327	0.043	0.0166	0.0041
