Allele	DQA1_03_02__DQB1_06_283
Type	Standard
n_specificities	1
npep_u	1
npep_t	5000
spec_ids	1
L_core	9
L_N	0
L_C	0
CS_perL	1
pepL_lower	12
pepL_upper	21
n_diff_aa	20

PWM_norm.1	P1	P2	P3	P4	P5	P6	P7	P8	P9
A	0.7532	1.9443	2.3185	2.7441	1.3645	2.6395	0.9751	0.9303	0.7986
C	0.2222	0.0769	0.2233	0.6523	0.1696	0.3832	0.3288	0.1478	0.1476
D	1.8576	0.9028	1.0941	0.6547	0.7031	2.8279	0.6279	0.9425	2.7787
E	1.5116	1.0103	0.8974	0.4351	1.1641	1.2485	1.373	1.5197	1.3024
F	2.798	0.4744	0.9715	0.7319	0.8626	0.2068	2.3328	1.8624	1.0011
G	0.3799	1.4331	2.4171	0.9714	0.7097	0.4748	0.2977	0.3727	0.6988
H	1.2523	1.8955	0.7473	0.2665	1.3377	0.1204	2.4617	0.3635	0.8187
I	1.7274	0.5654	0.6675	1.9495	0.9296	1.4654	1.0358	1.668	3.533
K	0.2274	1.1563	0.362	0.1722	1.3703	0.1217	0.3794	0.9429	0.1488
L	0.9264	0.3739	0.4571	0.8718	0.7157	0.6156	0.451	0.9276	1.2001
M	0.8663	0.6172	0.664	0.8567	0.5572	0.3053	0.5015	1.5657	1.0398
N	0.6998	1.1284	0.7435	0.7896	0.5487	0.3946	1.3348	0.8797	0.9193
P	0.5977	0.2115	0.8734	0.1868	0.7628	1.7694	2.0463	0.9852	0.1436
Q	0.739	1.1424	0.6267	0.3072	1.265	0.2346	0.9414	0.9419	1.2582
R	0.1964	1.0842	0.595	0.1348	1.0851	0.0911	0.5856	0.7939	0.144
S	0.6143	1.1903	1.1476	1.4942	1.0042	0.8924	0.7335	0.5839	0.4779
T	0.4589	1.5682	0.8814	1.8733	1.2039	0.9837	0.8747	0.8527	0.5502
V	1.3588	0.7243	1.1723	2.296	1.6794	2.0959	1.1011	1.1451	1.731
W	3.1839	0.7712	0.6292	0.2419	0.571	0.0913	2.8654	0.7426	0.3569
Y	3.1701	1.4546	1.0726	0.235	0.862	0.1815	1.5975	2.587	0.7264

pepL	alpha	w_s
12	99.5307	0.083	0.1488	0	0.3949	0.3734
13	98.9575	0.0263	0.0764	0.2382	0.4675	0.1916
14	98.3294	0.0043	0.0259	0.161	0	0.4702	0.2977	0.0409
15	98.0139	0.0017	0.0096	0.0839	0.376	0.4093	0.0998	0.0197
16	98.2233	8e-04	0.0022	0.03	0.2337	0	0.5219	0.1563	0.0471	0.0079
17	98.735	8e-04	0.0019	0.0146	0.1152	0.4293	0.2806	0.114	0.0363	0.0072
18	99.2174	5e-04	0.0013	0.0066	0.0433	0.2908	0	0.3312	0.218	0.0767	0.0267	0.005
19	99.5133	0.001	0.0012	0.0074	0.029	0.145	0.2323	0.2918	0.1844	0.0762	0.0263	0.0055
20	99.691	0.001	0.0012	0.0048	0.0176	0.0704	0.1449	0	0.2809	0.2454	0.1596	0.0505	0.0192	0.0045
21	99.7886	0.0013	0.002	0.0054	0.0189	0.0569	0.1038	0.1383	0.2554	0.2215	0.1327	0.043	0.0166	0.0041
