Allele	DQA1_02_03__DQB1_05_46
Type	Standard
n_specificities	1
npep_u	1
npep_t	5000
spec_ids	1
L_core	9
L_N	0
L_C	0
CS_perL	1
pepL_lower	12
pepL_upper	21
n_diff_aa	20

PWM_norm.1	P1	P2	P3	P4	P5	P6	P7	P8	P9
A	0.9559	1.4105	0.6246	0.6001	0.7388	2.3056	1.0067	1.0476	1.2295
C	0.3855	0.072	0.1011	0.2535	0.2087	0.5361	0.1674	0.1337	0.0925
D	0.8618	1.0878	1.6314	0.3608	1.1037	1.4839	1.9639	1.0551	4.1138
E	1.0395	1.5662	0.3733	0.2623	1.2578	1.7632	1.1835	1.4778	4.0326
F	1.0434	0.8238	0.4906	6.1524	0.7345	0.4061	0.4614	0.9463	0.3362
G	0.6069	0.5663	0.3993	0.2381	0.8669	0.6204	0.3228	0.5223	0.7463
H	1.163	1.846	0.5296	2.1872	1.5071	0.3036	1.9035	0.5543	1.0705
I	1.7516	0.9825	0.4311	0.7372	1.0023	1.3399	0.9783	0.9357	0.4775
K	0.3592	0.7655	0.3562	0.2641	1.4202	0.2753	0.7937	1.6816	0.232
L	0.8153	0.7118	0.118	0.6551	0.7647	0.6496	0.4789	0.528	0.3568
M	1.1895	0.5262	0.2613	2.0945	0.6214	0.5595	0.446	0.9577	0.4234
N	0.7697	1.6941	0.3425	0.339	1.1607	0.5373	0.9321	0.7218	0.9004
P	1.04	0.0864	0.1579	0.1035	1.1941	1.5517	2.2139	1.1841	0.1884
Q	1.587	0.9617	0.7496	0.5301	1.2382	0.4822	1.6977	0.8432	1.1457
R	0.482	1.7044	0.1518	0.2339	1.0171	0.2476	0.5501	1.4994	0.1715
S	0.8743	1.1242	3.4888	0.2022	0.7356	0.984	0.8275	1.0693	0.9129
T	1.1654	1.2655	6.2603	0.252	1.0998	1.0019	0.8666	1.1951	0.608
V	1.9685	0.7195	0.3411	0.4652	1.2252	1.8641	1.3948	0.855	0.5034
W	1.2877	0.6261	0.3204	11.5171	0.3621	0.2501	0.5134	0.7912	0.1627
Y	1.1932	1.1437	0.3707	8.1058	1.1685	0.3789	0.8323	1.243	0.2155

pepL	alpha	w_s
12	99.5307	0.083	0.1488	0	0.3949	0.3734
13	98.9575	0.0263	0.0764	0.2382	0.4675	0.1916
14	98.3294	0.0043	0.0259	0.161	0	0.4702	0.2977	0.0409
15	98.0139	0.0017	0.0096	0.0839	0.376	0.4093	0.0998	0.0197
16	98.2233	8e-04	0.0022	0.03	0.2337	0	0.5219	0.1563	0.0471	0.0079
17	98.735	8e-04	0.0019	0.0146	0.1152	0.4293	0.2806	0.114	0.0363	0.0072
18	99.2174	5e-04	0.0013	0.0066	0.0433	0.2908	0	0.3312	0.218	0.0767	0.0267	0.005
19	99.5133	0.001	0.0012	0.0074	0.029	0.145	0.2323	0.2918	0.1844	0.0762	0.0263	0.0055
20	99.691	0.001	0.0012	0.0048	0.0176	0.0704	0.1449	0	0.2809	0.2454	0.1596	0.0505	0.0192	0.0045
21	99.7886	0.0013	0.002	0.0054	0.0189	0.0569	0.1038	0.1383	0.2554	0.2215	0.1327	0.043	0.0166	0.0041
