Allele	DQA1_02_01__DQB1_02_01
Type	Standard
n_specificities	1
npep_u	1
npep_t	5000
spec_ids	1
L_core	9
L_N	0
L_C	0
CS_perL	1
pepL_lower	12
pepL_upper	21
n_diff_aa	20

PWM_norm.1	P1	P2	P3	P4	P5	P6	P7	P8	P9
A	1.0922	1.4105	0.5303	1.0725	0.8406	1.997	0.8359	1.199	0.6514
C	0.1824	0.072	0.0862	0.8926	0.09	0.2827	0.1099	0.1078	0.1259
D	0.5487	1.0878	1.3623	3.2132	1.3552	1.4617	3.7327	0.8272	1.1573
E	0.7852	1.5662	0.255	1.814	2.1403	2.9439	3.4942	1.511	2.0506
F	1.5927	0.8238	0.5028	0.3899	0.974	0.216	0.4338	0.7012	1.611
G	0.4318	0.5663	0.3438	0.4414	1.0936	0.3409	0.7447	0.8009	0.2706
H	0.7273	1.846	0.2135	0.2181	0.9832	0.2181	0.7612	0.9492	0.44
I	1.8751	0.9825	0.2274	2.3845	0.7228	0.9107	0.6984	0.9272	2.0339
K	0.2553	0.7655	0.1934	0.0661	1.164	0.1141	0.2162	0.9709	0.1783
L	0.6567	0.7118	0.0682	1.3918	0.5205	0.5832	0.803	0.8989	1.875
M	1.0918	0.5262	0.2468	1.371	0.4949	0.3722	0.253	0.6277	3.176
N	0.1547	1.6941	0.2403	0.7043	1.1118	0.4146	1.214	0.8395	0.3725
P	2.3405	0.0864	0.0997	0.0518	0.6279	1.7378	0.7868	1.4679	0.115
Q	0.8479	0.9617	0.6268	1.3556	1.2492	0.5648	0.9711	1.0204	0.7907
R	0.4489	1.7044	0.0816	0.0668	0.9178	0.0873	0.2386	1.3689	0.4839
S	0.4982	1.1242	3.8593	0.3971	1.0058	0.8018	0.5272	0.805	0.5047
T	1.2038	1.2655	7.4212	0.8413	1.2705	0.9765	0.5213	0.8895	0.5838
V	2.4227	0.7195	0.2102	1.896	0.7472	2.3603	0.6912	0.9692	1.0619
W	1.9394	0.6261	0.1923	0.216	0.3914	0.0907	0.2439	0.5405	3.7766
Y	2.0153	1.1437	0.1979	0.1686	1.2733	0.1918	0.9899	1.3543	1.5084

pepL	alpha	w_s
12	99.5307	0.083	0.1488	0	0.3949	0.3734
13	98.9575	0.0263	0.0764	0.2382	0.4675	0.1916
14	98.3294	0.0043	0.0259	0.161	0	0.4702	0.2977	0.0409
15	98.0139	0.0017	0.0096	0.0839	0.376	0.4093	0.0998	0.0197
16	98.2233	8e-04	0.0022	0.03	0.2337	0	0.5219	0.1563	0.0471	0.0079
17	98.735	8e-04	0.0019	0.0146	0.1152	0.4293	0.2806	0.114	0.0363	0.0072
18	99.2174	5e-04	0.0013	0.0066	0.0433	0.2908	0	0.3312	0.218	0.0767	0.0267	0.005
19	99.5133	0.001	0.0012	0.0074	0.029	0.145	0.2323	0.2918	0.1844	0.0762	0.0263	0.0055
20	99.691	0.001	0.0012	0.0048	0.0176	0.0704	0.1449	0	0.2809	0.2454	0.1596	0.0505	0.0192	0.0045
21	99.7886	0.0013	0.002	0.0054	0.0189	0.0569	0.1038	0.1383	0.2554	0.2215	0.1327	0.043	0.0166	0.0041
