Allele	DQA1_02_03__DQB1_06_03
Type	Standard
n_specificities	1
npep_u	1
npep_t	5000
spec_ids	1
L_core	9
L_N	0
L_C	0
CS_perL	1
pepL_lower	12
pepL_upper	21
n_diff_aa	20

PWM_norm.1	P1	P2	P3	P4	P5	P6	P7	P8	P9
A	0.9858	1.913	0.9598	3.5538	1.4934	2.3072	0.8954	1.6177	3.1854
C	0.3708	0.0795	0.1663	0.8448	0.0979	0.3567	0.1977	0.1716	0.402
D	0.8051	0.9181	0.9906	0.4735	0.6298	1.597	0.8045	0.5142	1.2149
E	1.105	1.0439	0.5908	0.3126	0.9234	1.2683	0.8986	1.2261	0.554
F	1.1051	0.4548	0.3225	0.866	0.851	0.1964	0.9408	0.6187	0.1528
G	0.634	1.4745	0.5619	1.0808	0.6895	0.4385	0.2209	0.877	1.8059
H	1.3197	1.908	0.2686	0.6491	1.4923	0.1248	2.12	0.9366	0.6305
I	1.6526	0.5728	0.4203	1.1419	0.95	1.5525	1.0575	1.0367	0.5845
K	0.4118	1.1233	0.2842	0.2103	1.6653	0.1212	0.657	0.7525	0.2126
L	0.7315	0.3651	0.1234	0.5656	0.7423	0.7033	0.5337	0.5769	0.2638
M	1.0112	0.6358	0.212	0.7379	0.5643	0.4741	0.5771	0.545	0.3642
N	0.7826	1.1213	0.3731	0.7849	0.6937	0.4008	0.7275	0.9046	1.5259
P	1.0445	0.2225	0.2292	0.1738	0.7737	1.9417	2.8554	2.1045	0.2732
Q	1.5271	1.1633	0.3679	0.2957	1.0409	0.2683	1.2523	0.9468	0.8075
R	0.5109	1.0809	0.1642	0.1566	1.0919	0.0831	0.7712	0.9217	0.154
S	0.8435	1.1961	3.1705	1.7907	1.0679	0.9402	0.7952	1.0171	2.5866
T	1.2674	1.5275	6.8695	1.8462	1.0236	1.1072	1.168	1.2686	1.2135
V	1.8787	0.7243	0.422	1.8739	1.7323	2.8502	1.6474	1.0117	0.8769
W	1.3348	0.778	0.5608	0.3602	0.4628	0.0725	1.027	0.4964	0.1033
Y	1.3475	1.4189	0.2066	0.3096	0.7727	0.1792	0.9974	0.9943	0.1472

pepL	alpha	w_s
12	99.5307	0.083	0.1488	0	0.3949	0.3733
13	98.9574	0.0263	0.0764	0.2382	0.4675	0.1916
14	98.3293	0.0043	0.0259	0.161	0	0.4702	0.2976	0.0409
15	98.0138	0.0017	0.0096	0.0839	0.3761	0.4093	0.0998	0.0197
16	98.2233	8e-04	0.0022	0.03	0.2337	0	0.522	0.1562	0.0472	0.0079
17	98.7349	8e-04	0.0019	0.0146	0.1152	0.4294	0.2806	0.114	0.0362	0.0072
18	99.2174	5e-04	0.0013	0.0066	0.0433	0.2908	0	0.3312	0.218	0.0767	0.0267	0.005
19	99.5134	0.001	0.0012	0.0074	0.029	0.145	0.2323	0.2917	0.1843	0.0762	0.0263	0.0055
20	99.6911	0.001	0.0012	0.0048	0.0176	0.0704	0.1449	0	0.2809	0.2453	0.1596	0.0505	0.0192	0.0045
21	99.7886	0.0013	0.002	0.0054	0.0189	0.0569	0.1038	0.1384	0.2552	0.2215	0.1327	0.043	0.0166	0.0041
