Allele	DQA1_01_03__DQB1_06_14
Type	Standard
n_specificities	1
npep_u	1
npep_t	5000
spec_ids	1
L_core	9
L_N	0
L_C	0
CS_perL	1
pepL_lower	12
pepL_upper	21
n_diff_aa	20

PWM_norm.1	P1	P2	P3	P4	P5	P6	P7	P8	P9
A	0.9709	1.3092	0.9717	3.8192	1.4027	1.4263	0.9606	1.6689	3.5055
C	0.1551	0.2173	0.1749	0.6416	0.144	0.2499	0.2089	0.1831	0.5825
D	0.4195	0.6723	0.512	0.2356	0.7233	2.6092	0.8117	0.5241	1.1346
E	0.7261	1.0467	0.2438	0.1707	1.1001	0.8774	0.8448	1.1834	0.3903
F	0.5309	0.4446	0.2386	0.5903	0.7434	0.2825	0.9312	0.615	0.3334
G	0.3688	0.6772	0.8622	0.4429	0.5086	0.2553	0.2335	0.8962	2.209
H	0.7552	2.3114	0.3514	0.7236	1.7591	0.1554	2.2216	0.9551	0.3366
I	2.1248	0.7997	0.2453	1.6243	0.8658	2.5519	1.0024	1.05	0.6899
K	0.1694	1.3223	0.1745	0.1235	1.8996	0.1678	0.6363	0.709	0.1795
L	1.4783	0.5004	0.1145	0.4882	0.6278	1.6351	0.5595	0.5869	0.3749
M	0.8906	0.6127	0.1455	0.6522	0.4629	1.3689	0.6013	0.5488	0.5769
N	3.9275	1.2957	0.1996	0.4726	0.8663	0.6307	0.7785	0.9225	0.9657
P	0.1632	0.1267	0.2343	0.0723	0.3336	0.7399	2.7891	2.1311	0.2313
Q	1.657	1.3971	0.2491	0.1995	1.3333	0.3695	1.3074	0.9514	1.0284
R	0.1114	1.5742	0.0754	0.093	1.0758	0.1087	0.8237	0.8988	0.1621
S	1.5987	0.997	2.3572	1.8456	1.2219	0.4406	0.7946	0.9943	2.1159
T	0.9065	1.8421	9.6944	2.2235	1.1212	0.9229	1.0713	1.2563	1.083
V	1.5782	0.9968	0.1288	2.799	1.6402	2.9191	1.5809	1.0058	0.9202
W	0.2657	1.4582	0.1747	0.2504	0.4716	0.1526	1.1172	0.5043	0.136
Y	0.3011	1.1825	0.137	0.1995	0.6203	0.2441	1.0417	0.9807	0.2108

pepL	alpha	w_s
12	99.5307	0.083	0.1488	0	0.3949	0.3734
13	98.9575	0.0263	0.0764	0.2382	0.4675	0.1916
14	98.3294	0.0043	0.0259	0.161	0	0.4702	0.2977	0.0409
15	98.0139	0.0017	0.0096	0.0839	0.376	0.4093	0.0998	0.0197
16	98.2233	8e-04	0.0022	0.03	0.2337	0	0.5219	0.1563	0.0471	0.0079
17	98.735	8e-04	0.0019	0.0146	0.1152	0.4293	0.2806	0.114	0.0363	0.0072
18	99.2174	5e-04	0.0013	0.0066	0.0433	0.2908	0	0.3312	0.218	0.0767	0.0267	0.005
19	99.5133	0.001	0.0012	0.0074	0.029	0.145	0.2323	0.2918	0.1844	0.0762	0.0263	0.0055
20	99.691	0.001	0.0012	0.0048	0.0176	0.0704	0.1449	0	0.2809	0.2454	0.1596	0.0505	0.0192	0.0045
21	99.7886	0.0013	0.002	0.0054	0.0189	0.0569	0.1038	0.1383	0.2554	0.2215	0.1327	0.043	0.0166	0.0041
