Allele	DQA1_02_03__DQB1_06_217
Type	Standard
n_specificities	1
npep_u	1
npep_t	5000
spec_ids	1
L_core	9
L_N	0
L_C	0
CS_perL	1
pepL_lower	12
pepL_upper	21
n_diff_aa	20

PWM_norm.1	P1	P2	P3	P4	P5	P6	P7	P8	P9
A	0.7539	1.9443	1.0141	2.4763	1.3645	2.6395	0.9751	0.9303	0.8368
C	0.3274	0.0769	0.1293	0.7269	0.1696	0.4198	0.3288	0.1478	0.2723
D	0.5558	0.9028	0.9718	0.6128	0.7031	1.4749	0.6279	0.9425	2.6848
E	0.7093	1.0103	0.6061	0.504	1.1641	1.2974	1.373	1.5197	1.0132
F	2.9275	0.4744	0.326	0.8609	0.8626	0.2366	2.3328	1.8624	1.2556
G	0.3797	1.4331	0.566	0.9003	0.7097	0.4708	0.2977	0.3727	0.7039
H	1.5927	1.8955	0.2678	0.4524	1.3377	0.1448	2.4617	0.3635	0.7905
I	1.8691	0.5654	0.4104	1.8494	0.9296	1.3453	1.0358	1.668	3.2376
K	0.257	1.1563	0.2857	0.2013	1.3703	0.1435	0.3794	0.9429	0.2032
L	1.0803	0.3739	0.124	0.8276	0.7157	0.6775	0.451	0.9276	1.2737
M	1.548	0.6172	0.2089	0.8408	0.5572	0.3835	0.5015	1.5657	1.2508
N	0.721	1.1284	0.3672	0.835	0.5487	0.4048	1.3348	0.8797	0.94
P	0.5711	0.2115	0.2478	0.1598	0.7628	1.9649	2.0463	0.9852	0.1846
Q	1.2199	1.1424	0.3511	0.368	1.265	0.2826	0.9414	0.9419	0.97
R	0.3822	1.0842	0.1555	0.1638	1.0851	0.0982	0.5856	0.7939	0.1815
S	0.5046	1.1903	3.145	1.4876	1.0042	1.1037	0.7335	0.5839	0.4967
T	0.7279	1.5682	6.8611	2.0256	1.2039	0.9553	0.8747	0.8527	0.6287
V	1.4762	0.7243	0.417	2.3211	1.6794	2.4852	1.1011	1.1451	1.7527
W	2.8874	0.7712	0.514	0.3287	0.571	0.1046	2.8654	0.7426	0.6472
Y	4.1465	1.4546	0.2304	0.3036	0.862	0.1997	1.5975	2.587	0.9901

pepL	alpha	w_s
12	99.5307	0.083	0.1488	0	0.3949	0.3734
13	98.9575	0.0263	0.0764	0.2382	0.4675	0.1916
14	98.3294	0.0043	0.0259	0.161	0	0.4702	0.2977	0.0409
15	98.0139	0.0017	0.0096	0.0839	0.376	0.4093	0.0998	0.0197
16	98.2233	8e-04	0.0022	0.03	0.2337	0	0.5219	0.1563	0.0471	0.0079
17	98.735	8e-04	0.0019	0.0146	0.1152	0.4293	0.2806	0.114	0.0363	0.0072
18	99.2174	5e-04	0.0013	0.0066	0.0433	0.2908	0	0.3312	0.218	0.0767	0.0267	0.005
19	99.5133	0.001	0.0012	0.0074	0.029	0.145	0.2323	0.2918	0.1844	0.0762	0.0263	0.0055
20	99.691	0.001	0.0012	0.0048	0.0176	0.0704	0.1449	0	0.2809	0.2454	0.1596	0.0505	0.0192	0.0045
21	99.7886	0.0013	0.002	0.0054	0.0189	0.0569	0.1038	0.1383	0.2554	0.2215	0.1327	0.043	0.0166	0.0041
