Allele	DQA1_02_01__DQB1_05_47
Type	Standard
n_specificities	1
npep_u	1
npep_t	5000
spec_ids	1
L_core	9
L_N	0
L_C	0
CS_perL	1
pepL_lower	12
pepL_upper	21
n_diff_aa	20

PWM_norm.1	P1	P2	P3	P4	P5	P6	P7	P8	P9
A	0.9858	1.4116	0.7302	0.6164	0.714	2.0717	0.9672	1.0571	1.2559
C	0.3708	0.0625	0.1363	0.2517	0.1573	0.4579	0.2039	0.1218	0.081
D	0.8051	1.0885	1.4658	0.3858	1.0831	1.5274	1.8535	1.054	4.4582
E	1.105	1.5996	0.4416	0.2354	1.2179	1.6831	1.1479	1.5012	4.4931
F	1.1051	0.7955	0.5428	5.5887	0.78	0.4131	0.4501	0.8871	0.3155
G	0.634	0.5699	0.476	0.2765	0.8204	0.6118	0.3384	0.5347	0.6183
H	1.3197	1.8546	0.4703	2.4451	1.504	0.2911	2.012	0.5485	0.9968
I	1.6526	0.9489	0.455	0.7859	1.0095	1.5069	0.9764	0.9069	0.393
K	0.4118	0.7633	0.3657	0.2712	1.386	0.2394	0.8015	1.6684	0.1773
L	0.7315	0.6655	0.1304	0.6642	0.8124	0.6833	0.5164	0.5067	0.3217
M	1.0112	0.5484	0.2918	1.9371	0.5428	0.7041	0.4488	0.903	0.4202
N	0.7826	1.7189	0.3559	0.3914	1.1221	0.6046	0.9646	0.6928	0.6093
P	1.0445	0.0871	0.1817	0.1013	1.3294	1.4477	2.2267	1.2214	0.1182
Q	1.5271	0.9778	0.7494	0.5556	1.1863	0.4582	1.6773	0.7923	1.0628
R	0.5109	1.711	0.1634	0.264	1.0337	0.1926	0.5344	1.5084	0.1125
S	0.8435	1.1629	3.5573	0.2031	0.706	0.9282	0.8158	1.1318	0.888
T	1.2674	1.2644	5.763	0.2534	1.0824	1.1838	0.9158	1.205	0.6315
V	1.8787	0.7105	0.411	0.4594	1.313	2.1002	1.3903	0.8599	0.4148
W	1.3348	0.6149	0.4425	11.5979	0.2324	0.2066	0.6331	0.7996	0.0906
Y	1.3475	1.1165	0.3399	8.301	1.2087	0.3818	0.8063	1.2102	0.1845

pepL	alpha	w_s
12	99.5307	0.083	0.1488	0	0.3949	0.3733
13	98.9574	0.0263	0.0764	0.2382	0.4675	0.1916
14	98.3293	0.0043	0.0259	0.161	0	0.4702	0.2976	0.0409
15	98.0138	0.0017	0.0096	0.0839	0.3761	0.4093	0.0998	0.0197
16	98.2233	8e-04	0.0022	0.03	0.2337	0	0.522	0.1562	0.0472	0.0079
17	98.7349	8e-04	0.0019	0.0146	0.1152	0.4294	0.2806	0.114	0.0362	0.0072
18	99.2174	5e-04	0.0013	0.0066	0.0433	0.2908	0	0.3312	0.218	0.0767	0.0267	0.005
19	99.5134	0.001	0.0012	0.0074	0.029	0.145	0.2323	0.2917	0.1843	0.0762	0.0263	0.0055
20	99.6911	0.001	0.0012	0.0048	0.0176	0.0704	0.1449	0	0.2809	0.2453	0.1596	0.0505	0.0192	0.0045
21	99.7886	0.0013	0.002	0.0054	0.0189	0.0569	0.1038	0.1384	0.2552	0.2215	0.1327	0.043	0.0166	0.0041
