Allele	DQA1_03_03__DQB1_02_62
Type	Standard
n_specificities	1
npep_u	1
npep_t	5000
spec_ids	1
L_core	9
L_N	0
L_C	0
CS_perL	1
pepL_lower	12
pepL_upper	21
n_diff_aa	20

PWM_norm.1	P1	P2	P3	P4	P5	P6	P7	P8	P9
A	0.7851	1.4116	1.6328	0.9735	0.8342	1.9338	0.8467	1.2045	0.6696
C	0.1044	0.0625	0.2923	0.8174	0.0861	0.2516	0.1159	0.1096	0.0648
D	4.7162	1.0885	1.583	3.989	1.4003	1.9284	3.5585	0.8105	1.1515
E	2.1467	1.5996	0.5673	1.7357	2.2011	3.1308	3.4055	1.5575	3.2745
F	1.1686	0.7955	1.9867	0.3306	0.9515	0.2676	0.4355	0.6804	1.0671
G	0.3678	0.5699	1.6922	0.4048	1.1159	0.3259	0.7348	0.8137	0.3546
H	0.4744	1.8546	0.9236	0.1357	0.9501	0.246	0.7954	0.9832	0.4746
I	1.202	0.9489	0.6387	2.6045	0.7081	0.8796	0.7404	0.905	2.0607
K	0.2121	0.7633	0.4004	0.0493	1.1656	0.1224	0.2462	0.9584	0.1391
L	0.4507	0.6655	0.3628	1.365	0.4953	0.5391	0.7977	0.8973	1.5948
M	0.4305	0.5484	1.0537	1.2127	0.4713	0.4083	0.2793	0.6251	2.6547
N	0.2344	1.7189	0.7299	0.6608	1.1051	0.3243	1.2761	0.8107	0.3643
P	1.602	0.0871	0.4958	0.0525	0.6366	1.7721	0.8179	1.507	0.1
Q	0.4263	0.9778	1.1737	1.0805	1.2265	0.5543	1.0618	0.9881	0.9841
R	0.1841	1.711	0.3645	0.044	0.9259	0.0885	0.2516	1.3455	0.3938
S	0.6432	1.1629	1.7095	0.3758	1.0343	0.6526	0.5468	0.793	0.4935
T	0.4509	1.2644	1.4732	0.7478	1.2982	0.9856	0.5381	0.8986	0.4726
V	1.4915	0.7105	0.8023	1.9945	0.7055	2.0962	0.6879	0.96	1.0843
W	1.8626	0.6149	0.5602	0.1602	0.3273	0.0986	0.2585	0.5459	1.656
Y	1.2742	1.1165	1.3527	0.1106	1.1747	0.2394	0.9205	1.3694	1.2681

pepL	alpha	w_s
12	99.5307	0.083	0.1488	0	0.3949	0.3733
13	98.9574	0.0263	0.0764	0.2382	0.4675	0.1916
14	98.3293	0.0043	0.0259	0.161	0	0.4702	0.2976	0.0409
15	98.0138	0.0017	0.0096	0.0839	0.3761	0.4093	0.0998	0.0197
16	98.2233	8e-04	0.0022	0.03	0.2337	0	0.522	0.1562	0.0472	0.0079
17	98.7349	8e-04	0.0019	0.0146	0.1152	0.4294	0.2806	0.114	0.0362	0.0072
18	99.2174	5e-04	0.0013	0.0066	0.0433	0.2908	0	0.3312	0.218	0.0767	0.0267	0.005
19	99.5134	0.001	0.0012	0.0074	0.029	0.145	0.2323	0.2917	0.1843	0.0762	0.0263	0.0055
20	99.6911	0.001	0.0012	0.0048	0.0176	0.0704	0.1449	0	0.2809	0.2453	0.1596	0.0505	0.0192	0.0045
21	99.7886	0.0013	0.002	0.0054	0.0189	0.0569	0.1038	0.1384	0.2552	0.2215	0.1327	0.043	0.0166	0.0041
