Allele	DQA1_02_03__DQB1_06_103
Type	Standard
n_specificities	1
npep_u	1
npep_t	5000
spec_ids	1
L_core	9
L_N	0
L_C	0
CS_perL	1
pepL_lower	12
pepL_upper	21
n_diff_aa	20

PWM_norm.1	P1	P2	P3	P4	P5	P6	P7	P8	P9
A	0.9858	1.913	1.8985	4.434	1.5764	3.4393	1.82	1.6177	3.2684
C	0.3708	0.0795	0.2639	0.1536	0.087	0.5296	0.5521	0.1716	0.3707
D	0.8051	0.9181	0.7437	0.2321	0.6756	0.1302	0.6687	0.5142	0.412
E	1.105	1.0439	0.5058	0.0842	1.1648	0.2535	1.3818	1.2261	0.701
F	1.1051	0.4548	0.3861	0.484	0.4278	0.28	0.6253	0.6187	0.5932
G	0.634	1.4745	1.172	5.4169	0.5686	0.4073	0.7769	0.877	1.3985
H	1.3197	1.908	0.4824	0.2329	1.267	0.1042	1.7361	0.9366	0.605
I	1.6526	0.5728	0.4414	0.2032	0.9231	1.9281	0.9554	1.0367	0.8058
K	0.4118	1.1233	0.3541	0.1189	1.513	0.1112	0.5668	0.7525	0.4096
L	0.7315	0.3651	0.1707	0.0698	0.8431	0.6107	0.6225	0.5769	0.6125
M	1.0112	0.6358	0.2637	0.1047	0.4919	0.3639	0.7388	0.545	1.2959
N	0.7826	1.1213	0.5426	0.3596	0.7756	0.1211	1.7601	0.9046	0.6475
P	1.0445	0.2225	0.4375	0.0921	0.4935	2.2551	0.5471	2.1045	0.2024
Q	1.5271	1.1633	0.4525	0.0852	1.1114	0.1043	1.4947	0.9468	1.0682
R	0.5109	1.0809	0.4374	0.1146	1.1555	0.0615	1.0922	0.9217	0.8244
S	0.8435	1.1961	3.0544	2.0458	0.8605	0.9568	1.0864	1.0171	1.9164
T	1.2674	1.5275	4.2796	0.6393	1.034	1.2276	0.7624	1.2686	0.9028
V	1.8787	0.7243	0.4084	0.5099	2.2333	3.6579	1.1165	1.0117	1.0035
W	1.3348	0.778	0.5839	0.1421	0.3063	0.0604	0.8205	0.4964	0.2513
Y	1.3475	1.4189	0.4056	0.1061	0.8354	0.1839	0.7382	0.9943	0.4743

pepL	alpha	w_s
12	99.5307	0.083	0.1488	0	0.3949	0.3733
13	98.9574	0.0263	0.0764	0.2382	0.4675	0.1916
14	98.3293	0.0043	0.0259	0.161	0	0.4702	0.2976	0.0409
15	98.0138	0.0017	0.0096	0.0839	0.3761	0.4093	0.0998	0.0197
16	98.2233	8e-04	0.0022	0.03	0.2337	0	0.522	0.1562	0.0472	0.0079
17	98.7349	8e-04	0.0019	0.0146	0.1152	0.4294	0.2806	0.114	0.0362	0.0072
18	99.2174	5e-04	0.0013	0.0066	0.0433	0.2908	0	0.3312	0.218	0.0767	0.0267	0.005
19	99.5134	0.001	0.0012	0.0074	0.029	0.145	0.2323	0.2917	0.1843	0.0762	0.0263	0.0055
20	99.6911	0.001	0.0012	0.0048	0.0176	0.0704	0.1449	0	0.2809	0.2453	0.1596	0.0505	0.0192	0.0045
21	99.7886	0.0013	0.002	0.0054	0.0189	0.0569	0.1038	0.1384	0.2552	0.2215	0.1327	0.043	0.0166	0.0041
