Allele	DQA1_06_01__DQB1_05_163
Type	Standard
n_specificities	1
npep_u	1
npep_t	5000
spec_ids	1
L_core	9
L_N	0
L_C	0
CS_perL	1
pepL_lower	12
pepL_upper	21
n_diff_aa	20

PWM_norm.1	P1	P2	P3	P4	P5	P6	P7	P8	P9
A	1.1885	1.4116	0.7302	0.6164	0.714	2.0663	0.9672	0.9301	1.1535
C	0.3471	0.0625	0.1363	0.2517	0.1573	0.5011	0.2039	0.13	0.1963
D	0.4909	1.0885	1.4658	0.3858	1.0831	1.8322	1.8535	0.9238	2.4134
E	0.7873	1.5996	0.4416	0.2354	1.2179	1.5892	1.1479	1.5244	1.4877
F	1.5569	0.7955	0.5428	5.5887	0.78	0.3943	0.4501	1.7847	1.1355
G	0.4161	0.5699	0.476	0.2765	0.8204	0.6765	0.3384	0.3776	0.6975
H	0.804	1.8546	0.4703	2.4451	1.504	0.3269	2.012	0.3708	1.0338
I	2.6635	0.9489	0.455	0.7859	1.0095	1.3159	0.9764	1.6406	2.1506
K	0.2738	0.7633	0.3657	0.2712	1.386	0.2958	0.8015	0.9516	0.2292
L	1.0904	0.6655	0.1304	0.6642	0.8124	0.5992	0.5164	0.9065	1.11
M	1.549	0.5484	0.2918	1.9371	0.5428	0.661	0.4488	1.5028	1.1098
N	0.9219	1.7189	0.3559	0.3914	1.1221	0.7751	0.9646	0.8983	0.95
P	0.951	0.0871	0.1817	0.1013	1.3294	1.4148	2.2267	1.0259	0.1932
Q	0.8639	0.9778	0.7494	0.5556	1.1863	0.5029	1.6773	0.9465	1.7445
R	0.1864	1.711	0.1634	0.264	1.0337	0.2368	0.5344	0.8282	0.2059
S	0.7625	1.1629	3.5573	0.2031	0.706	0.9722	0.8158	0.6148	0.605
T	0.9418	1.2644	5.763	0.2534	1.0824	1.2486	0.9158	0.8825	0.6587
V	2.0313	0.7105	0.411	0.4594	1.313	1.852	1.3903	1.1408	1.4419
W	2.2017	0.6149	0.4425	11.5979	0.2324	0.2255	0.6331	0.7129	0.439
Y	1.6847	1.1165	0.3399	8.301	1.2087	0.3834	0.8063	2.5247	0.7202

pepL	alpha	w_s
12	99.5307	0.083	0.1488	0	0.3949	0.3733
13	98.9574	0.0263	0.0764	0.2382	0.4675	0.1916
14	98.3293	0.0043	0.0259	0.161	0	0.4702	0.2976	0.0409
15	98.0138	0.0017	0.0096	0.0839	0.3761	0.4093	0.0998	0.0197
16	98.2233	8e-04	0.0022	0.03	0.2337	0	0.522	0.1562	0.0472	0.0079
17	98.7349	8e-04	0.0019	0.0146	0.1152	0.4294	0.2806	0.114	0.0362	0.0072
18	99.2174	5e-04	0.0013	0.0066	0.0433	0.2908	0	0.3312	0.218	0.0767	0.0267	0.005
19	99.5134	0.001	0.0012	0.0074	0.029	0.145	0.2323	0.2917	0.1843	0.0762	0.0263	0.0055
20	99.6911	0.001	0.0012	0.0048	0.0176	0.0704	0.1449	0	0.2809	0.2453	0.1596	0.0505	0.0192	0.0045
21	99.7886	0.0013	0.002	0.0054	0.0189	0.0569	0.1038	0.1384	0.2552	0.2215	0.1327	0.043	0.0166	0.0041
