Allele	DQA1_03_01__DQB1_02_02
Type	Standard
n_specificities	1
npep_u	1
npep_t	5000
spec_ids	1
L_core	9
L_N	0
L_C	0
CS_perL	1
pepL_lower	12
pepL_upper	21
n_diff_aa	20

PWM_norm.1	P1	P2	P3	P4	P5	P6	P7	P8	P9
A	0.8315	1.4105	1.6212	1.0269	0.8406	2.1226	0.8359	1.199	0.6075
C	0.1103	0.072	0.2722	0.8262	0.09	0.2751	0.1099	0.1078	0.0932
D	4.6372	1.0878	1.626	3.628	1.3552	1.9708	3.7327	0.8272	1.3416
E	2.1242	1.5662	0.5279	1.7773	2.1403	3.061	3.4942	1.511	2.7685
F	1.1383	0.8238	1.9539	0.3271	0.974	0.2351	0.4338	0.7012	1.4376
G	0.3793	0.5663	1.7097	0.4239	1.0936	0.3557	0.7447	0.8009	0.3252
H	0.475	1.846	0.8188	0.148	0.9832	0.2345	0.7612	0.9492	0.5108
I	1.2032	0.9825	0.5735	2.5693	0.7228	0.8818	0.6984	0.9272	1.9823
K	0.2076	0.7655	0.3937	0.0561	1.164	0.1114	0.2162	0.9709	0.1814
L	0.4456	0.7118	0.3302	1.441	0.5205	0.4932	0.803	0.8989	1.6264
M	0.4479	0.5262	1.1393	1.3271	0.4949	0.3406	0.253	0.6277	2.7735
N	0.2289	1.6941	0.6495	0.6717	1.1118	0.3575	1.214	0.8395	0.3753
P	1.6916	0.0864	0.4921	0.0525	0.6279	1.7311	0.7868	1.4679	0.0974
Q	0.4406	0.9617	1.2151	1.1411	1.2492	0.5551	0.9711	1.0204	1.0231
R	0.1907	1.7044	0.3706	0.0566	0.9178	0.0904	0.2386	1.3689	0.4881
S	0.6349	1.1242	1.7676	0.3479	1.0058	0.6392	0.5272	0.805	0.4729
T	0.4729	1.2655	1.6838	0.7604	1.2705	1.0058	0.5213	0.8895	0.532
V	1.4065	0.7195	0.7742	1.9497	0.7472	2.0589	0.6912	0.9692	0.9805
W	1.9388	0.6261	0.4813	0.1664	0.3914	0.0876	0.2439	0.5405	2.4928
Y	1.271	1.1437	1.214	0.1306	1.2733	0.2055	0.9899	1.3543	1.3125

pepL	alpha	w_s
12	99.5307	0.083	0.1488	0	0.3949	0.3734
13	98.9575	0.0263	0.0764	0.2382	0.4675	0.1916
14	98.3294	0.0043	0.0259	0.161	0	0.4702	0.2977	0.0409
15	98.0139	0.0017	0.0096	0.0839	0.376	0.4093	0.0998	0.0197
16	98.2233	8e-04	0.0022	0.03	0.2337	0	0.5219	0.1563	0.0471	0.0079
17	98.735	8e-04	0.0019	0.0146	0.1152	0.4293	0.2806	0.114	0.0363	0.0072
18	99.2174	5e-04	0.0013	0.0066	0.0433	0.2908	0	0.3312	0.218	0.0767	0.0267	0.005
19	99.5133	0.001	0.0012	0.0074	0.029	0.145	0.2323	0.2918	0.1844	0.0762	0.0263	0.0055
20	99.691	0.001	0.0012	0.0048	0.0176	0.0704	0.1449	0	0.2809	0.2454	0.1596	0.0505	0.0192	0.0045
21	99.7886	0.0013	0.002	0.0054	0.0189	0.0569	0.1038	0.1383	0.2554	0.2215	0.1327	0.043	0.0166	0.0041
