Allele	DQA1_05_03__DQB1_03_08
Type	Standard
n_specificities	1
npep_u	1
npep_t	5000
spec_ids	1
L_core	9
L_N	0
L_C	0
CS_perL	1
pepL_lower	12
pepL_upper	21
n_diff_aa	20

PWM_norm.1	P1	P2	P3	P4	P5	P6	P7	P8	P9
A	1.2353	1.9443	2.3185	4.1833	1.8031	3.4185	2.0556	1.2938	0.9198
C	0.1529	0.0769	0.2233	0.7488	0.0971	0.4683	0.1438	0.0545	0.279
D	0.2005	0.9028	1.0941	0.498	0.6483	0.337	0.4101	1.2488	4.2835
E	0.4551	1.0103	0.8974	0.3006	0.8799	0.2921	1.0414	1.0539	3.2859
F	2.3143	0.4744	0.9715	0.7768	0.6338	0.1749	0.6549	1.3164	0.8475
G	0.1738	1.4331	2.4171	1.096	0.6301	0.5563	0.3662	0.7689	0.9715
H	0.3213	1.8955	0.7473	0.519	1.2876	0.1028	2.3331	0.6674	0.6685
I	2.9822	0.5654	0.6675	0.994	0.9887	1.8085	0.5835	1.3225	0.8929
K	0.1537	1.1563	0.362	0.22	1.5379	0.1256	0.7607	0.6807	0.1856
L	0.8466	0.3739	0.4571	0.5626	0.7824	0.5037	0.7609	1.2596	0.4788
M	1.2837	0.6172	0.664	0.822	0.5948	0.2893	0.4946	0.549	0.7725
N	0.0921	1.1284	0.7435	0.8676	0.6801	0.174	0.7691	0.7292	0.5496
P	2.7237	0.2115	0.8734	0.2008	0.8586	2.8382	0.326	1.5671	0.2776
Q	0.2449	1.1424	0.6267	0.2997	1.2134	0.1398	2.8524	0.9944	0.7198
R	0.1007	1.0842	0.595	0.1518	1.1411	0.0631	2.5671	1.1446	0.2084
S	0.2574	1.1903	1.1476	1.909	0.8691	1.0735	0.5865	0.4892	0.5754
T	0.5474	1.5682	0.8814	1.4065	1.1152	1.2207	0.4165	0.6353	0.7543
V	2.5377	0.7243	1.1723	1.5122	1.6819	2.8614	0.8565	0.8415	0.8543
W	3.832	0.7712	0.6292	0.3379	0.3102	0.0514	0.5894	0.6595	0.6384
Y	2.7999	1.4546	1.0726	0.289	0.7502	0.1319	1.3929	2.0722	1.1503

pepL	alpha	w_s
12	99.5307	0.083	0.1488	0	0.3949	0.3734
13	98.9575	0.0263	0.0764	0.2382	0.4675	0.1916
14	98.3294	0.0043	0.0259	0.161	0	0.4702	0.2977	0.0409
15	98.0139	0.0017	0.0096	0.0839	0.376	0.4093	0.0998	0.0197
16	98.2233	8e-04	0.0022	0.03	0.2337	0	0.5219	0.1563	0.0471	0.0079
17	98.735	8e-04	0.0019	0.0146	0.1152	0.4293	0.2806	0.114	0.0363	0.0072
18	99.2174	5e-04	0.0013	0.0066	0.0433	0.2908	0	0.3312	0.218	0.0767	0.0267	0.005
19	99.5133	0.001	0.0012	0.0074	0.029	0.145	0.2323	0.2918	0.1844	0.0762	0.0263	0.0055
20	99.691	0.001	0.0012	0.0048	0.0176	0.0704	0.1449	0	0.2809	0.2454	0.1596	0.0505	0.0192	0.0045
21	99.7886	0.0013	0.002	0.0054	0.0189	0.0569	0.1038	0.1383	0.2554	0.2215	0.1327	0.043	0.0166	0.0041
