Allele	DQA1_05_11__DQB1_06_49
Type	Standard
n_specificities	1
npep_u	1
npep_t	5000
spec_ids	1
L_core	9
L_N	0
L_C	0
CS_perL	1
pepL_lower	12
pepL_upper	21
n_diff_aa	20

PWM_norm.1	P1	P2	P3	P4	P5	P6	P7	P8	P9
A	1.1885	1.913	2.659	5.4774	1.7664	3.0352	1.9391	1.785	3.7686
C	0.3471	0.0795	0.2745	0.3626	0.0793	0.5018	0.1742	0.0674	0.7986
D	0.4909	0.9181	0.7773	0.2365	0.6529	0.125	0.4353	0.6086	0.5692
E	0.7873	1.0439	0.6487	0.1561	0.9393	0.2333	0.9553	0.8968	0.2411
F	1.5569	0.4548	0.9114	0.5326	0.5079	0.5814	0.6653	0.9309	0.2173
G	0.4161	1.4745	2.6598	1.8116	0.5888	0.4754	0.4216	1.1238	2.5902
H	0.804	1.908	0.8913	0.2462	1.3541	0.1375	2.2006	0.4744	0.2432
I	2.6635	0.5728	0.5954	0.6833	0.9418	2.2572	0.6613	1.0766	0.7149
K	0.2738	1.1233	0.38	0.1163	1.6277	0.1006	0.7823	0.8781	0.1006
L	1.0904	0.3651	0.415	0.287	0.8326	0.881	0.7947	0.7911	0.2581
M	1.549	0.6358	0.5902	0.4033	0.5088	0.6909	0.5486	0.4211	0.4261
N	0.9219	1.1213	0.8368	0.5047	0.8321	0.1536	0.9402	0.7952	0.736
P	0.951	0.2225	0.9096	0.0902	0.6428	2.0811	0.3897	2.0323	0.3193
Q	0.8639	1.1633	0.6953	0.1391	1.0362	0.1458	2.7733	0.6894	0.8126
R	0.1864	1.0809	0.7958	0.0824	1.2133	0.0593	2.4219	1.0822	0.0837
S	0.7625	1.1961	1.1894	2.2704	0.8757	0.7957	0.5951	1.0092	2.2817
T	0.9418	1.5275	0.5925	1.2527	0.9824	1.264	0.5092	1.1004	1.3481
V	2.0313	0.7243	0.9328	1.235	1.9363	3.357	0.8975	0.8232	1.0149
W	2.2017	0.778	0.5569	0.1401	0.3464	0.1124	0.7169	0.4045	0.1134
Y	1.6847	1.4189	1.3101	0.1149	0.7968	0.3317	1.1909	1.047	0.1642

pepL	alpha	w_s
12	99.5307	0.083	0.1488	0	0.3949	0.3733
13	98.9574	0.0263	0.0764	0.2382	0.4675	0.1916
14	98.3293	0.0043	0.0259	0.161	0	0.4702	0.2976	0.0409
15	98.0138	0.0017	0.0096	0.0839	0.3761	0.4093	0.0998	0.0197
16	98.2233	8e-04	0.0022	0.03	0.2337	0	0.522	0.1562	0.0472	0.0079
17	98.7349	8e-04	0.0019	0.0146	0.1152	0.4294	0.2806	0.114	0.0362	0.0072
18	99.2174	5e-04	0.0013	0.0066	0.0433	0.2908	0	0.3312	0.218	0.0767	0.0267	0.005
19	99.5134	0.001	0.0012	0.0074	0.029	0.145	0.2323	0.2917	0.1843	0.0762	0.0263	0.0055
20	99.6911	0.001	0.0012	0.0048	0.0176	0.0704	0.1449	0	0.2809	0.2453	0.1596	0.0505	0.0192	0.0045
21	99.7886	0.0013	0.002	0.0054	0.0189	0.0569	0.1038	0.1384	0.2552	0.2215	0.1327	0.043	0.0166	0.0041
