Allele	DQA1_01_04__DQB1_06_07
Type	Standard
n_specificities	1
npep_u	1
npep_t	5000
spec_ids	1
L_core	9
L_N	0
L_C	0
CS_perL	1
pepL_lower	12
pepL_upper	21
n_diff_aa	20

PWM_norm.1	P1	P2	P3	P4	P5	P6	P7	P8	P9
A	0.5837	1.3092	2.4352	2.1788	1.1541	0.4604	0.9751	1.6689	3.1535
C	0.2278	0.2173	0.2078	0.4287	0.2766	0.0763	0.3288	0.1831	0.3431
D	0.3606	0.6723	0.8934	0.2643	0.9908	14.8605	0.6279	0.5241	1.3183
E	0.6726	1.0467	0.6016	0.1521	1.6599	0.4242	1.373	1.1834	0.5576
F	3.0461	0.4446	0.687	0.4034	0.6944	0.0504	2.3328	0.615	0.2066
G	0.2321	0.6772	5.3762	0.393	0.4968	0.1242	0.2977	0.8962	2.1824
H	2.7132	2.3114	1.1684	0.1868	1.5419	0.0648	2.4617	0.9551	0.5703
I	1.977	0.7997	0.2213	3.396	0.8388	0.9947	1.0358	1.05	0.4999
K	0.2087	1.3223	0.2008	0.0835	1.4858	0.0887	0.3794	0.709	0.1901
L	1.6743	0.5004	0.3393	0.6845	0.5962	0.4453	0.451	0.5869	0.2359
M	1.2321	0.6127	0.4461	0.6486	0.4101	0.1844	0.5015	0.5488	0.3388
N	2.7323	1.2957	0.4901	0.3872	0.7738	0.3908	1.3348	0.9225	1.297
P	0.1122	0.1267	1.1794	0.0741	0.2553	0.2096	2.0463	2.1311	0.2455
Q	1.3978	1.3971	0.7566	0.1427	1.7418	0.0988	0.9414	0.9514	1.1455
R	0.2524	1.5742	0.2156	0.0642	0.9554	0.0537	0.5856	0.8988	0.1629
S	0.5326	0.997	0.8192	1.2802	1.1014	0.2022	0.7335	0.9943	2.5713
T	0.3894	1.8421	0.4639	2.3532	1.4319	0.3411	0.8747	1.2563	1.0184
V	1.0193	0.9968	0.2017	4.4346	1.339	0.6362	1.1011	1.0058	0.6564
W	1.4001	1.4582	0.1585	0.1582	0.4638	0.0339	2.8654	0.5043	0.0959
Y	2.853	1.1825	0.8516	0.1446	0.825	0.0537	1.5975	0.9807	0.1539

pepL	alpha	w_s
12	99.5307	0.083	0.1488	0	0.3949	0.3734
13	98.9575	0.0263	0.0764	0.2382	0.4675	0.1916
14	98.3294	0.0043	0.0259	0.161	0	0.4702	0.2977	0.0409
15	98.0139	0.0017	0.0096	0.0839	0.376	0.4093	0.0998	0.0197
16	98.2233	8e-04	0.0022	0.03	0.2337	0	0.5219	0.1563	0.0471	0.0079
17	98.735	8e-04	0.0019	0.0146	0.1152	0.4293	0.2806	0.114	0.0363	0.0072
18	99.2174	5e-04	0.0013	0.0066	0.0433	0.2908	0	0.3312	0.218	0.0767	0.0267	0.005
19	99.5133	0.001	0.0012	0.0074	0.029	0.145	0.2323	0.2918	0.1844	0.0762	0.0263	0.0055
20	99.691	0.001	0.0012	0.0048	0.0176	0.0704	0.1449	0	0.2809	0.2454	0.1596	0.0505	0.0192	0.0045
21	99.7886	0.0013	0.002	0.0054	0.0189	0.0569	0.1038	0.1383	0.2554	0.2215	0.1327	0.043	0.0166	0.0041
