Allele	DQA1_06_01__DQB1_04_01
Type	Standard
n_specificities	1
npep_u	1
npep_t	5000
spec_ids	1
L_core	9
L_N	0
L_C	0
CS_perL	1
pepL_lower	12
pepL_upper	21
n_diff_aa	20

PWM_norm.1	P1	P2	P3	P4	P5	P6	P7	P8	P9
A	1.2353	1.9443	0.6246	1.3476	1.1887	2.4713	1.3814	1.6689	2.6717
C	0.1529	0.0769	0.1011	1.0111	0.2042	0.6502	0.5094	0.1831	0.9193
D	0.2005	0.9028	1.6314	0.8801	0.8778	0.1983	0.6845	0.5241	0.6157
E	0.4551	1.0103	0.3733	0.772	1.0482	0.3286	1.3414	1.1834	0.3813
F	2.3143	0.4744	0.4906	2.1888	0.8094	0.7848	0.7971	0.615	0.3408
G	0.1738	1.4331	0.3993	0.8166	0.7129	0.5282	0.6301	0.8962	2.1654
H	0.3213	1.8955	0.5296	1.4582	1.2326	0.2321	2.3662	0.9551	0.5661
I	2.9822	0.5654	0.4311	1.3275	1.0548	2.1682	0.8575	1.05	1.0282
K	0.1537	1.1563	0.3562	0.6491	1.4307	0.1952	0.9292	0.709	0.3294
L	0.8466	0.3739	0.118	0.8267	0.8311	1.0303	0.8661	0.5869	0.4342
M	1.2837	0.6172	0.2613	1.8108	0.8306	1.2563	0.7436	0.5488	0.5937
N	0.0921	1.1284	0.3425	1.0566	0.9104	0.3614	1.4904	0.9225	1.2585
P	2.7237	0.2115	0.1579	0.3546	1.0463	1.6657	0.3798	2.1311	0.485
Q	0.2449	1.1424	0.7496	0.896	1.2346	0.321	1.8514	0.9514	0.6876
R	0.1007	1.0842	0.1518	0.4925	1.0464	0.1153	1.3578	0.8988	0.2636
S	0.2574	1.1903	3.4888	0.729	0.7997	0.8498	0.7281	0.9943	1.9781
T	0.5474	1.5682	6.2603	0.9335	1.179	1.1919	0.5799	1.2563	1.2568
V	2.5377	0.7243	0.3411	1.1857	1.2922	3.0895	0.9717	1.0058	1.3229
W	3.832	0.7712	0.3204	2.7791	0.4452	0.2731	1.0823	0.5043	0.2531
Y	2.7999	1.4546	0.3707	2.0329	1.0743	0.4984	1.2622	0.9807	0.3539

pepL	alpha	w_s
12	99.5307	0.083	0.1488	0	0.3949	0.3734
13	98.9575	0.0263	0.0764	0.2382	0.4675	0.1916
14	98.3294	0.0043	0.0259	0.161	0	0.4702	0.2977	0.0409
15	98.0139	0.0017	0.0096	0.0839	0.376	0.4093	0.0998	0.0197
16	98.2233	8e-04	0.0022	0.03	0.2337	0	0.5219	0.1563	0.0471	0.0079
17	98.735	8e-04	0.0019	0.0146	0.1152	0.4293	0.2806	0.114	0.0363	0.0072
18	99.2174	5e-04	0.0013	0.0066	0.0433	0.2908	0	0.3312	0.218	0.0767	0.0267	0.005
19	99.5133	0.001	0.0012	0.0074	0.029	0.145	0.2323	0.2918	0.1844	0.0762	0.0263	0.0055
20	99.691	0.001	0.0012	0.0048	0.0176	0.0704	0.1449	0	0.2809	0.2454	0.1596	0.0505	0.0192	0.0045
21	99.7886	0.0013	0.002	0.0054	0.0189	0.0569	0.1038	0.1383	0.2554	0.2215	0.1327	0.043	0.0166	0.0041
