Allele	DQA1_01_01__DQB1_03_09
Type	Standard
n_specificities	1
npep_u	1
npep_t	5000
spec_ids	1
L_core	9
L_N	0
L_C	0
CS_perL	1
pepL_lower	12
pepL_upper	21
n_diff_aa	20

PWM_norm.1	P1	P2	P3	P4	P5	P6	P7	P8	P9
A	0.8353	1.298	3.0519	5.1418	1.6306	1.8353	2.562	1.6177	2.4334
C	0.5046	0.2391	0.233	0.1476	0.1164	0.3219	0.2857	0.1716	0.485
D	1.155	0.7043	0.4813	0.1718	0.8551	2.6957	0.5294	0.5142	0.8551
E	1.1091	1.0247	0.396	0.051	1.3503	0.3868	1.2599	1.2261	0.5572
F	1.3272	0.4394	0.436	0.3655	0.3575	0.18	0.6522	0.6187	0.2352
G	0.5346	0.7132	5.6892	4.2819	0.4625	0.4042	0.7538	0.877	2.3062
H	1.109	2.3334	1.1681	0.1761	1.488	0.2119	1.1511	0.9366	0.9132
I	2.0129	0.7881	0.1485	0.3208	0.8725	2.9304	0.8783	1.0367	0.9468
K	0.4635	1.2925	0.1901	0.0999	1.6798	0.2971	0.4901	0.7525	0.3182
L	0.952	0.4882	0.2029	0.0678	0.712	1.1864	0.6397	0.5769	0.3003
M	1.2169	0.6284	0.235	0.1079	0.4078	0.6994	0.5506	0.545	0.377
N	1.3003	1.2965	0.5158	0.2789	0.861	0.4912	1.2535	0.9046	1.4104
P	0.74	0.1295	1.1935	0.0637	0.2441	1.1219	0.7261	2.1045	0.5243
Q	1.2627	1.4317	0.6375	0.0603	1.51	0.2491	1.5888	0.9468	1.0143
R	0.5003	1.539	0.3795	0.0854	1.0537	0.1572	1.0975	0.9217	0.2348
S	0.8498	1.0028	0.954	2.236	0.8683	0.6295	1.1577	1.0171	2.151
T	0.8552	1.8356	0.3505	0.7242	1.2624	1.3069	0.7006	1.2686	1.1015
V	1.6583	0.9647	0.1291	0.845	1.8139	2.5736	1.0814	1.0117	1.07
W	1.4963	1.6405	0.1102	0.103	0.2318	0.0882	0.6286	0.4964	0.1475
Y	1.2184	1.1971	0.708	0.0827	0.7184	0.1446	0.728	0.9943	0.272

pepL	alpha	w_s
12	99.5307	0.083	0.1488	0	0.3949	0.3733
13	98.9574	0.0263	0.0764	0.2382	0.4675	0.1916
14	98.3293	0.0043	0.0259	0.161	0	0.4702	0.2976	0.0409
15	98.0138	0.0017	0.0096	0.0839	0.3761	0.4093	0.0998	0.0197
16	98.2233	8e-04	0.0022	0.03	0.2337	0	0.522	0.1562	0.0472	0.0079
17	98.7349	8e-04	0.0019	0.0146	0.1152	0.4294	0.2806	0.114	0.0362	0.0072
18	99.2174	5e-04	0.0013	0.0066	0.0433	0.2908	0	0.3312	0.218	0.0767	0.0267	0.005
19	99.5134	0.001	0.0012	0.0074	0.029	0.145	0.2323	0.2917	0.1843	0.0762	0.0263	0.0055
20	99.6911	0.001	0.0012	0.0048	0.0176	0.0704	0.1449	0	0.2809	0.2453	0.1596	0.0505	0.0192	0.0045
21	99.7886	0.0013	0.002	0.0054	0.0189	0.0569	0.1038	0.1384	0.2552	0.2215	0.1327	0.043	0.0166	0.0041
