Allele	DQA1_05_05__DQB1_06_118
Type	Standard
n_specificities	1
npep_u	1
npep_t	5000
spec_ids	1
L_core	9
L_N	0
L_C	0
CS_perL	1
pepL_lower	12
pepL_upper	21
n_diff_aa	20

PWM_norm.1	P1	P2	P3	P4	P5	P6	P7	P8	P9
A	0.8517	1.913	2.2163	3.0205	1.5953	3.2863	2.1362	1.785	3.6192
C	0.25	0.0795	0.278	0.589	0.1331	0.4664	0.2784	0.0674	0.5613
D	0.239	0.9181	1.0586	0.6339	0.6714	0.3624	0.652	0.6086	0.7333
E	0.4664	1.0439	0.9032	0.3776	0.993	0.3007	1.7718	0.8968	0.3274
F	4.3687	0.4548	1.0487	0.6957	0.7154	0.1748	0.9125	0.9309	0.1732
G	0.1806	1.4745	2.2995	0.9449	0.7114	0.5286	0.7338	1.1238	2.5995
H	1.3691	1.908	0.7646	0.2235	1.2157	0.1049	1.267	0.4744	0.4005
I	2.5401	0.5728	0.7432	1.9033	0.9474	1.8323	0.8402	1.0766	0.6144
K	0.1722	1.1233	0.3937	0.122	1.3061	0.1228	0.5682	0.8781	0.1192
L	1.4061	0.3651	0.4773	0.7644	0.7823	0.5322	0.7095	0.7911	0.1662
M	1.8272	0.6358	0.7244	0.7465	0.5992	0.3185	0.4948	0.4211	0.255
N	0.6768	1.1213	0.8184	0.6725	0.6246	0.1551	1.2055	0.7952	0.9566
P	0.4535	0.2225	0.8711	0.1737	0.9189	2.8402	0.5476	2.0323	0.3719
Q	0.573	1.1633	0.6661	0.2617	1.3048	0.128	1.4868	0.6894	0.8432
R	0.1189	1.0809	0.6115	0.0877	0.9967	0.0652	0.9213	1.0822	0.084
S	0.3258	1.1961	1.0696	1.5845	0.8965	1.021	1.086	1.0092	2.4546
T	0.3602	1.5275	0.7597	1.9451	1.2402	1.2197	0.7028	1.1004	1.3274
V	1.2475	0.7243	1.3135	2.4695	1.6991	3.028	0.9454	0.8232	0.8384
W	3.6254	0.778	0.6427	0.1632	0.4826	0.0514	0.7124	0.4045	0.099
Y	5.2039	1.4189	1.1628	0.1698	0.8568	0.141	1.0466	1.047	0.1261

pepL	alpha	w_s
12	99.5307	0.083	0.1488	0	0.3949	0.3733
13	98.9574	0.0263	0.0764	0.2382	0.4675	0.1916
14	98.3293	0.0043	0.0259	0.161	0	0.4702	0.2976	0.0409
15	98.0138	0.0017	0.0096	0.0839	0.3761	0.4093	0.0998	0.0197
16	98.2233	8e-04	0.0022	0.03	0.2337	0	0.522	0.1562	0.0472	0.0079
17	98.7349	8e-04	0.0019	0.0146	0.1152	0.4294	0.2806	0.114	0.0362	0.0072
18	99.2174	5e-04	0.0013	0.0066	0.0433	0.2908	0	0.3312	0.218	0.0767	0.0267	0.005
19	99.5134	0.001	0.0012	0.0074	0.029	0.145	0.2323	0.2917	0.1843	0.0762	0.0263	0.0055
20	99.6911	0.001	0.0012	0.0048	0.0176	0.0704	0.1449	0	0.2809	0.2453	0.1596	0.0505	0.0192	0.0045
21	99.7886	0.0013	0.002	0.0054	0.0189	0.0569	0.1038	0.1384	0.2552	0.2215	0.1327	0.043	0.0166	0.0041
