Allele	DQA1_01_01__DQB1_06_275
Type	Standard
n_specificities	1
npep_u	1
npep_t	5000
spec_ids	1
L_core	9
L_N	0
L_C	0
CS_perL	1
pepL_lower	12
pepL_upper	21
n_diff_aa	20

PWM_norm.1	P1	P2	P3	P4	P5	P6	P7	P8	P9
A	0.5677	1.298	2.371	4.5018	1.9652	1.4881	1.9745	1.6177	3.6439
C	0.2444	0.2391	0.2143	0.5942	0.1113	0.2016	0.1431	0.1716	0.2027
D	0.3564	0.7043	0.8656	0.2229	0.7999	5.1511	0.3967	0.5142	0.7688
E	0.6781	1.0247	0.6507	0.114	1.0015	0.4083	1.007	1.2261	0.5285
F	3.0815	0.4394	0.7037	0.4604	0.3955	0.1286	0.7101	0.6187	0.1723
G	0.2377	0.7132	5.2601	0.4968	0.4862	0.3397	0.393	0.877	2.7946
H	2.6042	2.3334	1.2476	0.3491	1.3718	0.1568	2.2775	0.9366	0.5891
I	2.1111	0.7881	0.2329	1.4707	0.9555	2.753	0.5954	1.0367	0.3344
K	0.1865	1.2925	0.2143	0.1101	1.8545	0.2327	0.8337	0.7525	0.1601
L	1.7855	0.4882	0.3463	0.4023	0.7306	1.1347	0.7584	0.5769	0.1169
M	1.3945	0.6284	0.421	0.5468	0.5158	0.6055	0.4602	0.545	0.2587
N	2.5029	1.2965	0.5417	0.4706	1.1469	0.5298	0.7798	0.9046	0.7249
P	0.1265	0.1295	1.1687	0.0782	0.2953	0.8406	0.3485	2.1045	0.2942
Q	1.3505	1.4317	0.8355	0.1293	1.433	0.2487	2.8835	0.9468	1.6458
R	0.2416	1.539	0.2242	0.0686	1.1412	0.1122	2.5749	0.9217	0.1308
S	0.4614	1.0028	0.7953	1.9546	0.8495	0.5259	0.5713	1.0171	2.5994
T	0.4023	1.8356	0.4519	1.9656	1.1917	0.9758	0.4245	1.2686	0.8056
V	1.0103	0.9647	0.2234	2.7868	1.491	2.2332	0.8144	1.0117	0.435
W	1.3345	1.6405	0.1674	0.1547	0.2469	0.0639	0.7005	0.4964	0.0721
Y	2.8367	1.1971	0.9051	0.1479	0.5978	0.1087	1.433	0.9943	0.1195

pepL	alpha	w_s
12	99.5307	0.083	0.1488	0	0.3949	0.3733
13	98.9574	0.0263	0.0764	0.2382	0.4675	0.1916
14	98.3293	0.0043	0.0259	0.161	0	0.4702	0.2976	0.0409
15	98.0138	0.0017	0.0096	0.0839	0.3761	0.4093	0.0998	0.0197
16	98.2233	8e-04	0.0022	0.03	0.2337	0	0.522	0.1562	0.0472	0.0079
17	98.7349	8e-04	0.0019	0.0146	0.1152	0.4294	0.2806	0.114	0.0362	0.0072
18	99.2174	5e-04	0.0013	0.0066	0.0433	0.2908	0	0.3312	0.218	0.0767	0.0267	0.005
19	99.5134	0.001	0.0012	0.0074	0.029	0.145	0.2323	0.2917	0.1843	0.0762	0.0263	0.0055
20	99.6911	0.001	0.0012	0.0048	0.0176	0.0704	0.1449	0	0.2809	0.2453	0.1596	0.0505	0.0192	0.0045
21	99.7886	0.0013	0.002	0.0054	0.0189	0.0569	0.1038	0.1384	0.2552	0.2215	0.1327	0.043	0.0166	0.0041
