Allele	DQA1_01_03__DQB1_05_43
Type	Standard
n_specificities	1
npep_u	1
npep_t	5000
spec_ids	1
L_core	9
L_N	0
L_C	0
CS_perL	1
pepL_lower	12
pepL_upper	21
n_diff_aa	20

PWM_norm.1	P1	P2	P3	P4	P5	P6	P7	P8	P9
A	0.9954	0.856	0.7788	0.4327	0.5764	0.9641	0.9672	1.6177	3.8939
C	0.1631	0.1435	0.1285	0.1332	0.2597	0.238	0.2039	0.1716	0.1443
D	0.4258	0.6867	1.2452	0.2126	1.3237	6.6778	1.8535	0.5142	1.0189
E	0.7749	1.1989	0.2694	0.1356	1.3006	1.0579	1.1479	1.2261	0.9648
F	0.5258	0.4388	0.436	6.3027	0.6822	0.2309	0.4501	0.6187	0.1792
G	0.3853	0.5517	0.7555	0.1322	0.7553	0.3288	0.3384	0.877	1.6768
H	0.7496	1.7302	1.0712	2.5596	1.5964	0.2705	2.012	0.9366	0.7684
I	2.0746	0.688	0.3468	0.7872	1.0429	1.9465	0.9764	1.0367	0.2804
K	0.1686	1.5104	0.3287	0.1799	1.3531	0.3443	0.8015	0.7525	0.1668
L	1.4225	0.4847	0.1537	0.5528	0.808	0.9445	0.5164	0.5769	0.1471
M	0.9164	0.4621	0.2024	1.6041	0.5602	0.767	0.4488	0.545	0.3044
N	3.7773	0.8289	0.2789	0.2573	1.2588	0.6924	0.9646	0.9046	0.8363
P	0.1565	0.0897	0.2079	0.0417	1.1352	0.572	2.2267	2.1045	0.1851
Q	1.6606	1.6416	0.8185	0.4112	1.3193	0.3757	1.6773	0.9468	1.9235
R	0.1263	1.8719	0.1001	0.1711	0.9669	0.1884	0.5344	0.9217	0.1746
S	1.6147	1.0615	2.8517	0.1267	0.6706	0.4438	0.8158	1.0171	2.5364
T	0.9845	1.898	7.1004	0.2027	1.0779	0.8393	0.9158	1.2686	0.8226
V	1.5737	1.8549	0.1717	0.4332	1.2953	1.6102	1.3903	1.0117	0.3994
W	0.2593	0.4543	0.2164	13.6247	0.214	0.1778	0.6331	0.4964	0.0654
Y	0.3119	0.6586	0.3958	9.9169	1.392	0.2623	0.8063	0.9943	0.1206

pepL	alpha	w_s
12	99.5307	0.083	0.1488	0	0.3949	0.3733
13	98.9574	0.0263	0.0764	0.2382	0.4675	0.1916
14	98.3293	0.0043	0.0259	0.161	0	0.4702	0.2976	0.0409
15	98.0138	0.0017	0.0096	0.0839	0.3761	0.4093	0.0998	0.0197
16	98.2233	8e-04	0.0022	0.03	0.2337	0	0.522	0.1562	0.0472	0.0079
17	98.7349	8e-04	0.0019	0.0146	0.1152	0.4294	0.2806	0.114	0.0362	0.0072
18	99.2174	5e-04	0.0013	0.0066	0.0433	0.2908	0	0.3312	0.218	0.0767	0.0267	0.005
19	99.5134	0.001	0.0012	0.0074	0.029	0.145	0.2323	0.2917	0.1843	0.0762	0.0263	0.0055
20	99.6911	0.001	0.0012	0.0048	0.0176	0.0704	0.1449	0	0.2809	0.2453	0.1596	0.0505	0.0192	0.0045
21	99.7886	0.0013	0.002	0.0054	0.0189	0.0569	0.1038	0.1384	0.2552	0.2215	0.1327	0.043	0.0166	0.0041
