Allele	DQA1_06_01__DQB1_06_20
Type	Standard
n_specificities	1
npep_u	1
npep_t	5000
spec_ids	1
L_core	9
L_N	0
L_C	0
CS_perL	1
pepL_lower	12
pepL_upper	21
n_diff_aa	20

PWM_norm.1	P1	P2	P3	P4	P5	P6	P7	P8	P9
A	1.1885	1.913	0.9598	2.7787	1.8035	2.9249	1.9745	1.6177	3.6656
C	0.3471	0.0795	0.1663	1.2087	0.0904	0.4273	0.1431	0.1716	0.466
D	0.4909	0.9181	0.9906	0.4699	0.671	0.1824	0.3967	0.5142	0.606
E	0.7873	1.0439	0.5908	0.3695	0.8682	0.2874	1.007	1.2261	0.3872
F	1.5569	0.4548	0.3225	1.2499	0.6383	0.5729	0.7101	0.6187	0.266
G	0.4161	1.4745	0.5619	0.9823	0.658	0.5009	0.393	0.877	2.64
H	0.804	1.908	0.2686	0.9723	1.2291	0.1685	2.2775	0.9366	0.4094
I	2.6635	0.5728	0.4203	1.2775	1.0248	2.0998	0.5954	1.0367	0.5219
K	0.2738	1.1233	0.2842	0.2917	1.5282	0.1462	0.8337	0.7525	0.1765
L	1.0904	0.3651	0.1234	0.7052	0.8273	0.834	0.7584	0.5769	0.2333
M	1.549	0.6358	0.212	1.0504	0.5793	0.7327	0.4602	0.545	0.5253
N	0.9219	1.1213	0.3731	0.9487	0.7561	0.245	0.7798	0.9046	0.6682
P	0.951	0.2225	0.2292	0.338	0.814	1.9607	0.3485	2.1045	0.336
Q	0.8639	1.1633	0.3679	0.4069	1.1266	0.2102	2.8835	0.9468	1.2148
R	0.1864	1.0809	0.1642	0.2302	1.1381	0.0772	2.5749	0.9217	0.161
S	0.7625	1.1961	3.1705	1.5164	0.8534	0.9305	0.5713	1.0171	2.4115
T	0.9418	1.5275	6.8695	1.6683	1.1072	1.2835	0.4245	1.2686	0.9942
V	2.0313	0.7243	0.422	1.6766	1.6725	3.2761	0.8144	1.0117	0.7158
W	2.2017	0.778	0.5608	0.7872	0.3635	0.1454	0.7005	0.4964	0.1176
Y	1.6847	1.4189	0.2066	0.6443	0.7655	0.3562	1.433	0.9943	0.2063

pepL	alpha	w_s
12	99.5307	0.083	0.1488	0	0.3949	0.3733
13	98.9574	0.0263	0.0764	0.2382	0.4675	0.1916
14	98.3293	0.0043	0.0259	0.161	0	0.4702	0.2976	0.0409
15	98.0138	0.0017	0.0096	0.0839	0.3761	0.4093	0.0998	0.0197
16	98.2233	8e-04	0.0022	0.03	0.2337	0	0.522	0.1562	0.0472	0.0079
17	98.7349	8e-04	0.0019	0.0146	0.1152	0.4294	0.2806	0.114	0.0362	0.0072
18	99.2174	5e-04	0.0013	0.0066	0.0433	0.2908	0	0.3312	0.218	0.0767	0.0267	0.005
19	99.5134	0.001	0.0012	0.0074	0.029	0.145	0.2323	0.2917	0.1843	0.0762	0.0263	0.0055
20	99.6911	0.001	0.0012	0.0048	0.0176	0.0704	0.1449	0	0.2809	0.2453	0.1596	0.0505	0.0192	0.0045
21	99.7886	0.0013	0.002	0.0054	0.0189	0.0569	0.1038	0.1384	0.2552	0.2215	0.1327	0.043	0.0166	0.0041
