Allele	DQA1_05_03__DQB1_03_93
Type	Standard
n_specificities	1
npep_u	1
npep_t	5000
spec_ids	1
L_core	9
L_N	0
L_C	0
CS_perL	1
pepL_lower	12
pepL_upper	21
n_diff_aa	20

PWM_norm.1	P1	P2	P3	P4	P5	P6	P7	P8	P9
A	1.1922	1.913	3.2175	4.6465	1.5764	3.4327	2.562	1.785	2.5601
C	0.1372	0.0795	0.2686	0.106	0.087	0.5982	0.2857	0.0674	1.234
D	0.1631	0.9181	0.6212	0.1573	0.6756	0.1851	0.5294	0.6086	0.7077
E	0.3935	1.0439	0.4977	0.0543	1.1648	0.2494	1.2599	0.8968	0.2862
F	2.3087	0.4548	0.6801	0.3464	0.4278	0.1891	0.6522	0.9309	0.1906
G	0.1576	1.4745	3.1864	6.185	0.5686	0.4982	0.7538	1.1238	2.0874
H	0.2892	1.908	0.938	0.1259	1.267	0.1015	1.1511	0.4744	0.4802
I	3.2157	0.5728	0.3745	0.1401	0.9231	1.8611	0.8783	1.0766	1.3383
K	0.1467	1.1233	0.3346	0.0957	1.513	0.1079	0.4901	0.8781	0.1713
L	0.8856	0.3651	0.2811	0.0481	0.8431	0.5313	0.6397	0.7911	0.359
M	1.4597	0.6358	0.3894	0.08	0.4919	0.2824	0.5506	0.4211	0.3336
N	0.095	1.1213	0.7819	0.2584	0.7756	0.1196	1.2535	0.7952	1.4413
P	2.4256	0.2225	0.8851	0.077	0.4935	2.7602	0.7261	2.0323	0.5204
Q	0.2407	1.1633	0.6462	0.0566	1.1114	0.0987	1.5888	0.6894	0.5016
R	0.1058	1.0809	0.9543	0.0859	1.1555	0.0664	1.0975	1.0822	0.1156
S	0.237	1.1961	1.3635	1.9095	0.8605	0.9624	1.1577	1.0092	1.9427
T	0.509	1.5275	0.5406	0.411	1.034	1.3215	0.7006	1.1004	1.6543
V	2.6441	0.7243	0.5277	0.3304	2.2333	3.1678	1.0814	0.8232	1.6443
W	4.1428	0.778	0.374	0.0995	0.3063	0.0481	0.6286	0.4045	0.1581
Y	3.0483	1.4189	1.0843	0.0776	0.8354	0.1396	0.728	1.047	0.2119

pepL	alpha	w_s
12	99.5307	0.083	0.1488	0	0.3949	0.3733
13	98.9574	0.0263	0.0764	0.2382	0.4675	0.1916
14	98.3293	0.0043	0.0259	0.161	0	0.4702	0.2976	0.0409
15	98.0138	0.0017	0.0096	0.0839	0.3761	0.4093	0.0998	0.0197
16	98.2233	8e-04	0.0022	0.03	0.2337	0	0.522	0.1562	0.0472	0.0079
17	98.7349	8e-04	0.0019	0.0146	0.1152	0.4294	0.2806	0.114	0.0362	0.0072
18	99.2174	5e-04	0.0013	0.0066	0.0433	0.2908	0	0.3312	0.218	0.0767	0.0267	0.005
19	99.5134	0.001	0.0012	0.0074	0.029	0.145	0.2323	0.2917	0.1843	0.0762	0.0263	0.0055
20	99.6911	0.001	0.0012	0.0048	0.0176	0.0704	0.1449	0	0.2809	0.2453	0.1596	0.0505	0.0192	0.0045
21	99.7886	0.0013	0.002	0.0054	0.0189	0.0569	0.1038	0.1384	0.2552	0.2215	0.1327	0.043	0.0166	0.0041
