Allele	DQA1_01_02__DQB1_02_80
Type	Standard
n_specificities	1
npep_u	1
npep_t	5000
spec_ids	1
L_core	9
L_N	0
L_C	0
CS_perL	1
pepL_lower	12
pepL_upper	21
n_diff_aa	20

PWM_norm.1	P1	P2	P3	P4	P5	P6	P7	P8	P9
A	1.0822	0.8879	1.7153	0.8881	0.8793	0.83	0.8359	1.199	0.6253
C	0.4216	0.1593	0.2528	0.635	0.1898	0.1087	0.1099	0.1078	0.1187
D	0.3959	0.6598	1.688	3.0205	1.5304	9.1933	3.7327	0.8272	1.2206
E	0.6012	1.2004	0.5668	1.5253	1.9395	1.5628	3.4942	1.511	1.9785
F	1.8881	0.4534	1.3875	0.3097	0.8272	0.1114	0.4338	0.7012	1.8812
G	0.3345	0.5241	3.3384	0.3005	0.8079	0.1841	0.7447	0.8009	0.3005
H	1.0558	1.7206	1.8894	0.1648	1.1164	0.2124	0.7612	0.9492	0.47
I	2.7831	0.7006	0.3623	3.4103	0.7974	1.167	0.6984	0.9272	2.0431
K	0.5619	1.5511	0.3021	0.0494	1.2708	0.1322	0.2162	0.9709	0.2088
L	1.3294	0.5257	0.3656	1.495	0.5197	0.6693	0.803	0.8989	1.7339
M	1.5971	0.4653	0.7664	1.2935	0.5208	0.4009	0.253	0.6277	3.0545
N	1.3451	0.8427	0.5687	0.5056	1.1242	0.6393	1.214	0.8395	0.3555
P	0.7912	0.0838	0.6693	0.0441	0.5083	0.4968	0.7868	1.4679	0.1196
Q	0.8366	1.5646	1.4852	1.0129	1.4849	0.4286	0.9711	1.0204	0.9562
R	0.3323	1.8592	0.1838	0.0452	0.9441	0.091	0.2386	1.3689	0.5463
S	0.6241	1.0305	1.2403	0.3097	1.0004	0.2971	0.5272	0.805	0.4485
T	0.7288	1.9048	0.8685	0.8319	1.3918	0.6883	0.5213	0.8895	0.553
V	1.7533	1.842	0.2695	2.6354	0.8175	1.3787	0.6912	0.9692	1.0502
W	1.6835	0.4249	0.2402	0.1683	0.3452	0.0627	0.2439	0.5405	3.5612
Y	1.6336	0.6904	1.4048	0.1354	1.1267	0.1138	0.9899	1.3543	1.6903

pepL	alpha	w_s
12	99.5307	0.083	0.1488	0	0.3949	0.3734
13	98.9575	0.0263	0.0764	0.2382	0.4675	0.1916
14	98.3294	0.0043	0.0259	0.161	0	0.4702	0.2977	0.0409
15	98.0139	0.0017	0.0096	0.0839	0.376	0.4093	0.0998	0.0197
16	98.2233	8e-04	0.0022	0.03	0.2337	0	0.5219	0.1563	0.0471	0.0079
17	98.735	8e-04	0.0019	0.0146	0.1152	0.4293	0.2806	0.114	0.0363	0.0072
18	99.2174	5e-04	0.0013	0.0066	0.0433	0.2908	0	0.3312	0.218	0.0767	0.0267	0.005
19	99.5133	0.001	0.0012	0.0074	0.029	0.145	0.2323	0.2918	0.1844	0.0762	0.0263	0.0055
20	99.691	0.001	0.0012	0.0048	0.0176	0.0704	0.1449	0	0.2809	0.2454	0.1596	0.0505	0.0192	0.0045
21	99.7886	0.0013	0.002	0.0054	0.0189	0.0569	0.1038	0.1383	0.2554	0.2215	0.1327	0.043	0.0166	0.0041
