Allele	DQA1_01_02__DQB1_06_02
Type	Standard
n_specificities	1
npep_u	1
npep_t	4438
spec_ids	1
L_core	9
L_N	0
L_C	0
CS_perL	1
pepL_lower	12
pepL_upper	21
n_diff_aa	20

PWM_norm.1	P1	P2	P3	P4	P5	P6	P7	P8	P9
A	1.6951	1.7302	2.7524	5.2363	2.468	2.2847	2.4464	2.3173	4.3725
C	0.0384	0.4707	0.0263	0.0769	0.0473	0.0336	0.0552	0.4309	0.0313
D	0.384	0.3134	0.4094	0.1204	0.7472	0.1673	0.288	0.5595	0.6371
E	0.7214	1.4217	0.5828	0.0804	1.0357	0.2597	1.074	1.1995	0.3747
F	0.2499	0.3914	0.8284	0.4201	0.2718	0.117	0.4829	0.5437	0.3589
G	0.3897	0.8508	5.0607	0.4631	0.4797	0.2098	0.3431	0.874	2.9269
H	0.2607	2.255	0.7407	0.2792	1.2098	0.0286	2.2393	0.4455	0.2573
I	1.6131	0.5589	0.1125	1.0327	0.8763	3.5392	0.5406	1.1814	0.2739
K	0.0348	1.2119	0.1049	0.0352	1.6828	0.0255	0.6814	0.6348	0.0657
L	1.3049	0.4985	0.2624	0.4141	0.683	2.1079	0.7503	0.6245	0.1741
M	0.8952	0.3537	0.3655	0.7442	0.5247	1.9393	0.3664	0.7105	0.5176
N	5.3242	0.9413	0.6481	0.7474	1.2297	0.2567	0.7018	0.366	0.3357
P	0.304	0.0716	1.684	0.0451	0.2283	1.0514	0.2938	2.1334	0.3272
Q	1.5459	1.0762	0.9282	0.0816	1.4688	0.3399	3.1308	1.3666	1.5362
R	0.0278	1.5722	0.2756	0.024	1.3216	0.0204	2.7182	1.0883	0.073
S	1.5886	1.1764	0.8872	2.2478	0.8168	0.2659	0.4922	0.8929	2.3968
T	0.7132	1.9961	0.5313	2.0197	1.1214	1.1408	0.2482	0.7368	0.6746
V	1.3053	0.7121	0.0986	2.1988	1.3369	3.5149	0.8853	0.6643	0.5093
W	0.5615	0.0602	0.0935	0.0202	0.0574	0.0206	0.7272	0.2202	0.0198
Y	0.2161	1.6747	0.8998	0.0488	0.6352	0.0493	1.1999	1.1863	0.1796

pepL	alpha	w_s
12	99.5307	0.083	0.1488	0	0.3949	0.3734
13	98.9575	0.0263	0.0764	0.2382	0.4675	0.1916
14	98.3294	0.0043	0.0259	0.161	0	0.4702	0.2977	0.0409
15	98.0139	0.0017	0.0096	0.0839	0.376	0.4093	0.0998	0.0197
16	98.2233	8e-04	0.0022	0.03	0.2337	0	0.5219	0.1563	0.0471	0.0079
17	98.735	8e-04	0.0019	0.0146	0.1152	0.4293	0.2806	0.114	0.0363	0.0072
18	99.2174	5e-04	0.0013	0.0066	0.0433	0.2908	0	0.3312	0.218	0.0767	0.0267	0.005
19	99.5133	0.001	0.0012	0.0074	0.029	0.145	0.2323	0.2918	0.1844	0.0762	0.0263	0.0055
20	99.691	0.001	0.0012	0.0048	0.0176	0.0704	0.1449	0	0.2809	0.2454	0.1596	0.0505	0.0192	0.0045
21	99.7886	0.0013	0.002	0.0054	0.0189	0.0569	0.1038	0.1383	0.2554	0.2215	0.1327	0.043	0.0166	0.0041
