Allele	DQA1_05_05__DQB1_06_18
Type	Standard
n_specificities	1
npep_u	1
npep_t	5000
spec_ids	1
L_core	9
L_N	0
L_C	0
CS_perL	1
pepL_lower	12
pepL_upper	21
n_diff_aa	20

PWM_norm.1	P1	P2	P3	P4	P5	P6	P7	P8	P9
A	1.1787	1.9443	2.3185	2.7441	1.5824	3.4185	2.1981	1.0673	1.225
C	0.3448	0.0769	0.2233	0.6523	0.1491	0.4683	0.2806	0.0424	0.5215
D	0.6228	0.9028	1.0941	0.6547	0.6692	0.337	0.6517	1.1006	2.0804
E	0.8444	1.0103	0.8974	0.4351	0.9783	0.2921	1.771	1.1656	0.7851
F	1.3449	0.4744	0.9715	0.7319	0.7346	0.1749	0.8684	2.4586	1.2341
G	0.4354	1.4331	2.4171	0.9714	0.6775	0.5563	0.6918	0.4117	1.1892
H	0.7341	1.8955	0.7473	0.2665	1.2102	0.1028	1.3034	0.2038	0.695
I	2.5631	0.5654	0.6675	1.9495	0.9783	1.8085	0.8269	1.9054	2.9407
K	0.2376	1.1563	0.362	0.1722	1.3283	0.1256	0.5187	0.748	0.1507
L	1.1524	0.3739	0.4571	0.8718	0.773	0.5037	0.6711	1.2151	0.9007
M	1.4373	0.6172	0.664	0.8567	0.5965	0.2893	0.4796	0.9448	1.1468
N	0.9188	1.1284	0.7435	0.7896	0.5962	0.174	1.1671	0.733	0.9208
P	0.9513	0.2115	0.8734	0.1868	0.9625	2.8382	0.4864	1.213	0.262
Q	0.9635	1.1424	0.6267	0.3072	1.2921	0.1398	1.5083	0.7888	0.9624
R	0.1522	1.0842	0.595	0.1348	1.032	0.0631	1.0397	0.7691	0.1641
S	0.901	1.1903	1.1476	1.4942	0.8865	1.0735	1.1219	0.4804	0.7138
T	0.9514	1.5682	0.8814	1.8733	1.2201	1.2207	0.6813	0.6992	0.9076
V	2.0886	0.7243	1.1723	2.296	1.7238	2.8614	0.9784	0.9937	1.826
W	1.7207	0.7712	0.6292	0.2419	0.4445	0.0514	0.6854	0.4573	0.5688
Y	1.25	1.4546	1.0726	0.235	0.8381	0.1319	1.0719	2.842	0.9917

pepL	alpha	w_s
12	99.5307	0.083	0.1488	0	0.3949	0.3734
13	98.9575	0.0263	0.0764	0.2382	0.4675	0.1916
14	98.3294	0.0043	0.0259	0.161	0	0.4702	0.2977	0.0409
15	98.0139	0.0017	0.0096	0.0839	0.376	0.4093	0.0998	0.0197
16	98.2233	8e-04	0.0022	0.03	0.2337	0	0.5219	0.1563	0.0471	0.0079
17	98.735	8e-04	0.0019	0.0146	0.1152	0.4293	0.2806	0.114	0.0363	0.0072
18	99.2174	5e-04	0.0013	0.0066	0.0433	0.2908	0	0.3312	0.218	0.0767	0.0267	0.005
19	99.5133	0.001	0.0012	0.0074	0.029	0.145	0.2323	0.2918	0.1844	0.0762	0.0263	0.0055
20	99.691	0.001	0.0012	0.0048	0.0176	0.0704	0.1449	0	0.2809	0.2454	0.1596	0.0505	0.0192	0.0045
21	99.7886	0.0013	0.002	0.0054	0.0189	0.0569	0.1038	0.1383	0.2554	0.2215	0.1327	0.043	0.0166	0.0041
