Allele	DQA1_03_02__DQB1_05_12
Type	Standard
n_specificities	1
npep_u	1
npep_t	5000
spec_ids	1
L_core	9
L_N	0
L_C	0
CS_perL	1
pepL_lower	12
pepL_upper	21
n_diff_aa	20

PWM_norm.1	P1	P2	P3	P4	P5	P6	P7	P8	P9
A	0.8435	1.3767	1.511	0.5113	0.7388	2.3243	1.0067	0.9303	1.0261
C	0.208	0.0893	0.2571	0.1821	0.2087	0.4915	0.1674	0.1478	0.1273
D	3.1453	1.2359	1.6374	0.3144	1.1037	2.4381	1.9639	0.9425	2.2509
E	2.048	1.5612	0.5639	0.2146	1.2578	1.7412	1.1835	1.5197	1.9103
F	0.962	0.786	1.3793	6.6139	0.7345	0.3698	0.4614	1.8624	1.0093
G	0.4965	0.5177	1.5854	0.2117	0.8669	0.6048	0.3228	0.3727	0.7143
H	0.6982	1.9099	1.7074	1.9136	1.5071	0.2439	1.9035	0.3635	1.1337
I	1.4708	1.1265	0.7927	0.6658	1.0023	1.4659	0.9783	1.668	2.4351
K	0.2764	0.7633	0.6196	0.279	1.4202	0.247	0.7937	0.9429	0.164
L	0.6554	0.7219	0.4233	0.6272	0.7647	0.6114	0.4789	0.9276	0.9651
M	0.605	0.5875	0.8714	2.0421	0.6214	0.4697	0.446	1.5657	1.0625
N	0.6281	1.4404	0.7955	0.3486	1.1607	0.4749	0.9321	0.8797	0.8585
P	1.0869	0.0648	0.5763	0.0841	1.1941	1.3695	2.2139	0.9852	0.163
Q	0.8245	1.0746	1.258	0.4823	1.2382	0.4102	1.6977	0.9419	2.0439
R	0.2311	1.6721	0.548	0.2375	1.0171	0.239	0.5501	0.7939	0.2016
S	0.9592	1.0785	1.3839	0.1619	0.7356	0.8418	0.8275	0.5839	0.5946
T	0.6002	1.0859	1.1886	0.2034	1.0998	1.0303	0.8666	0.8527	0.5652
V	1.6159	0.8464	0.8562	0.4027	1.2252	1.6956	1.3948	1.1451	1.3209
W	1.495	0.8899	0.6953	11.8436	0.3621	0.2394	0.5134	0.7426	0.3703
Y	0.8685	1.1144	1.7337	8.8983	1.1685	0.3526	0.8323	2.587	0.7337

pepL	alpha	w_s
12	99.5307	0.083	0.1488	0	0.3949	0.3734
13	98.9575	0.0263	0.0764	0.2382	0.4675	0.1916
14	98.3294	0.0043	0.0259	0.161	0	0.4702	0.2977	0.0409
15	98.0139	0.0017	0.0096	0.0839	0.376	0.4093	0.0998	0.0197
16	98.2233	8e-04	0.0022	0.03	0.2337	0	0.5219	0.1563	0.0471	0.0079
17	98.735	8e-04	0.0019	0.0146	0.1152	0.4293	0.2806	0.114	0.0363	0.0072
18	99.2174	5e-04	0.0013	0.0066	0.0433	0.2908	0	0.3312	0.218	0.0767	0.0267	0.005
19	99.5133	0.001	0.0012	0.0074	0.029	0.145	0.2323	0.2918	0.1844	0.0762	0.0263	0.0055
20	99.691	0.001	0.0012	0.0048	0.0176	0.0704	0.1449	0	0.2809	0.2454	0.1596	0.0505	0.0192	0.0045
21	99.7886	0.0013	0.002	0.0054	0.0189	0.0569	0.1038	0.1383	0.2554	0.2215	0.1327	0.043	0.0166	0.0041
