Allele	DQA1_05_03__DQB1_04_32
Type	Standard
n_specificities	1
npep_u	1
npep_t	5000
spec_ids	1
L_core	9
L_N	0
L_C	0
CS_perL	1
pepL_lower	12
pepL_upper	21
n_diff_aa	20

PWM_norm.1	P1	P2	P3	P4	P5	P6	P7	P8	P9
A	1.2353	1.9443	1.4673	1.5741	1.1887	2.8567	1.3814	1.7502	2.803
C	0.1529	0.0769	0.2748	0.8899	0.2042	0.7187	0.5094	0.0677	1.3518
D	0.2005	0.9028	1.6948	0.8309	0.8778	0.1279	0.6845	0.6451	0.5926
E	0.4551	1.0103	0.6021	0.6284	1.0482	0.2659	1.3414	0.8923	0.2267
F	2.3143	0.4744	1.3271	2.4153	0.8094	0.7753	0.7971	0.9392	0.3158
G	0.1738	1.4331	1.52	0.9286	0.7129	0.5305	0.6301	1.1006	2.2153
H	0.3213	1.8955	1.7034	1.2044	1.2326	0.187	2.3662	0.5207	0.3521
I	2.9822	0.5654	0.8274	1.2991	1.0548	2.2906	0.8575	1.1134	1.2144
K	0.1537	1.1563	0.6229	0.6373	1.4307	0.1416	0.9292	0.8715	0.1825
L	0.8466	0.3739	0.4281	0.844	0.8311	0.9313	0.8661	0.7928	0.4546
M	1.2837	0.6172	0.8333	2.008	0.8306	1.0449	0.7436	0.4283	0.5124
N	0.0921	1.1284	0.7676	1.007	0.9104	0.2062	1.4904	0.8171	1.1707
P	2.7237	0.2115	0.5859	0.3875	1.0463	1.9418	0.3798	2.022	0.4209
Q	0.2449	1.1424	1.2342	0.7687	1.2346	0.2519	1.8514	0.7119	0.4694
R	0.1007	1.0842	0.5089	0.4723	1.0464	0.0879	1.3578	1.0601	0.1406
S	0.2574	1.1903	1.4208	0.7452	0.7997	0.7701	0.7281	0.9619	1.8621
T	0.5474	1.5682	1.2819	0.8258	1.179	1.241	0.5799	1.1085	1.6018
V	2.5377	0.7243	0.8509	1.0979	1.2922	2.9638	0.9717	0.8549	1.5762
W	3.832	0.7712	0.6928	2.8632	0.4452	0.1993	1.0823	0.4204	0.2223
Y	2.7999	1.4546	1.6542	2.1287	1.0743	0.45	1.2622	1.0818	0.2707

pepL	alpha	w_s
12	99.5307	0.083	0.1488	0	0.3949	0.3734
13	98.9575	0.0263	0.0764	0.2382	0.4675	0.1916
14	98.3294	0.0043	0.0259	0.161	0	0.4702	0.2977	0.0409
15	98.0139	0.0017	0.0096	0.0839	0.376	0.4093	0.0998	0.0197
16	98.2233	8e-04	0.0022	0.03	0.2337	0	0.5219	0.1563	0.0471	0.0079
17	98.735	8e-04	0.0019	0.0146	0.1152	0.4293	0.2806	0.114	0.0363	0.0072
18	99.2174	5e-04	0.0013	0.0066	0.0433	0.2908	0	0.3312	0.218	0.0767	0.0267	0.005
19	99.5133	0.001	0.0012	0.0074	0.029	0.145	0.2323	0.2918	0.1844	0.0762	0.0263	0.0055
20	99.691	0.001	0.0012	0.0048	0.0176	0.0704	0.1449	0	0.2809	0.2454	0.1596	0.0505	0.0192	0.0045
21	99.7886	0.0013	0.002	0.0054	0.0189	0.0569	0.1038	0.1383	0.2554	0.2215	0.1327	0.043	0.0166	0.0041
