Allele	DQA1_01_02__DQB1_05_02
Type	Standard
n_specificities	1
npep_u	1
npep_t	1000
spec_ids	1
L_core	9
L_N	0
L_C	0
CS_perL	1
pepL_lower	12
pepL_upper	21
n_diff_aa	20

PWM_norm.1	P1	P2	P3	P4	P5	P6	P7	P8	P9
A	0.6472	0.7041	1.0881	0.407	0.4782	0.887	1.1487	1.0883	1.2443
C	0.1108	0.099	0.0872	0.0774	0.2154	0.0863	0.0933	0.0944	0.0812
D	0.3056	0.6534	2.1483	0.1796	1.4548	10.3023	1.7358	1.1938	4.2468
E	0.5925	1.2407	0.5837	0.0641	1.458	0.9025	1.564	1.4813	4.527
F	0.2472	0.2928	1.014	7.459	0.5046	0.1077	0.2624	0.9249	0.4182
G	0.3163	0.5929	2.4909	0.0876	0.8698	0.2631	0.2348	0.4441	0.5745
H	0.2177	2.1514	4.3023	2.442	1.6412	0.1072	1.4663	0.4684	1.1352
I	2.646	0.4949	0.5451	0.6294	0.9614	2.1419	0.8073	0.8234	0.3617
K	0.1286	1.5557	0.6395	0.097	1.3108	0.139	0.9525	1.819	0.2592
L	1.9689	0.5297	0.3871	0.477	0.5405	0.7585	0.4622	0.4146	0.2733
M	0.7877	0.4665	0.1656	0.67	0.4162	0.2506	0.2545	0.9186	0.3102
N	4.2711	0.5144	0.4619	0.1735	1.3398	0.232	0.8306	0.6087	0.4295
P	0.0541	0.0593	0.3606	0.0354	1.3557	0.1297	2.167	1.2002	0.0929
Q	1.763	1.4333	2.4935	0.3879	1.4073	0.2245	2.0726	0.6956	1.4567
R	0.1051	2.1021	0.1653	0.0776	0.8736	0.1045	0.467	1.6298	0.1227
S	1.408	1.1778	1.1259	0.0809	0.5706	0.4385	0.9133	1.2098	0.8084
T	1.226	1.5523	0.5353	0.1015	1.1585	0.8842	0.9744	1.2466	0.7941
V	1.4941	2.4107	0.1134	0.2391	1.4582	0.7659	1.1678	0.8122	0.3258
W	0.0792	0.1559	0.3262	14.6758	0.0871	0.2135	0.3761	0.8356	0.0738
Y	0.1241	0.3703	2.3838	11.1488	1.5135	0.0947	0.7988	1.1784	0.1831

pepL	alpha	w_s
12	99.5307	0.083	0.1488	0	0.3949	0.3734
13	98.9575	0.0263	0.0764	0.2382	0.4675	0.1916
14	98.3294	0.0043	0.0259	0.161	0	0.4702	0.2977	0.0409
15	98.0139	0.0017	0.0096	0.0839	0.376	0.4093	0.0998	0.0197
16	98.2233	8e-04	0.0022	0.03	0.2337	0	0.5219	0.1563	0.0471	0.0079
17	98.735	8e-04	0.0019	0.0146	0.1152	0.4293	0.2806	0.114	0.0363	0.0072
18	99.2174	5e-04	0.0013	0.0066	0.0433	0.2908	0	0.3312	0.218	0.0767	0.0267	0.005
19	99.5133	0.001	0.0012	0.0074	0.029	0.145	0.2323	0.2918	0.1844	0.0762	0.0263	0.0055
20	99.691	0.001	0.0012	0.0048	0.0176	0.0704	0.1449	0	0.2809	0.2454	0.1596	0.0505	0.0192	0.0045
21	99.7886	0.0013	0.002	0.0054	0.0189	0.0569	0.1038	0.1383	0.2554	0.2215	0.1327	0.043	0.0166	0.0041
