Allele	DQA1_05_07__DQB1_06_37
Type	Standard
n_specificities	1
npep_u	1
npep_t	5000
spec_ids	1
L_core	9
L_N	0
L_C	0
CS_perL	1
pepL_lower	12
pepL_upper	21
n_diff_aa	20

PWM_norm.1	P1	P2	P3	P4	P5	P6	P7	P8	P9
A	1.1885	1.913	2.2163	3.0205	1.5953	3.0795	2.1362	1.785	3.7686
C	0.3471	0.0795	0.278	0.589	0.1331	0.413	0.2784	0.0674	0.7986
D	0.4909	0.9181	1.0586	0.6339	0.6714	0.1213	0.652	0.6086	0.5692
E	0.7873	1.0439	0.9032	0.3776	0.993	0.2425	1.7718	0.8968	0.2411
F	1.5569	0.4548	1.0487	0.6957	0.7154	0.5654	0.9125	0.9309	0.2173
G	0.4161	1.4745	2.2995	0.9449	0.7114	0.4287	0.7338	1.1238	2.5902
H	0.804	1.908	0.7646	0.2235	1.2157	0.1406	1.267	0.4744	0.2432
I	2.6635	0.5728	0.7432	1.9033	0.9474	2.383	0.8402	1.0766	0.7149
K	0.2738	1.1233	0.3937	0.122	1.3061	0.1189	0.5682	0.8781	0.1006
L	1.0904	0.3651	0.4773	0.7644	0.7823	0.8846	0.7095	0.7911	0.2581
M	1.549	0.6358	0.7244	0.7465	0.5992	0.7324	0.4948	0.4211	0.4261
N	0.9219	1.1213	0.8184	0.6725	0.6246	0.1347	1.2055	0.7952	0.736
P	0.951	0.2225	0.8711	0.1737	0.9189	2.07	0.5476	2.0323	0.3193
Q	0.8639	1.1633	0.6661	0.2617	1.3048	0.1666	1.4868	0.6894	0.8126
R	0.1864	1.0809	0.6115	0.0877	0.9967	0.0583	0.9213	1.0822	0.0837
S	0.7625	1.1961	1.0696	1.5845	0.8965	0.7397	1.086	1.0092	2.2817
T	0.9418	1.5275	0.7597	1.9451	1.2402	1.2107	0.7028	1.1004	1.3481
V	2.0313	0.7243	1.3135	2.4695	1.6991	3.3959	0.9454	0.8232	1.0149
W	2.2017	0.778	0.6427	0.1632	0.4826	0.1185	0.7124	0.4045	0.1134
Y	1.6847	1.4189	1.1628	0.1698	0.8568	0.3221	1.0466	1.047	0.1642

pepL	alpha	w_s
12	99.5307	0.083	0.1488	0	0.3949	0.3733
13	98.9574	0.0263	0.0764	0.2382	0.4675	0.1916
14	98.3293	0.0043	0.0259	0.161	0	0.4702	0.2976	0.0409
15	98.0138	0.0017	0.0096	0.0839	0.3761	0.4093	0.0998	0.0197
16	98.2233	8e-04	0.0022	0.03	0.2337	0	0.522	0.1562	0.0472	0.0079
17	98.7349	8e-04	0.0019	0.0146	0.1152	0.4294	0.2806	0.114	0.0362	0.0072
18	99.2174	5e-04	0.0013	0.0066	0.0433	0.2908	0	0.3312	0.218	0.0767	0.0267	0.005
19	99.5134	0.001	0.0012	0.0074	0.029	0.145	0.2323	0.2917	0.1843	0.0762	0.0263	0.0055
20	99.6911	0.001	0.0012	0.0048	0.0176	0.0704	0.1449	0	0.2809	0.2453	0.1596	0.0505	0.0192	0.0045
21	99.7886	0.0013	0.002	0.0054	0.0189	0.0569	0.1038	0.1384	0.2552	0.2215	0.1327	0.043	0.0166	0.0041
