Allele	DQA1_01_01__DQB1_04_01
Type	Standard
n_specificities	1
npep_u	1
npep_t	5000
spec_ids	1
L_core	9
L_N	0
L_C	0
CS_perL	1
pepL_lower	12
pepL_upper	21
n_diff_aa	20

PWM_norm.1	P1	P2	P3	P4	P5	P6	P7	P8	P9
A	0.8353	1.298	1.2616	1.4831	1.0411	1.7669	1.3494	1.6177	2.5192
C	0.5046	0.2391	0.1817	0.6796	0.2849	0.2647	0.5698	0.1716	0.7252
D	1.155	0.7043	2.0457	0.5736	1.1057	0.4926	0.6854	0.5142	0.626
E	1.1091	1.0247	0.5603	0.4698	1.1563	0.328	1.2191	1.2261	0.4318
F	1.3272	0.4394	0.9473	2.1238	0.6071	0.4679	0.8174	0.6187	0.4826
G	0.5346	0.7132	2.4852	0.5827	0.6104	0.3043	0.692	0.877	2.2851
H	1.109	2.3334	4.3269	1.1627	1.3655	0.2761	2.3051	0.9366	0.7172
I	2.0129	0.7881	0.4577	2.2811	1.0637	3.4775	0.9322	1.0367	0.9604
K	0.4635	1.2925	0.5089	0.4637	1.5512	0.2768	0.925	0.7525	0.4064
L	0.952	0.4882	0.3769	0.8682	0.9016	1.9575	0.9078	0.5769	0.382
M	1.2169	0.6284	0.4356	1.7871	0.7485	2.2443	0.8771	0.545	0.8079
N	1.3003	1.2965	0.7008	0.7048	1.1692	0.3459	1.7159	0.9046	1.0515
P	0.74	0.1295	0.612	0.1863	0.6475	0.7665	0.4394	2.1045	0.4748
Q	1.2627	1.4317	2.0381	0.6811	1.3957	0.3995	1.8038	0.9468	1.1624
R	0.5003	1.539	0.227	0.315	1.0351	0.1458	1.1181	0.9217	0.3665
S	0.8498	1.0028	1.0453	0.7721	0.7707	0.3498	0.718	1.0171	1.9403
T	0.8552	1.8356	0.5632	1.2933	1.2014	1.1356	0.6046	1.2686	1.0571
V	1.6583	0.9647	0.2514	2.034	1.2837	3.0362	0.9895	1.0117	1.0114
W	1.4963	1.6405	0.2932	2.4293	0.3318	0.17	1.1842	0.4964	0.3386
Y	1.2184	1.1971	2.09	1.9938	1.057	0.2998	1.1707	0.9943	0.5107

pepL	alpha	w_s
12	99.5307	0.083	0.1488	0	0.3949	0.3733
13	98.9574	0.0263	0.0764	0.2382	0.4675	0.1916
14	98.3293	0.0043	0.0259	0.161	0	0.4702	0.2976	0.0409
15	98.0138	0.0017	0.0096	0.0839	0.3761	0.4093	0.0998	0.0197
16	98.2233	8e-04	0.0022	0.03	0.2337	0	0.522	0.1562	0.0472	0.0079
17	98.7349	8e-04	0.0019	0.0146	0.1152	0.4294	0.2806	0.114	0.0362	0.0072
18	99.2174	5e-04	0.0013	0.0066	0.0433	0.2908	0	0.3312	0.218	0.0767	0.0267	0.005
19	99.5134	0.001	0.0012	0.0074	0.029	0.145	0.2323	0.2917	0.1843	0.0762	0.0263	0.0055
20	99.6911	0.001	0.0012	0.0048	0.0176	0.0704	0.1449	0	0.2809	0.2453	0.1596	0.0505	0.0192	0.0045
21	99.7886	0.0013	0.002	0.0054	0.0189	0.0569	0.1038	0.1384	0.2552	0.2215	0.1327	0.043	0.0166	0.0041
