Allele	DQA1_01_14__DQB1_03_196
Type	Standard
n_specificities	1
npep_u	1
npep_t	5000
spec_ids	1
L_core	9
L_N	0
L_C	0
CS_perL	1
pepL_lower	12
pepL_upper	21
n_diff_aa	20

PWM_norm.1	P1	P2	P3	P4	P5	P6	P7	P8	P9
A	1.0822	1.3092	1.9208	4.5356	1.6481	1.9687	2.5198	1.6689	2.3943
C	0.4216	0.2173	0.2864	0.2004	0.1291	0.5405	0.2569	0.1831	0.4852
D	0.3959	0.6723	0.4608	0.1525	0.8718	1.3462	0.5516	0.5241	0.7685
E	0.6012	1.0467	0.271	0.0651	1.3892	0.4304	1.2622	1.1834	0.5614
F	1.8881	0.4446	0.3181	0.5159	0.3664	0.1923	0.6577	0.615	0.2434
G	0.3345	0.6772	1.9438	3.2272	0.4243	0.4573	0.7354	0.8962	2.3094
H	1.0558	2.3114	0.6533	0.3688	1.4655	0.2122	1.1971	0.9551	0.8613
I	2.7831	0.7997	0.2581	0.5248	0.8877	2.3718	0.8807	1.05	0.916
K	0.5619	1.3223	0.2438	0.138	1.6944	0.3449	0.4748	0.709	0.3149
L	1.3294	0.5004	0.1632	0.109	0.7188	1.168	0.6324	0.5869	0.3266
M	1.5971	0.6127	0.1779	0.1352	0.4085	0.9838	0.5414	0.5488	0.4057
N	1.3451	1.2957	0.3233	0.3689	0.9156	0.5547	1.2459	0.9225	1.4331
P	0.7912	0.1267	0.5404	0.0618	0.2206	1.357	0.7061	2.1311	0.4942
Q	0.8366	1.3971	0.3521	0.0804	1.5369	0.2418	1.5714	0.9514	1.0695
R	0.3323	1.5742	0.2205	0.1332	1.0618	0.1769	1.1245	0.8988	0.2477
S	0.6241	0.997	2.5032	2.422	0.8571	0.8406	1.185	0.9943	2.1787
T	0.7288	1.8421	5.7958	1.2505	1.2513	1.319	0.7419	1.2563	1.0682
V	1.7533	0.9968	0.1443	1.3367	1.751	2.9804	1.0813	1.0058	1.1053
W	1.6835	1.4582	0.1844	0.1984	0.2337	0.0966	0.594	0.5043	0.1476
Y	1.6336	1.1825	0.2606	0.1444	0.6619	0.1554	0.7492	0.9807	0.3028

pepL	alpha	w_s
12	99.5307	0.083	0.1488	0	0.3949	0.3734
13	98.9575	0.0263	0.0764	0.2382	0.4675	0.1916
14	98.3294	0.0043	0.0259	0.161	0	0.4702	0.2977	0.0409
15	98.0139	0.0017	0.0096	0.0839	0.376	0.4093	0.0998	0.0197
16	98.2233	8e-04	0.0022	0.03	0.2337	0	0.5219	0.1563	0.0471	0.0079
17	98.735	8e-04	0.0019	0.0146	0.1152	0.4293	0.2806	0.114	0.0363	0.0072
18	99.2174	5e-04	0.0013	0.0066	0.0433	0.2908	0	0.3312	0.218	0.0767	0.0267	0.005
19	99.5133	0.001	0.0012	0.0074	0.029	0.145	0.2323	0.2918	0.1844	0.0762	0.0263	0.0055
20	99.691	0.001	0.0012	0.0048	0.0176	0.0704	0.1449	0	0.2809	0.2454	0.1596	0.0505	0.0192	0.0045
21	99.7886	0.0013	0.002	0.0054	0.0189	0.0569	0.1038	0.1383	0.2554	0.2215	0.1327	0.043	0.0166	0.0041
