Allele	DQA1_05_09__DQB1_03_98
Type	Standard
n_specificities	1
npep_u	1
npep_t	5000
spec_ids	1
L_core	9
L_N	0
L_C	0
CS_perL	1
pepL_lower	12
pepL_upper	21
n_diff_aa	20

PWM_norm.1	P1	P2	P3	P4	P5	P6	P7	P8	P9
A	1.2353	1.9443	2.3185	2.7441	1.5824	3.4185	2.1981	1.7502	2.5475
C	0.1529	0.0769	0.2233	0.6523	0.1491	0.4683	0.2806	0.0677	1.1051
D	0.2005	0.9028	1.0941	0.6547	0.6692	0.337	0.6517	0.6451	0.7345
E	0.4551	1.0103	0.8974	0.4351	0.9783	0.2921	1.771	0.8923	0.29
F	2.3143	0.4744	0.9715	0.7319	0.7346	0.1749	0.8684	0.9392	0.2049
G	0.1738	1.4331	2.4171	0.9714	0.6775	0.5563	0.6918	1.1006	2.166
H	0.3213	1.8955	0.7473	0.2665	1.2102	0.1028	1.3034	0.5207	0.4837
I	2.9822	0.5654	0.6675	1.9495	0.9783	1.8085	0.8269	1.1134	1.2314
K	0.1537	1.1563	0.362	0.1722	1.3283	0.1256	0.5187	0.8715	0.1715
L	0.8466	0.3739	0.4571	0.8718	0.773	0.5037	0.6711	0.7928	0.3751
M	1.2837	0.6172	0.664	0.8567	0.5965	0.2893	0.4796	0.4283	0.3425
N	0.0921	1.1284	0.7435	0.7896	0.5962	0.174	1.1671	0.8171	1.5475
P	2.7237	0.2115	0.8734	0.1868	0.9625	2.8382	0.4864	2.022	0.5164
Q	0.2449	1.1424	0.6267	0.3072	1.2921	0.1398	1.5083	0.7119	0.5113
R	0.1007	1.0842	0.595	0.1348	1.032	0.0631	1.0397	1.0601	0.1338
S	0.2574	1.1903	1.1476	1.4942	0.8865	1.0735	1.1219	0.9619	1.9305
T	0.5474	1.5682	0.8814	1.8733	1.2201	1.2207	0.6813	1.1085	1.6008
V	2.5377	0.7243	1.1723	2.296	1.7238	2.8614	0.9784	0.8549	1.6013
W	3.832	0.7712	0.6292	0.2419	0.4445	0.0514	0.6854	0.4204	0.1623
Y	2.7999	1.4546	1.0726	0.235	0.8381	0.1319	1.0719	1.0818	0.2372

pepL	alpha	w_s
12	99.5307	0.083	0.1488	0	0.3949	0.3734
13	98.9575	0.0263	0.0764	0.2382	0.4675	0.1916
14	98.3294	0.0043	0.0259	0.161	0	0.4702	0.2977	0.0409
15	98.0139	0.0017	0.0096	0.0839	0.376	0.4093	0.0998	0.0197
16	98.2233	8e-04	0.0022	0.03	0.2337	0	0.5219	0.1563	0.0471	0.0079
17	98.735	8e-04	0.0019	0.0146	0.1152	0.4293	0.2806	0.114	0.0363	0.0072
18	99.2174	5e-04	0.0013	0.0066	0.0433	0.2908	0	0.3312	0.218	0.0767	0.0267	0.005
19	99.5133	0.001	0.0012	0.0074	0.029	0.145	0.2323	0.2918	0.1844	0.0762	0.0263	0.0055
20	99.691	0.001	0.0012	0.0048	0.0176	0.0704	0.1449	0	0.2809	0.2454	0.1596	0.0505	0.0192	0.0045
21	99.7886	0.0013	0.002	0.0054	0.0189	0.0569	0.1038	0.1383	0.2554	0.2215	0.1327	0.043	0.0166	0.0041
