Allele	DQA1_03_03__DQB1_03_01
Type	Standard
n_specificities	1
npep_u	1
npep_t	3551
spec_ids	1
L_core	9
L_N	0
L_C	0
CS_perL	1
pepL_lower	12
pepL_upper	21
n_diff_aa	20

PWM_norm.1	P1	P2	P3	P4	P5	P6	P7	P8	P9
A	0.4372	2.0249	3.4201	4.5761	0.9474	2.7907	2.5234	1.2159	2.199
C	0.0263	0.0316	0.0349	0.0505	0.0323	0.116	0.0334	0.0698	0.176
D	6.1411	0.4642	0.7061	0.2291	0.4915	0.1467	0.6272	0.5038	0.3739
E	2.4311	1.321	0.3467	0.0261	0.9645	0.7188	1.5057	1.3121	0.3074
F	1.2191	0.2975	0.5717	0.7414	0.3381	0.0868	0.442	0.7666	0.0685
G	0.048	1.568	3.2268	6.6782	0.4149	0.2534	0.5475	1.1002	2.2161
H	0.1011	2.7877	0.9214	0.0414	1.7631	0.048	1.3135	0.7407	0.6756
I	1.1672	0.3242	0.2228	0.1579	0.6403	2.3615	0.5761	1.2762	1.9684
K	0.1963	1.4446	0.2179	0.0374	2.0957	0.0642	0.3464	0.4093	0.0501
L	0.3514	0.2181	0.2772	0.0331	0.5964	0.5212	0.5162	0.6403	0.482
M	0.3967	0.4327	0.1735	0.0588	0.2478	0.1045	0.2909	0.4757	0.2813
N	0.0671	1.4182	1.107	0.0986	0.7501	0.0544	1.4592	0.9496	1.7288
P	1.7539	0.1586	0.6868	0.0201	0.2524	2.5517	0.678	2.6292	0.3312
Q	0.287	0.8793	0.827	0.0371	1.3267	0.0993	1.971	0.6826	0.8812
R	0.0834	1.0921	0.8387	0.1228	1.8518	0.027	1.1609	0.8389	0.1271
S	0.4007	1.2762	1.7088	1.7489	0.9247	1.0127	1.4732	0.7754	2.4873
T	0.2899	1.7806	0.6978	0.2269	0.9984	1.4619	0.7431	1.5113	1.0492
V	1.47	0.3583	0.1525	0.2678	3.0519	3.7939	1.0167	1.1679	1.5763
W	3.0548	0.7231	0.4309	0.1819	0.161	0.0225	0.2054	0.0263	0.0241
Y	1.3816	1.1017	1.1176	0.0649	0.541	0.0679	0.5601	1.0054	0.13

pepL	alpha	w_s
12	99.5307	0.083	0.1488	0	0.3949	0.3733
13	98.9574	0.0263	0.0764	0.2382	0.4675	0.1916
14	98.3293	0.0043	0.0259	0.161	0	0.4702	0.2976	0.0409
15	98.0138	0.0017	0.0096	0.0839	0.3761	0.4093	0.0998	0.0197
16	98.2233	8e-04	0.0022	0.03	0.2337	0	0.522	0.1562	0.0472	0.0079
17	98.7349	8e-04	0.0019	0.0146	0.1152	0.4294	0.2806	0.114	0.0362	0.0072
18	99.2174	5e-04	0.0013	0.0066	0.0433	0.2908	0	0.3312	0.218	0.0767	0.0267	0.005
19	99.5134	0.001	0.0012	0.0074	0.029	0.145	0.2323	0.2917	0.1843	0.0762	0.0263	0.0055
20	99.6911	0.001	0.0012	0.0048	0.0176	0.0704	0.1449	0	0.2809	0.2453	0.1596	0.0505	0.0192	0.0045
21	99.7886	0.0013	0.002	0.0054	0.0189	0.0569	0.1038	0.1384	0.2552	0.2215	0.1327	0.043	0.0166	0.0041
