Allele	DQA1_04_02__DQB1_05_47
Type	Standard
n_specificities	1
npep_u	1
npep_t	5000
spec_ids	1
L_core	9
L_N	0
L_C	0
CS_perL	1
pepL_lower	12
pepL_upper	21
n_diff_aa	20

PWM_norm.1	P1	P2	P3	P4	P5	P6	P7	P8	P9
A	1.1885	1.4116	1.496	0.5883	0.714	2.1835	0.9672	1.0571	1.2559
C	0.3471	0.0625	0.261	0.2217	0.1573	0.4941	0.2039	0.1218	0.081
D	0.4909	1.0885	1.5137	0.3484	1.0831	2.7283	1.8535	1.054	4.4582
E	0.7873	1.5996	0.6548	0.1802	1.2179	1.4804	1.1479	1.5012	4.4931
F	1.5569	0.7955	1.4303	5.9975	0.78	0.3464	0.4501	0.8871	0.3155
G	0.4161	0.5699	1.6083	0.2769	0.8204	0.6771	0.3384	0.5347	0.6183
H	0.804	1.8546	1.6075	2.1584	1.504	0.2928	2.012	0.5485	0.9968
I	2.6635	0.9489	0.8211	0.617	1.0095	1.4037	0.9764	0.9069	0.393
K	0.2738	0.7633	0.6085	0.2404	1.386	0.2624	0.8015	1.6684	0.1773
L	1.0904	0.6655	0.4237	0.5966	0.8124	0.5464	0.5164	0.5067	0.3217
M	1.549	0.5484	0.7793	1.9046	0.5428	0.5102	0.4488	0.903	0.4202
N	0.9219	1.7189	0.8632	0.3588	1.1221	0.6898	0.9646	0.6928	0.6093
P	0.951	0.0871	0.6	0.1009	1.3294	1.2202	2.2267	1.2214	0.1182
Q	0.8639	0.9778	1.174	0.4891	1.1863	0.4376	1.6773	0.7923	1.0628
R	0.1864	1.711	0.535	0.221	1.0337	0.2025	0.5344	1.5084	0.1125
S	0.7625	1.1629	1.3597	0.176	0.706	0.9029	0.8158	1.1318	0.888
T	0.9418	1.2644	1.0242	0.182	1.0824	1.2816	0.9158	1.205	0.6315
V	2.0313	0.7105	0.9749	0.3387	1.313	1.7049	1.3903	0.8599	0.4148
W	2.2017	0.6149	0.8499	13.2772	0.2324	0.2056	0.6331	0.7996	0.0906
Y	1.6847	1.1165	1.8805	8.9688	1.2087	0.3582	0.8063	1.2102	0.1845

pepL	alpha	w_s
12	99.5307	0.083	0.1488	0	0.3949	0.3733
13	98.9574	0.0263	0.0764	0.2382	0.4675	0.1916
14	98.3293	0.0043	0.0259	0.161	0	0.4702	0.2976	0.0409
15	98.0138	0.0017	0.0096	0.0839	0.3761	0.4093	0.0998	0.0197
16	98.2233	8e-04	0.0022	0.03	0.2337	0	0.522	0.1562	0.0472	0.0079
17	98.7349	8e-04	0.0019	0.0146	0.1152	0.4294	0.2806	0.114	0.0362	0.0072
18	99.2174	5e-04	0.0013	0.0066	0.0433	0.2908	0	0.3312	0.218	0.0767	0.0267	0.005
19	99.5134	0.001	0.0012	0.0074	0.029	0.145	0.2323	0.2917	0.1843	0.0762	0.0263	0.0055
20	99.6911	0.001	0.0012	0.0048	0.0176	0.0704	0.1449	0	0.2809	0.2453	0.1596	0.0505	0.0192	0.0045
21	99.7886	0.0013	0.002	0.0054	0.0189	0.0569	0.1038	0.1384	0.2552	0.2215	0.1327	0.043	0.0166	0.0041
