Allele	DQA1_05_09__DQB1_05_43
Type	Standard
n_specificities	1
npep_u	1
npep_t	5000
spec_ids	1
L_core	9
L_N	0
L_C	0
CS_perL	1
pepL_lower	12
pepL_upper	21
n_diff_aa	20

PWM_norm.1	P1	P2	P3	P4	P5	P6	P7	P8	P9
A	1.1787	1.4105	1.4673	0.5558	0.7388	2.3243	1.0067	1.7502	3.3377
C	0.3448	0.072	0.2748	0.2043	0.2087	0.4915	0.1674	0.0677	0.5179
D	0.6228	1.0878	1.6948	0.2807	1.1037	2.4381	1.9639	0.6451	1.2144
E	0.8444	1.5662	0.6021	0.1856	1.2578	1.7412	1.1835	0.8923	0.5501
F	1.3449	0.8238	1.3271	6.6632	0.7345	0.3698	0.4614	0.9392	0.2527
G	0.4354	0.5663	1.52	0.2259	0.8669	0.6048	0.3228	1.1006	1.6714
H	0.7341	1.846	1.7034	2.0228	1.5071	0.2439	1.9035	0.5207	0.5953
I	2.5631	0.9825	0.8274	0.6147	1.0023	1.4659	0.9783	1.1134	0.6028
K	0.2376	0.7655	0.6229	0.2285	1.4202	0.247	0.7937	0.8715	0.1378
L	1.1524	0.7118	0.4281	0.5703	0.7647	0.6114	0.4789	0.7928	0.2952
M	1.4373	0.5262	0.8333	2.0005	0.6214	0.4697	0.446	0.4283	0.3724
N	0.9188	1.6941	0.7676	0.3258	1.1607	0.4749	0.9321	0.8171	1.5544
P	0.9513	0.0864	0.5859	0.1002	1.1941	1.3695	2.2139	2.022	0.2827
Q	0.9635	0.9617	1.2342	0.438	1.2382	0.4102	1.6977	0.7119	0.9445
R	0.1522	1.7044	0.5089	0.2002	1.0171	0.239	0.5501	1.0601	0.15
S	0.901	1.1242	1.4208	0.1764	0.7356	0.8418	0.8275	0.9619	2.3273
T	0.9514	1.2655	1.2819	0.1947	1.0998	1.0303	0.8666	1.1085	1.3008
V	2.0886	0.7195	0.8509	0.3703	1.2252	1.6956	1.3948	0.8549	0.9047
W	1.7207	0.6261	0.6928	12.8322	0.3621	0.2394	0.5134	0.4204	0.1236
Y	1.25	1.1437	1.6542	8.8776	1.1685	0.3526	0.8323	1.0818	0.176

pepL	alpha	w_s
12	99.5307	0.083	0.1488	0	0.3949	0.3734
13	98.9575	0.0263	0.0764	0.2382	0.4675	0.1916
14	98.3294	0.0043	0.0259	0.161	0	0.4702	0.2977	0.0409
15	98.0139	0.0017	0.0096	0.0839	0.376	0.4093	0.0998	0.0197
16	98.2233	8e-04	0.0022	0.03	0.2337	0	0.5219	0.1563	0.0471	0.0079
17	98.735	8e-04	0.0019	0.0146	0.1152	0.4293	0.2806	0.114	0.0363	0.0072
18	99.2174	5e-04	0.0013	0.0066	0.0433	0.2908	0	0.3312	0.218	0.0767	0.0267	0.005
19	99.5133	0.001	0.0012	0.0074	0.029	0.145	0.2323	0.2918	0.1844	0.0762	0.0263	0.0055
20	99.691	0.001	0.0012	0.0048	0.0176	0.0704	0.1449	0	0.2809	0.2454	0.1596	0.0505	0.0192	0.0045
21	99.7886	0.0013	0.002	0.0054	0.0189	0.0569	0.1038	0.1383	0.2554	0.2215	0.1327	0.043	0.0166	0.0041
