Allele	DQA1_01_01__DQB1_06_02
Type	Standard
n_specificities	1
npep_u	1
npep_t	319
spec_ids	1
L_core	9
L_N	0
L_C	0
CS_perL	1
pepL_lower	12
pepL_upper	21
n_diff_aa	20

PWM_norm.1	P1	P2	P3	P4	P5	P6	P7	P8	P9
A	0.9671	1.2718	2.1611	3.9694	1.0873	1.5997	1.4342	1.3925	3.2
C	0.4756	0.2376	1.2575	2.05	0.228	0.3021	0.1945	0.2303	1.18
D	0.7091	1.0878	0.3965	0.4446	0.8915	0.4897	0.353	0.7433	0.6917
E	0.8343	0.749	0.8706	0.2009	0.9531	0.4037	0.972	1.5669	0.2708
F	0.4744	0.4742	0.3479	0.2726	0.335	0.5254	1.1451	0.3925	0.2313
G	0.5496	0.914	5.3701	0.5152	0.3165	0.3928	0.2423	0.9895	2.932
H	1.0122	2.3706	1.1393	0.2043	1.8024	0.1764	3.1596	0.6415	0.2763
I	1.1867	0.6608	0.2604	1.0954	1.2908	3.6052	0.3322	1.3689	0.3086
K	0.3637	1.7291	0.3188	0.3097	2.6739	0.4869	0.6972	0.7232	0.3408
L	0.8073	0.6499	0.3677	0.3134	0.768	1.6476	0.6766	0.2961	0.2568
M	0.8397	1.0043	0.2384	0.364	0.4707	1.7726	0.4367	0.3049	0.2848
N	4.0931	0.9176	0.686	0.3993	0.8846	0.4291	0.8306	1.7584	0.784
P	0.4519	0.1432	1.7546	0.2327	0.3368	0.1957	0.1307	1.7616	0.2691
Q	1.4867	0.8391	0.516	0.1958	1.5717	0.214	2.9673	1.0599	2.7595
R	0.2612	0.5038	0.2041	0.2075	0.9951	0.1879	3.2714	0.6263	0.26
S	1.8383	1.1726	0.7101	1.7629	0.497	0.2774	0.5844	0.8452	1.8245
T	0.8753	2.3427	0.3114	2.1708	1.6121	1.3425	0.4339	1.8617	0.4636
V	1.7478	0.8329	0.2448	2.7611	1.7572	3.9553	0.3846	0.9475	0.5425
W	0.174	0.2308	0.1701	0.1696	0.3848	0.1902	0.2644	0.1814	0.5922
Y	0.2894	2.2361	0.4953	0.263	0.3055	0.3858	2.9095	0.9621	0.6848

pepL	alpha	w_s
12	99.5307	0.083	0.1488	0	0.3949	0.3734
13	98.9575	0.0263	0.0764	0.2382	0.4675	0.1916
14	98.3294	0.0043	0.0259	0.161	0	0.4702	0.2977	0.0409
15	98.0139	0.0017	0.0096	0.0839	0.376	0.4093	0.0998	0.0197
16	98.2233	8e-04	0.0022	0.03	0.2337	0	0.5219	0.1563	0.0471	0.0079
17	98.735	8e-04	0.0019	0.0146	0.1152	0.4293	0.2806	0.114	0.0363	0.0072
18	99.2174	5e-04	0.0013	0.0066	0.0433	0.2908	0	0.3312	0.218	0.0767	0.0267	0.005
19	99.5133	0.001	0.0012	0.0074	0.029	0.145	0.2323	0.2918	0.1844	0.0762	0.0263	0.0055
20	99.691	0.001	0.0012	0.0048	0.0176	0.0704	0.1449	0	0.2809	0.2454	0.1596	0.0505	0.0192	0.0045
21	99.7886	0.0013	0.002	0.0054	0.0189	0.0569	0.1038	0.1383	0.2554	0.2215	0.1327	0.043	0.0166	0.0041
