Allele	DQA1_01_19__DQB1_02_12
Type	Standard
n_specificities	1
npep_u	1
npep_t	5000
spec_ids	1
L_core	9
L_N	0
L_C	0
CS_perL	1
pepL_lower	12
pepL_upper	21
n_diff_aa	20

PWM_norm.1	P1	P2	P3	P4	P5	P6	P7	P8	P9
A	1.0238	0.856	1.72	0.8864	0.8874	0.8225	0.8467	1.2045	0.6406
C	0.4487	0.1435	0.2102	0.6352	0.1502	0.1058	0.1159	0.1096	0.1167
D	0.4599	0.6867	1.847	3.2377	1.3967	9.6543	3.5585	0.8105	1.1468
E	0.6902	1.1989	0.5911	1.2454	2.1169	1.3421	3.4055	1.5575	2.1816
F	1.6118	0.4388	1.3	0.3181	0.7936	0.1326	0.4355	0.6804	1.5901
G	0.385	0.5517	3.1854	0.2958	0.8779	0.1705	0.7348	0.8137	0.3345
H	0.8752	1.7302	1.9738	0.1135	1.1084	0.2014	0.7954	0.9832	0.4552
I	2.8089	0.688	0.3961	3.5748	0.7609	1.2698	0.7404	0.905	2.0848
K	0.449	1.5104	0.3184	0.0432	1.2783	0.1402	0.2462	0.9584	0.1861
L	1.2659	0.4847	0.3643	1.4529	0.5383	0.7632	0.7977	0.8973	1.8129
M	1.6189	0.4621	0.6476	1.2439	0.4719	0.4368	0.2793	0.6251	3.054
N	1.2991	0.8289	0.5888	0.4772	0.9816	0.4966	1.2761	0.8107	0.3642
P	0.7338	0.0897	0.5899	0.0384	0.4227	0.4605	0.8179	1.507	0.1124
Q	0.9526	1.6416	1.5775	0.8186	1.4563	0.3888	1.0618	0.9881	0.9378
R	0.289	1.8719	0.1815	0.0391	0.9274	0.0859	0.2516	1.3455	0.4828
S	0.7435	1.0615	1.2741	0.343	1.0509	0.2913	0.5468	0.793	0.4363
T	0.8013	1.898	0.9191	0.8712	1.3931	0.5839	0.5381	0.8986	0.5316
V	1.8856	1.8549	0.2699	2.9146	0.8452	1.3024	0.6879	0.96	1.0861
W	1.755	0.4543	0.2252	0.1336	0.3457	0.0647	0.2585	0.5459	3.0742
Y	1.466	0.6586	1.2876	0.1095	1.0535	0.1176	0.9205	1.3694	1.6418

pepL	alpha	w_s
12	99.5307	0.083	0.1488	0	0.3949	0.3733
13	98.9574	0.0263	0.0764	0.2382	0.4675	0.1916
14	98.3293	0.0043	0.0259	0.161	0	0.4702	0.2976	0.0409
15	98.0138	0.0017	0.0096	0.0839	0.3761	0.4093	0.0998	0.0197
16	98.2233	8e-04	0.0022	0.03	0.2337	0	0.522	0.1562	0.0472	0.0079
17	98.7349	8e-04	0.0019	0.0146	0.1152	0.4294	0.2806	0.114	0.0362	0.0072
18	99.2174	5e-04	0.0013	0.0066	0.0433	0.2908	0	0.3312	0.218	0.0767	0.0267	0.005
19	99.5134	0.001	0.0012	0.0074	0.029	0.145	0.2323	0.2917	0.1843	0.0762	0.0263	0.0055
20	99.6911	0.001	0.0012	0.0048	0.0176	0.0704	0.1449	0	0.2809	0.2453	0.1596	0.0505	0.0192	0.0045
21	99.7886	0.0013	0.002	0.0054	0.0189	0.0569	0.1038	0.1384	0.2552	0.2215	0.1327	0.043	0.0166	0.0041
