Allele	DQA1_01_10__DQB1_06_49
Type	Standard
n_specificities	1
npep_u	1
npep_t	5000
spec_ids	1
L_core	9
L_N	0
L_C	0
CS_perL	1
pepL_lower	12
pepL_upper	21
n_diff_aa	20

PWM_norm.1	P1	P2	P3	P4	P5	P6	P7	P8	P9
A	0.9954	1.298	1.4555	4.7531	1.9779	1.9505	1.9391	1.6177	3.8652
C	0.1631	0.2391	0.2463	0.4599	0.0884	0.2967	0.1742	0.1716	0.3045
D	0.4258	0.7043	0.432	0.1665	0.7413	0.4359	0.4353	0.5142	0.5741
E	0.7749	1.0247	0.256	0.1169	1.0111	0.3274	0.9553	1.2261	0.38
F	0.5258	0.4394	0.2759	0.3835	0.3603	0.4083	0.6653	0.6187	0.2516
G	0.3853	0.7132	1.3156	0.5745	0.4699	0.3239	0.4216	0.877	2.9819
H	0.7496	2.3334	0.4562	0.4687	1.4781	0.2136	2.2006	0.9366	0.3866
I	2.0746	0.7881	0.2662	1.3322	0.9201	3.0528	0.6613	1.0367	0.3812
K	0.1686	1.2925	0.2173	0.084	1.8766	0.1986	0.7823	0.7525	0.1462
L	1.4225	0.4882	0.1513	0.33	0.7598	1.6906	0.7947	0.5769	0.1634
M	0.9164	0.6284	0.1754	0.3926	0.4576	1.7003	0.5486	0.545	0.4387
N	3.7773	1.2965	0.3147	0.3504	1.0528	0.3761	0.9402	0.9046	0.5332
P	0.1565	0.1295	0.4168	0.0389	0.285	1.0197	0.3897	2.1045	0.2876
Q	1.6606	1.4317	0.3138	0.1333	1.3413	0.3179	2.7733	0.9468	1.7435
R	0.1263	1.539	0.15	0.0649	1.1843	0.1284	2.4219	0.9217	0.1379
S	1.6147	1.0028	2.3035	1.9493	0.826	0.4737	0.5951	1.0171	2.3719
T	0.9845	1.8356	7.9178	2.0219	1.089	1.2381	0.5092	1.2686	0.7784
V	1.5737	0.9647	0.1543	2.894	1.7067	3.4666	0.8975	1.0117	0.5032
W	0.2593	1.6405	0.2079	0.1278	0.2423	0.136	0.7169	0.4964	0.094
Y	0.3119	1.1971	0.2523	0.0988	0.6234	0.2714	1.1909	0.9943	0.1756

pepL	alpha	w_s
12	99.5307	0.083	0.1488	0	0.3949	0.3733
13	98.9574	0.0263	0.0764	0.2382	0.4675	0.1916
14	98.3293	0.0043	0.0259	0.161	0	0.4702	0.2976	0.0409
15	98.0138	0.0017	0.0096	0.0839	0.3761	0.4093	0.0998	0.0197
16	98.2233	8e-04	0.0022	0.03	0.2337	0	0.522	0.1562	0.0472	0.0079
17	98.7349	8e-04	0.0019	0.0146	0.1152	0.4294	0.2806	0.114	0.0362	0.0072
18	99.2174	5e-04	0.0013	0.0066	0.0433	0.2908	0	0.3312	0.218	0.0767	0.0267	0.005
19	99.5134	0.001	0.0012	0.0074	0.029	0.145	0.2323	0.2917	0.1843	0.0762	0.0263	0.0055
20	99.6911	0.001	0.0012	0.0048	0.0176	0.0704	0.1449	0	0.2809	0.2453	0.1596	0.0505	0.0192	0.0045
21	99.7886	0.0013	0.002	0.0054	0.0189	0.0569	0.1038	0.1384	0.2552	0.2215	0.1327	0.043	0.0166	0.0041
