Allele	DQA1_01_03__DQB1_06_107
Type	Standard
n_specificities	1
npep_u	1
npep_t	5000
spec_ids	1
L_core	9
L_N	0
L_C	0
CS_perL	1
pepL_lower	12
pepL_upper	21
n_diff_aa	20

PWM_norm.1	P1	P2	P3	P4	P5	P6	P7	P8	P9
A	0.9954	1.298	0.7446	2.8992	1.6826	1.8632	1.9745	1.6177	3.8652
C	0.1631	0.2391	0.1175	0.819	0.1424	0.2501	0.1431	0.1716	0.3045
D	0.4258	0.7043	0.8004	0.386	0.8848	0.4336	0.3967	0.5142	0.5741
E	0.7749	1.0247	0.2027	0.3097	0.9888	0.3194	1.007	1.2261	0.38
F	0.5258	0.4394	0.3456	0.8432	0.4698	0.4031	0.7101	0.6187	0.2516
G	0.3853	0.7132	0.6941	0.4838	0.5429	0.2735	0.393	0.877	2.9819
H	0.7496	2.3334	0.5181	0.6622	1.3308	0.2005	2.2775	0.9366	0.3866
I	2.0746	0.7881	0.2409	2.2431	1.0186	3.1486	0.5954	1.0367	0.3812
K	0.1686	1.2925	0.198	0.1977	1.7743	0.2134	0.8337	0.7525	0.1462
L	1.4225	0.4882	0.1117	0.8418	0.7462	1.8191	0.7584	0.5769	0.1634
M	0.9164	0.6284	0.1711	1.285	0.619	1.9505	0.4602	0.545	0.4387
N	3.7773	1.2965	0.1981	0.4922	1.3442	0.345	0.7798	0.9046	0.5332
P	0.1565	0.1295	0.1689	0.0753	0.3634	0.9531	0.3485	2.1045	0.2876
Q	1.6606	1.4317	0.4498	0.355	1.4607	0.3406	2.8835	0.9468	1.7435
R	0.1263	1.539	0.0739	0.1415	1.1566	0.1176	2.5749	0.9217	0.1379
S	1.6147	1.0028	2.5839	1.1933	0.851	0.4022	0.5713	1.0171	2.3719
T	0.9845	1.8356	9.34	1.8302	1.2172	1.0772	0.4245	1.2686	0.7784
V	1.5737	0.9647	0.1302	2.9245	1.3435	3.6048	0.8144	1.0117	0.5032
W	0.2593	1.6405	0.1777	0.4944	0.2385	0.133	0.7005	0.4964	0.094
Y	0.3119	1.1971	0.2205	0.48	0.6894	0.2627	1.433	0.9943	0.1756

pepL	alpha	w_s
12	99.5307	0.083	0.1488	0	0.3949	0.3733
13	98.9574	0.0263	0.0764	0.2382	0.4675	0.1916
14	98.3293	0.0043	0.0259	0.161	0	0.4702	0.2976	0.0409
15	98.0138	0.0017	0.0096	0.0839	0.3761	0.4093	0.0998	0.0197
16	98.2233	8e-04	0.0022	0.03	0.2337	0	0.522	0.1562	0.0472	0.0079
17	98.7349	8e-04	0.0019	0.0146	0.1152	0.4294	0.2806	0.114	0.0362	0.0072
18	99.2174	5e-04	0.0013	0.0066	0.0433	0.2908	0	0.3312	0.218	0.0767	0.0267	0.005
19	99.5134	0.001	0.0012	0.0074	0.029	0.145	0.2323	0.2917	0.1843	0.0762	0.0263	0.0055
20	99.6911	0.001	0.0012	0.0048	0.0176	0.0704	0.1449	0	0.2809	0.2453	0.1596	0.0505	0.0192	0.0045
21	99.7886	0.0013	0.002	0.0054	0.0189	0.0569	0.1038	0.1384	0.2552	0.2215	0.1327	0.043	0.0166	0.0041
