Allele	DQA1_03_02__DQB1_06_103
Type	Standard
n_specificities	1
npep_u	1
npep_t	5000
spec_ids	1
L_core	9
L_N	0
L_C	0
CS_perL	1
pepL_lower	12
pepL_upper	21
n_diff_aa	20

PWM_norm.1	P1	P2	P3	P4	P5	P6	P7	P8	P9
A	0.8435	1.9443	3.3089	4.4565	1.5664	3.5588	1.9573	1.6689	2.2984
C	0.208	0.0769	0.2284	0.117	0.0813	0.7248	0.4628	0.1831	0.3919
D	3.1453	0.9028	0.6175	0.158	0.6882	0.0914	0.736	0.5241	0.4694
E	2.048	1.0103	0.4625	0.0616	1.1613	0.2166	1.2785	1.1834	0.9083
F	0.962	0.4744	0.6519	0.3495	0.4294	0.215	0.6474	0.615	0.8519
G	0.4965	1.4331	3.3181	6.1385	0.5555	0.49	0.7054	0.8962	1.3486
H	0.6982	1.8955	0.8695	0.1561	1.2249	0.0875	1.7729	0.9551	0.7709
I	1.4708	0.5654	0.3341	0.1535	0.9315	1.9728	0.901	1.05	1.2598
K	0.2764	1.1563	0.3005	0.1142	1.5016	0.083	0.5255	0.709	0.6362
L	0.6554	0.3739	0.2572	0.0661	0.8188	0.5619	0.6099	0.5869	0.7291
M	0.605	0.6172	0.3544	0.0784	0.4635	0.3725	0.6612	0.5488	1.3089
N	0.6281	1.1284	0.7553	0.2965	0.764	0.1231	1.7107	0.9225	0.6709
P	1.0869	0.2115	0.8916	0.0734	0.5027	2.5497	0.5843	2.1311	0.2348
Q	0.8245	1.1424	0.6162	0.0674	1.1312	0.1049	1.5082	0.9514	1.197
R	0.2311	1.0842	0.9228	0.1079	1.1799	0.0486	1.1195	0.8988	0.9656
S	0.9592	1.1903	1.4039	1.9409	0.8551	0.8942	1.1728	0.9943	1.3464
T	0.6002	1.5682	0.6066	0.4639	1.0611	1.3606	0.7816	1.2563	0.8046
V	1.6159	0.7243	0.4989	0.3712	2.2811	3.2455	1.0563	1.0058	1.3232
W	1.495	0.7712	0.3333	0.1098	0.2928	0.0459	0.818	0.5043	0.317
Y	0.8685	1.4546	0.9797	0.0816	0.8133	0.1328	0.7313	0.9807	0.8728

pepL	alpha	w_s
12	99.5307	0.083	0.1488	0	0.3949	0.3734
13	98.9575	0.0263	0.0764	0.2382	0.4675	0.1916
14	98.3294	0.0043	0.0259	0.161	0	0.4702	0.2977	0.0409
15	98.0139	0.0017	0.0096	0.0839	0.376	0.4093	0.0998	0.0197
16	98.2233	8e-04	0.0022	0.03	0.2337	0	0.5219	0.1563	0.0471	0.0079
17	98.735	8e-04	0.0019	0.0146	0.1152	0.4293	0.2806	0.114	0.0363	0.0072
18	99.2174	5e-04	0.0013	0.0066	0.0433	0.2908	0	0.3312	0.218	0.0767	0.0267	0.005
19	99.5133	0.001	0.0012	0.0074	0.029	0.145	0.2323	0.2918	0.1844	0.0762	0.0263	0.0055
20	99.691	0.001	0.0012	0.0048	0.0176	0.0704	0.1449	0	0.2809	0.2454	0.1596	0.0505	0.0192	0.0045
21	99.7886	0.0013	0.002	0.0054	0.0189	0.0569	0.1038	0.1383	0.2554	0.2215	0.1327	0.043	0.0166	0.0041
