Allele	DQA1_01_19__DQB1_03_197Q
Type	Standard
n_specificities	1
npep_u	1
npep_t	5000
spec_ids	1
L_core	9
L_N	0
L_C	0
CS_perL	1
pepL_lower	12
pepL_upper	21
n_diff_aa	20

PWM_norm.1	P1	P2	P3	P4	P5	P6	P7	P8	P9
A	1.0238	1.298	3.0519	5.1418	1.6306	1.8353	2.5091	1.618	2.4889
C	0.4487	0.2391	0.233	0.1476	0.1164	0.3219	0.2786	0.1829	0.5139
D	0.4599	0.7043	0.4813	0.1718	0.8551	2.6957	0.5241	0.5082	0.8024
E	0.6902	1.0247	0.396	0.051	1.3503	0.3868	1.2304	1.2336	0.5275
F	1.6118	0.4394	0.436	0.3655	0.3575	0.18	0.6876	0.609	0.24
G	0.385	0.7132	5.6892	4.2819	0.4625	0.4042	0.7673	0.8723	2.3021
H	0.8752	2.3334	1.1681	0.1761	1.488	0.2119	1.1466	0.8968	0.9276
I	2.8089	0.7881	0.1485	0.3208	0.8725	2.9304	0.8914	1.0742	0.9222
K	0.449	1.2925	0.1901	0.0999	1.6798	0.2971	0.4914	0.6928	0.3055
L	1.2659	0.4882	0.2029	0.0678	0.712	1.1864	0.6252	0.5429	0.3003
M	1.6189	0.6284	0.235	0.1079	0.4078	0.6994	0.576	0.5446	0.3872
N	1.2991	1.2965	0.5158	0.2789	0.861	0.4912	1.247	0.9303	1.4137
P	0.7338	0.1295	1.1935	0.0637	0.2441	1.1219	0.7356	2.1945	0.527
Q	0.9526	1.4317	0.6375	0.0603	1.51	0.2491	1.6163	0.9299	1.0319
R	0.289	1.539	0.3795	0.0854	1.0537	0.1572	1.1406	0.8648	0.2306
S	0.7435	1.0028	0.954	2.236	0.8683	0.6295	1.1405	1.0053	2.1819
T	0.8013	1.8356	0.3505	0.7242	1.2624	1.3069	0.7223	1.3095	1.1061
V	1.8856	0.9647	0.1291	0.845	1.8139	2.5736	1.0734	1.0525	1.0333
W	1.755	1.6405	0.1102	0.103	0.2318	0.0882	0.6821	0.5272	0.1604
Y	1.466	1.1971	0.708	0.0827	0.7184	0.1446	0.7419	0.981	0.2652

pepL	alpha	w_s
12	99.5307	0.083	0.1488	0	0.3949	0.3733
13	98.9574	0.0263	0.0764	0.2382	0.4675	0.1916
14	98.3293	0.0043	0.0259	0.161	0	0.4702	0.2976	0.0409
15	98.0138	0.0017	0.0096	0.0839	0.3761	0.4093	0.0998	0.0197
16	98.2233	8e-04	0.0022	0.03	0.2337	0	0.522	0.1562	0.0472	0.0079
17	98.7349	8e-04	0.0019	0.0146	0.1152	0.4294	0.2806	0.114	0.0362	0.0072
18	99.2174	5e-04	0.0013	0.0066	0.0433	0.2908	0	0.3312	0.218	0.0767	0.0267	0.005
19	99.5134	0.001	0.0012	0.0074	0.029	0.145	0.2323	0.2917	0.1843	0.0762	0.0263	0.0055
20	99.6911	0.001	0.0012	0.0048	0.0176	0.0704	0.1449	0	0.2809	0.2453	0.1596	0.0505	0.0192	0.0045
21	99.7886	0.0013	0.002	0.0054	0.0189	0.0569	0.1038	0.1384	0.2552	0.2215	0.1327	0.043	0.0166	0.0041
