Allele	DQA1_06_01__DQB1_06_49
Type	Standard
n_specificities	1
npep_u	1
npep_t	5000
spec_ids	1
L_core	9
L_N	0
L_C	0
CS_perL	1
pepL_lower	12
pepL_upper	21
n_diff_aa	20

PWM_norm.1	P1	P2	P3	P4	P5	P6	P7	P8	P9
A	1.1885	1.913	1.4116	4.6404	1.7664	2.863	1.9391	1.6177	3.6656
C	0.3471	0.0795	0.2571	0.4955	0.0793	0.5389	0.1742	0.1716	0.466
D	0.4909	0.9181	0.853	0.292	0.6529	0.1945	0.4353	0.5142	0.606
E	0.7873	1.0439	0.5769	0.2319	0.9393	0.2703	0.9553	1.2261	0.3872
F	1.5569	0.4548	0.4074	0.6471	0.5079	0.591	0.6653	0.6187	0.266
G	0.4161	1.4745	0.8385	1.5132	0.5888	0.5659	0.4216	0.877	2.64
H	0.804	1.908	0.3816	0.4449	1.3541	0.1602	2.2006	0.9366	0.4094
I	2.6635	0.5728	0.5033	0.8508	0.9418	1.9955	0.6613	1.0367	0.5219
K	0.2738	1.1233	0.3488	0.1361	1.6277	0.1175	0.7823	0.7525	0.1765
L	1.0904	0.3651	0.1732	0.3739	0.8326	0.847	0.7947	0.5769	0.2333
M	1.549	0.6358	0.2772	0.4586	0.5088	0.7011	0.5486	0.545	0.5253
N	0.9219	1.1213	0.5319	0.6025	0.8321	0.2849	0.9402	0.9046	0.6682
P	0.951	0.2225	0.3607	0.0823	0.6428	1.9361	0.3897	2.1045	0.336
Q	0.8639	1.1633	0.4381	0.2165	1.0362	0.185	2.7733	0.9468	1.2148
R	0.1864	1.0809	0.3003	0.1052	1.2133	0.0784	2.4219	0.9217	0.161
S	0.7625	1.1961	3.0607	2.0856	0.8757	1.0039	0.5951	1.0171	2.4115
T	0.9418	1.5275	5.2463	1.6485	0.9824	1.3374	0.5092	1.2686	0.9942
V	2.0313	0.7243	0.4791	1.6188	1.9363	3.1953	0.8975	1.0117	0.7158
W	2.2017	0.778	0.7058	0.206	0.3464	0.1384	0.7169	0.4964	0.1176
Y	1.6847	1.4189	0.363	0.1555	0.7968	0.3769	1.1909	0.9943	0.2063

pepL	alpha	w_s
12	99.5307	0.083	0.1488	0	0.3949	0.3733
13	98.9574	0.0263	0.0764	0.2382	0.4675	0.1916
14	98.3293	0.0043	0.0259	0.161	0	0.4702	0.2976	0.0409
15	98.0138	0.0017	0.0096	0.0839	0.3761	0.4093	0.0998	0.0197
16	98.2233	8e-04	0.0022	0.03	0.2337	0	0.522	0.1562	0.0472	0.0079
17	98.7349	8e-04	0.0019	0.0146	0.1152	0.4294	0.2806	0.114	0.0362	0.0072
18	99.2174	5e-04	0.0013	0.0066	0.0433	0.2908	0	0.3312	0.218	0.0767	0.0267	0.005
19	99.5134	0.001	0.0012	0.0074	0.029	0.145	0.2323	0.2917	0.1843	0.0762	0.0263	0.0055
20	99.6911	0.001	0.0012	0.0048	0.0176	0.0704	0.1449	0	0.2809	0.2453	0.1596	0.0505	0.0192	0.0045
21	99.7886	0.0013	0.002	0.0054	0.0189	0.0569	0.1038	0.1384	0.2552	0.2215	0.1327	0.043	0.0166	0.0041
