Allele	DQA1_01_03__DQB1_04_01
Type	Standard
n_specificities	1
npep_u	1
npep_t	5000
spec_ids	1
L_core	9
L_N	0
L_C	0
CS_perL	1
pepL_lower	12
pepL_upper	21
n_diff_aa	20

PWM_norm.1	P1	P2	P3	P4	P5	P6	P7	P8	P9
A	1.0822	1.3092	0.6488	1.48	1.0198	1.7135	1.3814	1.6689	2.8494
C	0.4216	0.2173	0.13	0.7695	0.32	0.3231	0.5094	0.1831	0.6803
D	0.3959	0.6723	1.4112	0.5908	1.0756	0.3733	0.6845	0.5241	0.6199
E	0.6012	1.0467	0.2694	0.5134	1.1582	0.4084	1.3414	1.1834	0.4046
F	1.8881	0.4446	0.3739	2.2977	0.6473	0.5008	0.7971	0.615	0.3815
G	0.3345	0.6772	0.6097	0.52	0.5671	0.3155	0.6301	0.8962	2.5227
H	1.0558	2.3114	1.2149	1.6502	1.423	0.228	2.3662	0.9551	0.6269
I	2.7831	0.7997	0.3886	2.0712	1.0528	2.8157	0.8575	1.05	0.8029
K	0.5619	1.3223	0.3396	0.421	1.6017	0.244	0.9292	0.709	0.3432
L	1.3294	0.5004	0.1273	0.8432	0.8722	1.892	0.8661	0.5869	0.3474
M	1.5971	0.6127	0.1756	1.8773	0.7654	2.2547	0.7436	0.5488	0.6043
N	1.3451	1.2957	0.2749	0.6953	1.2276	0.3925	1.4904	0.9225	1.0721
P	0.7912	0.1267	0.1595	0.1772	0.6079	0.9087	0.3798	2.1311	0.4379
Q	0.8366	1.3971	0.7847	0.7108	1.4329	0.4071	1.8514	0.9514	1.1771
R	0.3323	1.5742	0.0972	0.3188	1.0233	0.154	1.3578	0.8988	0.2827
S	0.6241	0.997	2.9738	0.7629	0.7702	0.4127	0.7281	0.9943	1.9974
T	0.7288	1.8421	7.2113	1.1795	1.2033	1.038	0.5799	1.2563	0.9987
V	1.7533	0.9968	0.1632	1.9048	1.3048	3.4581	0.9717	1.0058	0.9801
W	1.6835	1.4582	0.2255	2.9326	0.3425	0.2002	1.0823	0.5043	0.2372
Y	1.6336	1.1825	0.3499	1.9764	1.051	0.3514	1.2622	0.9807	0.369

pepL	alpha	w_s
12	99.5307	0.083	0.1488	0	0.3949	0.3734
13	98.9575	0.0263	0.0764	0.2382	0.4675	0.1916
14	98.3294	0.0043	0.0259	0.161	0	0.4702	0.2977	0.0409
15	98.0139	0.0017	0.0096	0.0839	0.376	0.4093	0.0998	0.0197
16	98.2233	8e-04	0.0022	0.03	0.2337	0	0.5219	0.1563	0.0471	0.0079
17	98.735	8e-04	0.0019	0.0146	0.1152	0.4293	0.2806	0.114	0.0363	0.0072
18	99.2174	5e-04	0.0013	0.0066	0.0433	0.2908	0	0.3312	0.218	0.0767	0.0267	0.005
19	99.5133	0.001	0.0012	0.0074	0.029	0.145	0.2323	0.2918	0.1844	0.0762	0.0263	0.0055
20	99.691	0.001	0.0012	0.0048	0.0176	0.0704	0.1449	0	0.2809	0.2454	0.1596	0.0505	0.0192	0.0045
21	99.7886	0.0013	0.002	0.0054	0.0189	0.0569	0.1038	0.1383	0.2554	0.2215	0.1327	0.043	0.0166	0.0041
