Allele	DQA1_04_05__DQB1_03_254
Type	Standard
n_specificities	1
npep_u	1
npep_t	5000
spec_ids	1
L_core	9
L_N	0
L_C	0
CS_perL	1
pepL_lower	12
pepL_upper	21
n_diff_aa	20

PWM_norm.1	P1	P2	P3	P4	P5	P6	P7	P8	P9
A	1.2353	1.9443	3.3089	4.4565	1.5664	3.2663	2.6453	1.6071	2.201
C	0.1529	0.0769	0.2284	0.117	0.0813	0.7517	0.2283	0.1566	0.712
D	0.2005	0.9028	0.6175	0.158	0.6882	0.2768	0.5359	0.5978	0.7024
E	0.4551	1.0103	0.4625	0.0616	1.1613	0.2957	1.2651	1.1948	0.5118
F	2.3143	0.4744	0.6519	0.3495	0.4294	0.2032	0.6986	0.5105	0.284
G	0.1738	1.4331	3.3181	6.1385	0.5555	0.5818	0.7666	0.9104	1.9269
H	0.3213	1.8955	0.8695	0.1561	1.2249	0.1203	0.9728	0.9704	0.8512
I	2.9822	0.5654	0.3341	0.1535	0.9315	1.847	1.1316	1.1228	1.0806
K	0.1537	1.1563	0.3005	0.1142	1.5016	0.1207	0.4257	0.7948	0.3677
L	0.8466	0.3739	0.2572	0.0661	0.8188	0.5277	0.6556	0.4877	0.4451
M	1.2837	0.6172	0.3544	0.0784	0.4635	0.3271	0.6654	0.3787	0.4315
N	0.0921	1.1284	0.7553	0.2965	0.764	0.2467	1.1283	0.8753	1.5637
P	2.7237	0.2115	0.8916	0.0734	0.5027	2.5208	0.6333	2.0391	0.6293
Q	0.2449	1.1424	0.6162	0.0674	1.1312	0.1344	1.4584	1.0003	0.7145
R	0.1007	1.0842	0.9228	0.1079	1.1799	0.0709	1.0873	0.8333	0.2598
S	0.2574	1.1903	1.4039	1.9409	0.8551	1.1063	1.0913	0.962	2.0352
T	0.5474	1.5682	0.6066	0.4639	1.0611	1.4749	0.7678	1.4221	1.2365
V	2.5377	0.7243	0.4989	0.3712	2.2811	2.8506	1.2314	1.2199	1.4115
W	3.832	0.7712	0.3333	0.1098	0.2928	0.0604	0.4862	0.4021	0.3083
Y	2.7999	1.4546	0.9797	0.0816	0.8133	0.1516	0.628	0.9484	0.3864

pepL	alpha	w_s
12	99.5307	0.083	0.1488	0	0.3949	0.3734
13	98.9575	0.0263	0.0764	0.2382	0.4675	0.1916
14	98.3294	0.0043	0.0259	0.161	0	0.4702	0.2977	0.0409
15	98.0139	0.0017	0.0096	0.0839	0.376	0.4093	0.0998	0.0197
16	98.2233	8e-04	0.0022	0.03	0.2337	0	0.5219	0.1563	0.0471	0.0079
17	98.735	8e-04	0.0019	0.0146	0.1152	0.4293	0.2806	0.114	0.0363	0.0072
18	99.2174	5e-04	0.0013	0.0066	0.0433	0.2908	0	0.3312	0.218	0.0767	0.0267	0.005
19	99.5133	0.001	0.0012	0.0074	0.029	0.145	0.2323	0.2918	0.1844	0.0762	0.0263	0.0055
20	99.691	0.001	0.0012	0.0048	0.0176	0.0704	0.1449	0	0.2809	0.2454	0.1596	0.0505	0.0192	0.0045
21	99.7886	0.0013	0.002	0.0054	0.0189	0.0569	0.1038	0.1383	0.2554	0.2215	0.1327	0.043	0.0166	0.0041
