Allele	DQA1_06_01__DQB1_06_37
Type	Standard
n_specificities	1
npep_u	1
npep_t	5000
spec_ids	1
L_core	9
L_N	0
L_C	0
CS_perL	1
pepL_lower	12
pepL_upper	21
n_diff_aa	20

PWM_norm.1	P1	P2	P3	P4	P5	P6	P7	P8	P9
A	1.1787	1.9443	1.0141	2.4763	1.5824	2.853	2.1981	1.6689	3.6231
C	0.3448	0.0769	0.1293	0.7269	0.1491	0.5215	0.2806	0.1831	0.476
D	0.6228	0.9028	0.9718	0.6128	0.6692	0.1289	0.6517	0.5241	0.6245
E	0.8444	1.0103	0.6061	0.504	0.9783	0.2645	1.771	1.1834	0.3783
F	1.3449	0.4744	0.326	0.8609	0.7346	0.4742	0.8684	0.615	0.3394
G	0.4354	1.4331	0.566	0.9003	0.6775	0.4691	0.6918	0.8962	2.6325
H	0.7341	1.8955	0.2678	0.4524	1.2102	0.1353	1.3034	0.9551	0.4315
I	2.5631	0.5654	0.4104	1.8494	0.9783	2.1722	0.8269	1.05	0.5559
K	0.2376	1.1563	0.2857	0.2013	1.3283	0.1315	0.5187	0.709	0.1893
L	1.1524	0.3739	0.124	0.8276	0.773	0.9249	0.6711	0.5869	0.238
M	1.4373	0.6172	0.2089	0.8408	0.5965	0.9427	0.4796	0.5488	0.5102
N	0.9188	1.1284	0.3672	0.835	0.5962	0.2494	1.1671	0.9225	0.7109
P	0.9513	0.2115	0.2478	0.1598	0.9625	1.8632	0.4864	2.1311	0.3393
Q	0.9635	1.1424	0.3511	0.368	1.2921	0.2261	1.5083	0.9514	1.1433
R	0.1522	1.0842	0.1555	0.1638	1.032	0.0782	1.0397	0.8988	0.1553
S	0.901	1.1903	3.145	1.4876	0.8865	0.842	1.1219	0.9943	2.3936
T	0.9514	1.5682	6.8611	2.0256	1.2201	1.2107	0.6813	1.2563	0.9955
V	2.0886	0.7243	0.417	2.3211	1.7238	3.5529	0.9784	1.0058	0.7136
W	1.7207	0.7712	0.514	0.3287	0.4445	0.1238	0.6854	0.5043	0.1334
Y	1.25	1.4546	0.2304	0.3036	0.8381	0.2775	1.0719	0.9807	0.2381

pepL	alpha	w_s
12	99.5307	0.083	0.1488	0	0.3949	0.3734
13	98.9575	0.0263	0.0764	0.2382	0.4675	0.1916
14	98.3294	0.0043	0.0259	0.161	0	0.4702	0.2977	0.0409
15	98.0139	0.0017	0.0096	0.0839	0.376	0.4093	0.0998	0.0197
16	98.2233	8e-04	0.0022	0.03	0.2337	0	0.5219	0.1563	0.0471	0.0079
17	98.735	8e-04	0.0019	0.0146	0.1152	0.4293	0.2806	0.114	0.0363	0.0072
18	99.2174	5e-04	0.0013	0.0066	0.0433	0.2908	0	0.3312	0.218	0.0767	0.0267	0.005
19	99.5133	0.001	0.0012	0.0074	0.029	0.145	0.2323	0.2918	0.1844	0.0762	0.0263	0.0055
20	99.691	0.001	0.0012	0.0048	0.0176	0.0704	0.1449	0	0.2809	0.2454	0.1596	0.0505	0.0192	0.0045
21	99.7886	0.0013	0.002	0.0054	0.0189	0.0569	0.1038	0.1383	0.2554	0.2215	0.1327	0.043	0.0166	0.0041
