Allele	DQA1_03_02__DQB1_05_04
Type	Standard
n_specificities	1
npep_u	1
npep_t	5000
spec_ids	1
L_core	9
L_N	0
L_C	0
CS_perL	1
pepL_lower	12
pepL_upper	21
n_diff_aa	20

PWM_norm.1	P1	P2	P3	P4	P5	P6	P7	P8	P9
A	0.8435	1.4105	1.4673	0.9462	1.1887	3.0635	1.3814	1.0476	1.0427
C	0.208	0.072	0.2748	0.6097	0.2042	0.6708	0.5094	0.1337	0.0531
D	3.1453	1.0878	1.6948	0.6338	0.8778	0.4739	0.6845	1.0551	4.0711
E	2.048	1.5662	0.6021	0.4399	1.0482	0.3989	1.3414	1.4778	4.9955
F	0.962	0.8238	1.3271	4.1221	0.8094	0.2974	0.7971	0.9463	0.2047
G	0.4965	0.5663	1.52	0.5087	0.7129	0.6545	0.6301	0.5223	0.8736
H	0.6982	1.846	1.7034	2.0896	1.2326	0.1826	2.3662	0.5543	1.0682
I	1.4708	0.9825	0.8274	1.1507	1.0548	1.8006	0.8575	0.9357	0.3987
K	0.2764	0.7655	0.6229	0.4906	1.4307	0.1868	0.9292	1.6816	0.1301
L	0.6554	0.7118	0.4281	0.8555	0.8311	0.5692	0.8661	0.528	0.1985
M	0.605	0.5262	0.8333	2.3488	0.8306	0.4384	0.7436	0.9577	0.249
N	0.6281	1.6941	0.7676	0.7042	0.9104	0.2533	1.4904	0.7218	0.655
P	1.0869	0.0864	0.5859	0.2623	1.0463	2.5385	0.3798	1.1841	0.1539
Q	0.8245	0.9617	1.2342	0.7634	1.2346	0.2242	1.8514	0.8432	1.4546
R	0.2311	1.7044	0.5089	0.3833	1.0464	0.1014	1.3578	1.4994	0.1032
S	0.9592	1.1242	1.4208	0.3712	0.7997	1.1048	0.7281	1.0693	0.8265
T	0.6002	1.2655	1.2819	0.4707	1.179	1.2634	0.5799	1.1951	0.4256
V	1.6159	0.7195	0.8509	0.7742	1.2922	2.5487	0.9717	0.855	0.3705
W	1.495	0.6261	0.6928	6.8691	0.4452	0.1179	1.0823	0.7912	0.0631
Y	0.8685	1.1437	1.6542	4.7446	1.0743	0.2502	1.2622	1.243	0.1394

pepL	alpha	w_s
12	99.5307	0.083	0.1488	0	0.3949	0.3734
13	98.9575	0.0263	0.0764	0.2382	0.4675	0.1916
14	98.3294	0.0043	0.0259	0.161	0	0.4702	0.2977	0.0409
15	98.0139	0.0017	0.0096	0.0839	0.376	0.4093	0.0998	0.0197
16	98.2233	8e-04	0.0022	0.03	0.2337	0	0.5219	0.1563	0.0471	0.0079
17	98.735	8e-04	0.0019	0.0146	0.1152	0.4293	0.2806	0.114	0.0363	0.0072
18	99.2174	5e-04	0.0013	0.0066	0.0433	0.2908	0	0.3312	0.218	0.0767	0.0267	0.005
19	99.5133	0.001	0.0012	0.0074	0.029	0.145	0.2323	0.2918	0.1844	0.0762	0.0263	0.0055
20	99.691	0.001	0.0012	0.0048	0.0176	0.0704	0.1449	0	0.2809	0.2454	0.1596	0.0505	0.0192	0.0045
21	99.7886	0.0013	0.002	0.0054	0.0189	0.0569	0.1038	0.1383	0.2554	0.2215	0.1327	0.043	0.0166	0.0041
