Allele	DQA1_02_01__DQB1_05_12
Type	Standard
n_specificities	1
npep_u	1
npep_t	5000
spec_ids	1
L_core	9
L_N	0
L_C	0
CS_perL	1
pepL_lower	12
pepL_upper	21
n_diff_aa	20

PWM_norm.1	P1	P2	P3	P4	P5	P6	P7	P8	P9
A	0.9858	1.3815	0.774	0.5491	0.714	2.0717	0.9672	0.9301	1.1535
C	0.3708	0.0814	0.1677	0.2318	0.1573	0.4579	0.2039	0.13	0.1963
D	0.8051	1.1695	1.5469	0.3538	1.0831	1.5274	1.8535	0.9238	2.4134
E	1.105	1.5444	0.442	0.2625	1.2179	1.6831	1.1479	1.5244	1.4877
F	1.1051	0.7891	0.6726	5.4507	0.78	0.4131	0.4501	1.7847	1.1355
G	0.634	0.5516	0.5164	0.2516	0.8204	0.6118	0.3384	0.3776	0.6975
H	1.3197	1.8828	0.5644	2.203	1.504	0.2911	2.012	0.3708	1.0338
I	1.6526	1.0536	0.4948	0.8433	1.0095	1.5069	0.9764	1.6406	2.1506
K	0.4118	0.8083	0.4109	0.3084	1.386	0.2394	0.8015	0.9516	0.2292
L	0.7315	0.6766	0.1468	0.7675	0.8124	0.6833	0.5164	0.9065	1.11
M	1.0112	0.6758	0.362	1.9051	0.5428	0.7041	0.4488	1.5028	1.1098
N	0.7826	1.4778	0.4138	0.3838	1.1221	0.6046	0.9646	0.8983	0.95
P	1.0445	0.0851	0.2034	0.0772	1.3294	1.4477	2.2267	1.0259	0.1932
Q	1.5271	1.0774	0.8753	0.5932	1.1863	0.4582	1.6773	0.9465	1.7445
R	0.5109	1.609	0.2242	0.2972	1.0337	0.1926	0.5344	0.8282	0.2059
S	0.8435	1.0976	3.5013	0.1594	0.706	0.9282	0.8158	0.6148	0.605
T	1.2674	1.1668	5.0221	0.239	1.0824	1.1838	0.9158	0.8825	0.6587
V	1.8787	0.8365	0.4763	0.4848	1.313	2.1002	1.3903	1.1408	1.4419
W	1.3348	0.8989	0.463	11.6579	0.2324	0.2066	0.6331	0.7129	0.439
Y	1.3475	1.1529	0.4595	8.4421	1.2087	0.3818	0.8063	2.5247	0.7202

pepL	alpha	w_s
12	99.5307	0.083	0.1488	0	0.3949	0.3733
13	98.9574	0.0263	0.0764	0.2382	0.4675	0.1916
14	98.3293	0.0043	0.0259	0.161	0	0.4702	0.2976	0.0409
15	98.0138	0.0017	0.0096	0.0839	0.3761	0.4093	0.0998	0.0197
16	98.2233	8e-04	0.0022	0.03	0.2337	0	0.522	0.1562	0.0472	0.0079
17	98.7349	8e-04	0.0019	0.0146	0.1152	0.4294	0.2806	0.114	0.0362	0.0072
18	99.2174	5e-04	0.0013	0.0066	0.0433	0.2908	0	0.3312	0.218	0.0767	0.0267	0.005
19	99.5134	0.001	0.0012	0.0074	0.029	0.145	0.2323	0.2917	0.1843	0.0762	0.0263	0.0055
20	99.6911	0.001	0.0012	0.0048	0.0176	0.0704	0.1449	0	0.2809	0.2453	0.1596	0.0505	0.0192	0.0045
21	99.7886	0.0013	0.002	0.0054	0.0189	0.0569	0.1038	0.1384	0.2552	0.2215	0.1327	0.043	0.0166	0.0041
