Allele	DQA1_03_01__DQB1_06_90
Type	Standard
n_specificities	1
npep_u	1
npep_t	5000
spec_ids	1
L_core	9
L_N	0
L_C	0
CS_perL	1
pepL_lower	12
pepL_upper	21
n_diff_aa	20

PWM_norm.1	P1	P2	P3	P4	P5	P6	P7	P8	P9
A	0.836	1.913	2.2163	4.3734	1.4934	2.5274	0.8954	1.6177	2.9027
C	0.1613	0.0795	0.278	0.6824	0.0979	0.3671	0.1977	0.1716	0.2517
D	3.1776	0.9181	1.0586	0.405	0.6298	2.5936	0.8045	0.5142	1.3741
E	2.2428	1.0439	0.9032	0.2215	0.9234	1.0564	0.8986	1.2261	0.7816
F	0.9902	0.4548	1.0487	0.7757	0.851	0.188	0.9408	0.6187	0.1351
G	0.4694	1.4745	2.2995	1.2691	0.6895	0.4531	0.2209	0.877	1.9199
H	0.7331	1.908	0.7646	0.3785	1.4923	0.1058	2.12	0.9366	0.7276
I	1.3747	0.5728	0.7432	0.9574	0.95	1.5548	1.0575	1.0367	0.7649
K	0.2886	1.1233	0.3937	0.1837	1.6653	0.103	0.657	0.7525	0.1706
L	0.6072	0.3651	0.4773	0.4557	0.7423	0.628	0.5337	0.5769	0.2572
M	0.5003	0.6358	0.7244	0.6854	0.5643	0.383	0.5771	0.545	0.3429
N	0.5925	1.1213	0.8184	0.7201	0.6937	0.3538	0.7275	0.9046	1.4624
P	1.0423	0.2225	0.8711	0.2017	0.7737	1.9011	2.8554	2.1045	0.2346
Q	0.8183	1.1633	0.6661	0.2081	1.0409	0.2235	1.2523	0.9468	0.9521
R	0.2183	1.0809	0.6115	0.1186	1.0919	0.068	0.7712	0.9217	0.1293
S	0.9409	1.1961	1.0696	2.0522	1.0679	0.8616	0.7952	1.0171	2.4532
T	0.6124	1.5275	0.7597	1.5414	1.0236	1.0785	1.168	1.2686	1.0617
V	1.6387	0.7243	1.3135	1.5513	1.7323	2.4806	1.6474	1.0117	0.9415
W	1.302	0.778	0.6427	0.2571	0.4628	0.067	1.027	0.4964	0.0702
Y	0.9945	1.4189	1.1628	0.2441	0.7727	0.1646	0.9974	0.9943	0.1607

pepL	alpha	w_s
12	99.5307	0.083	0.1488	0	0.3949	0.3733
13	98.9574	0.0263	0.0764	0.2382	0.4675	0.1916
14	98.3293	0.0043	0.0259	0.161	0	0.4702	0.2976	0.0409
15	98.0138	0.0017	0.0096	0.0839	0.3761	0.4093	0.0998	0.0197
16	98.2233	8e-04	0.0022	0.03	0.2337	0	0.522	0.1562	0.0472	0.0079
17	98.7349	8e-04	0.0019	0.0146	0.1152	0.4294	0.2806	0.114	0.0362	0.0072
18	99.2174	5e-04	0.0013	0.0066	0.0433	0.2908	0	0.3312	0.218	0.0767	0.0267	0.005
19	99.5134	0.001	0.0012	0.0074	0.029	0.145	0.2323	0.2917	0.1843	0.0762	0.0263	0.0055
20	99.6911	0.001	0.0012	0.0048	0.0176	0.0704	0.1449	0	0.2809	0.2453	0.1596	0.0505	0.0192	0.0045
21	99.7886	0.0013	0.002	0.0054	0.0189	0.0569	0.1038	0.1384	0.2552	0.2215	0.1327	0.043	0.0166	0.0041
