Allele	DQA1_05_11__DQB1_06_283
Type	Standard
n_specificities	1
npep_u	1
npep_t	5000
spec_ids	1
L_core	9
L_N	0
L_C	0
CS_perL	1
pepL_lower	12
pepL_upper	21
n_diff_aa	20

PWM_norm.1	P1	P2	P3	P4	P5	P6	P7	P8	P9
A	0.8517	1.913	2.2163	3.0205	1.3208	2.5274	1.0268	1.087	1.0503
C	0.25	0.0795	0.278	0.589	0.1398	0.3671	0.3636	0.0532	0.4388
D	0.239	0.9181	1.0586	0.6339	0.7775	2.5936	0.5937	1.1239	2.4885
E	0.4664	1.0439	0.9032	0.3776	1.2211	1.0564	1.3496	1.1842	0.6739
F	4.3687	0.4548	1.0487	0.6957	0.8471	0.188	2.1745	2.3005	1.154
G	0.1806	1.4745	2.2995	0.9449	0.7908	0.4531	0.2958	0.4205	0.9054
H	1.3691	1.908	0.7646	0.2235	1.3111	0.1058	2.4753	0.2519	0.5125
I	2.5401	0.5728	0.7432	1.9033	0.9024	1.5548	1.0314	1.8567	3.2316
K	0.1722	1.1233	0.3937	0.122	1.3608	0.103	0.3684	0.7268	0.1496
L	1.4061	0.3651	0.4773	0.7644	0.7168	0.628	0.4777	1.2133	1.2193
M	1.8272	0.6358	0.7244	0.7465	0.5745	0.383	0.4743	0.922	1.1947
N	0.6768	1.1213	0.8184	0.6725	0.6314	0.3538	1.3786	0.8141	0.9701
P	0.4535	0.2225	0.8711	0.1737	0.7237	1.9011	2.0874	1.2027	0.1871
Q	0.573	1.1633	0.6661	0.2617	1.2396	0.2235	0.9745	0.7977	0.8759
R	0.1189	1.0809	0.6115	0.0877	1.0633	0.068	0.5228	0.7901	0.1129
S	0.3258	1.1961	1.0696	1.5845	0.974	0.8616	0.7649	0.4871	0.5485
T	0.3602	1.5275	0.7597	1.9451	1.256	1.0785	0.8758	0.6688	0.8575
V	1.2475	0.7243	1.3135	2.4695	1.5736	2.4806	1.088	0.9864	2.0036
W	3.6254	0.778	0.6427	0.1632	0.529	0.067	2.9114	0.4543	0.5362
Y	5.2039	1.4189	1.1628	0.1698	0.9264	0.1646	1.5404	2.8975	0.979

pepL	alpha	w_s
12	99.5307	0.083	0.1488	0	0.3949	0.3733
13	98.9574	0.0263	0.0764	0.2382	0.4675	0.1916
14	98.3293	0.0043	0.0259	0.161	0	0.4702	0.2976	0.0409
15	98.0138	0.0017	0.0096	0.0839	0.3761	0.4093	0.0998	0.0197
16	98.2233	8e-04	0.0022	0.03	0.2337	0	0.522	0.1562	0.0472	0.0079
17	98.7349	8e-04	0.0019	0.0146	0.1152	0.4294	0.2806	0.114	0.0362	0.0072
18	99.2174	5e-04	0.0013	0.0066	0.0433	0.2908	0	0.3312	0.218	0.0767	0.0267	0.005
19	99.5134	0.001	0.0012	0.0074	0.029	0.145	0.2323	0.2917	0.1843	0.0762	0.0263	0.0055
20	99.6911	0.001	0.0012	0.0048	0.0176	0.0704	0.1449	0	0.2809	0.2453	0.1596	0.0505	0.0192	0.0045
21	99.7886	0.0013	0.002	0.0054	0.0189	0.0569	0.1038	0.1384	0.2552	0.2215	0.1327	0.043	0.0166	0.0041
