Allele	DQA1_05_03__DQB1_06_01
Type	Standard
n_specificities	1
npep_u	1
npep_t	5000
spec_ids	1
L_core	9
L_N	0
L_C	0
CS_perL	1
pepL_lower	12
pepL_upper	21
n_diff_aa	20

PWM_norm.1	P1	P2	P3	P4	P5	P6	P7	P8	P9
A	1.1885	1.913	3.2175	4.6465	1.5764	3.6187	1.82	1.785	3.2229
C	0.3471	0.0795	0.2686	0.106	0.087	0.5524	0.5521	0.0674	0.6911
D	0.4909	0.9181	0.6212	0.1573	0.6756	0.1093	0.6687	0.6086	0.4648
E	0.7873	1.0439	0.4977	0.0543	1.1648	0.2121	1.3818	0.8968	0.5003
F	1.5569	0.4548	0.6801	0.3464	0.4278	0.2684	0.6253	0.9309	0.6147
G	0.4161	1.4745	3.1864	6.185	0.5686	0.4177	0.7769	1.1238	1.4352
H	0.804	1.908	0.938	0.1259	1.267	0.1002	1.7361	0.4744	0.4136
I	2.6635	0.5728	0.3745	0.1401	0.9231	1.9655	0.9554	1.0766	1.062
K	0.2738	1.1233	0.3346	0.0957	1.513	0.0932	0.5668	0.8781	0.2621
L	1.0904	0.3651	0.2811	0.0481	0.8431	0.5745	0.6225	0.7911	0.643
M	1.549	0.6358	0.3894	0.08	0.4919	0.3248	0.7388	0.4211	1.2413
N	0.9219	1.1213	0.7819	0.2584	0.7756	0.1061	1.7601	0.7952	0.7408
P	0.951	0.2225	0.8851	0.077	0.4935	2.4724	0.5471	2.0323	0.2302
Q	0.8639	1.1633	0.6462	0.0566	1.1114	0.0929	1.4947	0.6894	0.8319
R	0.1864	1.0809	0.9543	0.0859	1.1555	0.0536	1.0922	1.0822	0.4677
S	0.7625	1.1961	1.3635	1.9095	0.8605	0.8501	1.0864	1.0092	1.8358
T	0.9418	1.5275	0.5406	0.411	1.034	1.3085	0.7624	1.1004	1.2316
V	2.0313	0.7243	0.5277	0.3304	2.2333	3.4511	1.1165	0.8232	1.3269
W	2.2017	0.778	0.374	0.0995	0.3063	0.0523	0.8205	0.4045	0.363
Y	1.6847	1.4189	1.0843	0.0776	0.8354	0.1704	0.7382	1.047	0.4695

pepL	alpha	w_s
12	99.5307	0.083	0.1488	0	0.3949	0.3733
13	98.9574	0.0263	0.0764	0.2382	0.4675	0.1916
14	98.3293	0.0043	0.0259	0.161	0	0.4702	0.2976	0.0409
15	98.0138	0.0017	0.0096	0.0839	0.3761	0.4093	0.0998	0.0197
16	98.2233	8e-04	0.0022	0.03	0.2337	0	0.522	0.1562	0.0472	0.0079
17	98.7349	8e-04	0.0019	0.0146	0.1152	0.4294	0.2806	0.114	0.0362	0.0072
18	99.2174	5e-04	0.0013	0.0066	0.0433	0.2908	0	0.3312	0.218	0.0767	0.0267	0.005
19	99.5134	0.001	0.0012	0.0074	0.029	0.145	0.2323	0.2917	0.1843	0.0762	0.0263	0.0055
20	99.6911	0.001	0.0012	0.0048	0.0176	0.0704	0.1449	0	0.2809	0.2453	0.1596	0.0505	0.0192	0.0045
21	99.7886	0.0013	0.002	0.0054	0.0189	0.0569	0.1038	0.1384	0.2552	0.2215	0.1327	0.043	0.0166	0.0041
