Allele	DQA1_01_05__DQB1_06_103
Type	Standard
n_specificities	1
npep_u	1
npep_t	5000
spec_ids	1
L_core	9
L_N	0
L_C	0
CS_perL	1
pepL_lower	12
pepL_upper	21
n_diff_aa	20

PWM_norm.1	P1	P2	P3	P4	P5	P6	P7	P8	P9
A	0.856	1.3092	3.0073	4.7828	1.6481	2.2925	1.9573	1.6689	2.6243
C	0.2414	0.2173	0.186	0.1473	0.1291	0.4606	0.4628	0.1831	0.3705
D	0.6507	0.6723	0.5141	0.1287	0.8718	0.5698	0.736	0.5241	0.4172
E	1.1371	1.0467	0.3995	0.0498	1.3892	0.3035	1.2785	1.1834	0.6599
F	0.7236	0.4446	0.4389	0.394	0.3664	0.183	0.6474	0.615	1.235
G	0.4296	0.6772	5.8086	3.9569	0.4243	0.3958	0.7054	0.8962	1.6092
H	1.0439	2.3114	1.1006	0.234	1.4655	0.136	1.7729	0.9551	0.6226
I	2.0847	0.7997	0.142	0.3907	0.8877	3.2139	0.901	1.05	0.7926
K	0.252	1.3223	0.1792	0.1272	1.6944	0.193	0.5255	0.709	0.8711
L	1.2842	0.5004	0.2085	0.0868	0.7188	1.3355	0.6099	0.5869	0.601
M	0.8591	0.6127	0.2554	0.1076	0.4085	1.0292	0.6612	0.5488	1.385
N	2.5848	1.2957	0.5091	0.3042	0.9156	0.4159	1.7107	0.9225	0.459
P	0.264	0.1267	1.2108	0.0644	0.2206	1.1313	0.5843	2.1311	0.2321
Q	1.8806	1.3971	0.6315	0.0652	1.5369	0.1969	1.5082	0.9514	1.5114
R	0.2404	1.5742	0.3655	0.1152	1.0618	0.1164	1.1195	0.8988	1.1278
S	1.2859	0.997	0.9341	2.4297	0.8571	0.6324	1.1728	0.9943	1.3647
T	0.7949	1.8421	0.3103	0.9053	1.2513	1.6419	0.7816	1.2563	0.7139
V	1.7953	0.9968	0.1247	0.9945	1.751	3.1886	1.0563	1.0058	0.8925
W	0.4803	1.4582	0.0973	0.1536	0.2337	0.0724	0.818	0.5043	0.3571
Y	0.4709	1.1825	0.7289	0.1061	0.6619	0.1359	0.7313	0.9807	0.9341

pepL	alpha	w_s
12	99.5307	0.083	0.1488	0	0.3949	0.3734
13	98.9575	0.0263	0.0764	0.2382	0.4675	0.1916
14	98.3294	0.0043	0.0259	0.161	0	0.4702	0.2977	0.0409
15	98.0139	0.0017	0.0096	0.0839	0.376	0.4093	0.0998	0.0197
16	98.2233	8e-04	0.0022	0.03	0.2337	0	0.5219	0.1563	0.0471	0.0079
17	98.735	8e-04	0.0019	0.0146	0.1152	0.4293	0.2806	0.114	0.0363	0.0072
18	99.2174	5e-04	0.0013	0.0066	0.0433	0.2908	0	0.3312	0.218	0.0767	0.0267	0.005
19	99.5133	0.001	0.0012	0.0074	0.029	0.145	0.2323	0.2918	0.1844	0.0762	0.0263	0.0055
20	99.691	0.001	0.0012	0.0048	0.0176	0.0704	0.1449	0	0.2809	0.2454	0.1596	0.0505	0.0192	0.0045
21	99.7886	0.0013	0.002	0.0054	0.0189	0.0569	0.1038	0.1383	0.2554	0.2215	0.1327	0.043	0.0166	0.0041
