Allele	DQA1_06_01__DQB1_06_01
Type	Standard
n_specificities	1
npep_u	1
npep_t	5000
spec_ids	1
L_core	9
L_N	0
L_C	0
CS_perL	1
pepL_lower	12
pepL_upper	21
n_diff_aa	20

PWM_norm.1	P1	P2	P3	P4	P5	P6	P7	P8	P9
A	1.1787	1.9443	1.9065	4.3179	1.5664	3.2406	1.9573	1.6689	2.8132
C	0.3448	0.0769	0.1843	0.1607	0.0813	0.7653	0.4628	0.1831	0.5231
D	0.6228	0.9028	0.7452	0.2003	0.6882	0.1583	0.736	0.5241	0.4582
E	0.8444	1.0103	0.4616	0.0843	1.1613	0.2812	1.2785	1.1834	0.7193
F	1.3449	0.4744	0.4259	0.4856	0.4294	0.2655	0.6474	0.615	0.9613
G	0.4354	1.4331	1.1819	5.4866	0.5555	0.5254	0.7054	0.8962	1.2362
H	0.7341	1.8955	0.4845	0.2482	1.2249	0.1206	1.7729	0.9551	0.6226
I	2.5631	0.5654	0.3983	0.2126	0.9315	1.8858	0.901	1.05	0.9332
K	0.2376	1.1563	0.3462	0.1407	1.5016	0.1243	0.5255	0.709	0.5657
L	1.1524	0.3739	0.1579	0.0887	0.8188	0.623	0.6099	0.5869	0.6943
M	1.4373	0.6172	0.2328	0.1022	0.4635	0.505	0.6612	0.5488	1.4413
N	0.9188	1.1284	0.5305	0.377	0.764	0.2326	1.7107	0.9225	0.6352
P	0.9513	0.2115	0.4313	0.0818	0.5027	2.185	0.5843	2.1311	0.2643
Q	0.9635	1.1424	0.4528	0.0911	1.1312	0.1504	1.5082	0.9514	0.9591
R	0.1522	1.0842	0.4255	0.1382	1.1799	0.067	1.1195	0.8988	0.8458
S	0.901	1.1903	3.0979	2.0118	0.8551	1.0353	1.1728	0.9943	1.6594
T	0.9514	1.5682	4.3563	0.6594	1.0611	1.3653	0.7816	1.2563	0.9117
V	2.0886	0.7243	0.4147	0.519	2.2811	3.3002	1.0563	1.0058	1.148
W	1.7207	0.7712	0.536	0.1582	0.2928	0.0704	0.818	0.5043	0.3879
Y	1.25	1.4546	0.4176	0.1203	0.8133	0.1708	0.7313	0.9807	0.7515

pepL	alpha	w_s
12	99.5307	0.083	0.1488	0	0.3949	0.3734
13	98.9575	0.0263	0.0764	0.2382	0.4675	0.1916
14	98.3294	0.0043	0.0259	0.161	0	0.4702	0.2977	0.0409
15	98.0139	0.0017	0.0096	0.0839	0.376	0.4093	0.0998	0.0197
16	98.2233	8e-04	0.0022	0.03	0.2337	0	0.5219	0.1563	0.0471	0.0079
17	98.735	8e-04	0.0019	0.0146	0.1152	0.4293	0.2806	0.114	0.0363	0.0072
18	99.2174	5e-04	0.0013	0.0066	0.0433	0.2908	0	0.3312	0.218	0.0767	0.0267	0.005
19	99.5133	0.001	0.0012	0.0074	0.029	0.145	0.2323	0.2918	0.1844	0.0762	0.0263	0.0055
20	99.691	0.001	0.0012	0.0048	0.0176	0.0704	0.1449	0	0.2809	0.2454	0.1596	0.0505	0.0192	0.0045
21	99.7886	0.0013	0.002	0.0054	0.0189	0.0569	0.1038	0.1383	0.2554	0.2215	0.1327	0.043	0.0166	0.0041
