Allele	DQA1_01_03__DQB1_06_37
Type	Standard
n_specificities	1
npep_u	1
npep_t	5000
spec_ids	1
L_core	9
L_N	0
L_C	0
CS_perL	1
pepL_lower	12
pepL_upper	21
n_diff_aa	20

PWM_norm.1	P1	P2	P3	P4	P5	P6	P7	P8	P9
A	0.9954	1.298	0.9442	2.1818	1.5975	1.8632	2.1362	1.6177	3.8652
C	0.1631	0.2391	0.1613	0.4803	0.2039	0.2501	0.2784	0.1716	0.3045
D	0.4258	0.7043	0.4731	0.273	0.876	0.4336	0.652	0.5142	0.5741
E	0.7749	1.0247	0.229	0.1701	1.3298	0.3194	1.7718	1.2261	0.38
F	0.5258	0.4394	0.2306	0.4532	0.4456	0.4031	0.9125	0.6187	0.2516
G	0.3853	0.7132	0.8159	0.3543	0.4957	0.2735	0.7338	0.877	2.9819
H	0.7496	2.3334	0.3293	0.2956	1.4366	0.2005	1.267	0.9366	0.3866
I	2.0746	0.7881	0.2176	3.0085	0.8519	3.1486	0.8402	1.0367	0.3812
K	0.1686	1.2925	0.1666	0.0939	1.5714	0.2134	0.5682	0.7525	0.1462
L	1.4225	0.4882	0.1113	0.6933	0.6631	1.8191	0.7095	0.5769	0.1634
M	0.9164	0.6284	0.1388	0.5672	0.456	1.9505	0.4948	0.545	0.4387
N	3.7773	1.2965	0.2101	0.4167	0.9021	0.345	1.2055	0.9046	0.5332
P	0.1565	0.1295	0.2389	0.0623	0.2775	0.9531	0.5476	2.1045	0.2876
Q	1.6606	1.4317	0.2665	0.2003	1.8151	0.3406	1.4868	0.9468	1.7435
R	0.1263	1.539	0.0801	0.065	0.9376	0.1176	0.9213	0.9217	0.1379
S	1.6147	1.0028	2.1855	1.252	0.9547	0.4022	1.086	1.0171	2.3719
T	0.9845	1.8356	10.1231	2.4372	1.4405	1.0772	0.7028	1.2686	0.7784
V	1.5737	0.9647	0.1295	4.548	1.4577	3.6048	0.9454	1.0117	0.5032
W	0.2593	1.6405	0.1701	0.1396	0.318	0.133	0.7124	0.4964	0.094
Y	0.3119	1.1971	0.1547	0.1488	0.6998	0.2627	1.0466	0.9943	0.1756

pepL	alpha	w_s
12	99.5307	0.083	0.1488	0	0.3949	0.3733
13	98.9574	0.0263	0.0764	0.2382	0.4675	0.1916
14	98.3293	0.0043	0.0259	0.161	0	0.4702	0.2976	0.0409
15	98.0138	0.0017	0.0096	0.0839	0.3761	0.4093	0.0998	0.0197
16	98.2233	8e-04	0.0022	0.03	0.2337	0	0.522	0.1562	0.0472	0.0079
17	98.7349	8e-04	0.0019	0.0146	0.1152	0.4294	0.2806	0.114	0.0362	0.0072
18	99.2174	5e-04	0.0013	0.0066	0.0433	0.2908	0	0.3312	0.218	0.0767	0.0267	0.005
19	99.5134	0.001	0.0012	0.0074	0.029	0.145	0.2323	0.2917	0.1843	0.0762	0.0263	0.0055
20	99.6911	0.001	0.0012	0.0048	0.0176	0.0704	0.1449	0	0.2809	0.2453	0.1596	0.0505	0.0192	0.0045
21	99.7886	0.0013	0.002	0.0054	0.0189	0.0569	0.1038	0.1384	0.2552	0.2215	0.1327	0.043	0.0166	0.0041
