Allele	DQA1_01_14__DQB1_06_33
Type	Standard
n_specificities	1
npep_u	1
npep_t	5000
spec_ids	1
L_core	9
L_N	0
L_C	0
CS_perL	1
pepL_lower	12
pepL_upper	21
n_diff_aa	20

PWM_norm.1	P1	P2	P3	P4	P5	P6	P7	P8	P9
A	0.9709	1.3092	0.9717	3.7878	1.7997	2.7753	1.9481	1.6689	3.7675
C	0.1551	0.2173	0.1749	0.5071	0.143	0.3632	0.1367	0.1831	0.3142
D	0.4195	0.6723	0.512	0.281	0.8338	0.3386	0.3875	0.5241	0.6039
E	0.7261	1.0467	0.2438	0.221	1.007	0.2635	0.8946	1.1834	0.3825
F	0.5309	0.4446	0.2386	0.5676	0.4265	0.205	0.6785	0.615	0.3203
G	0.3688	0.6772	0.8622	0.4959	0.4672	0.4639	0.2752	0.8962	2.9572
H	0.7552	2.3114	0.3514	0.7862	1.3232	0.0996	2.3509	0.9551	0.4271
I	2.1248	0.7997	0.2453	1.4816	1.0315	2.5263	0.6561	1.05	0.4066
K	0.1694	1.3223	0.1745	0.1299	1.8681	0.1289	0.9134	0.709	0.1675
L	1.4783	0.5004	0.1145	0.4592	0.7195	1.2784	0.8333	0.5869	0.1737
M	0.8906	0.6127	0.1455	0.6254	0.6204	1.1891	0.5241	0.5488	0.4458
N	3.9275	1.2957	0.1996	0.6017	1.1478	0.3602	0.8691	0.9225	0.5581
P	0.1632	0.1267	0.2343	0.0749	0.4905	1.3455	0.4872	2.1311	0.2819
Q	1.657	1.3971	0.2491	0.212	1.3565	0.1948	2.7068	0.9514	1.7663
R	0.1114	1.5742	0.0754	0.0856	1.1501	0.0761	2.2913	0.8988	0.1426
S	1.5987	0.997	2.3572	1.9971	0.7849	0.5583	0.5949	0.9943	2.3547
T	0.9065	1.8421	9.6944	2.1614	1.1471	1.038	0.5201	1.2563	0.7576
V	1.5782	0.9968	0.1288	2.6492	1.4924	3.9299	0.9998	1.0058	0.4986
W	0.2657	1.4582	0.1747	0.2215	0.2964	0.0508	0.6635	0.5043	0.0953
Y	0.3011	1.1825	0.137	0.1726	0.7058	0.1256	1.2821	0.9807	0.195

pepL	alpha	w_s
12	99.5307	0.083	0.1488	0	0.3949	0.3734
13	98.9575	0.0263	0.0764	0.2382	0.4675	0.1916
14	98.3294	0.0043	0.0259	0.161	0	0.4702	0.2977	0.0409
15	98.0139	0.0017	0.0096	0.0839	0.376	0.4093	0.0998	0.0197
16	98.2233	8e-04	0.0022	0.03	0.2337	0	0.5219	0.1563	0.0471	0.0079
17	98.735	8e-04	0.0019	0.0146	0.1152	0.4293	0.2806	0.114	0.0363	0.0072
18	99.2174	5e-04	0.0013	0.0066	0.0433	0.2908	0	0.3312	0.218	0.0767	0.0267	0.005
19	99.5133	0.001	0.0012	0.0074	0.029	0.145	0.2323	0.2918	0.1844	0.0762	0.0263	0.0055
20	99.691	0.001	0.0012	0.0048	0.0176	0.0704	0.1449	0	0.2809	0.2454	0.1596	0.0505	0.0192	0.0045
21	99.7886	0.0013	0.002	0.0054	0.0189	0.0569	0.1038	0.1383	0.2554	0.2215	0.1327	0.043	0.0166	0.0041
