Allele	DQA1_05_01__DQB1_03_01
Type	Standard
n_specificities	1
npep_u	1
npep_t	7795
spec_ids	1
L_core	9
L_N	0
L_C	0
CS_perL	1
pepL_lower	12
pepL_upper	21
n_diff_aa	20

PWM_norm.1	P1	P2	P3	P4	P5	P6	P7	P8	P9
A	1.7471	2.5911	3.4353	5.2732	2.0726	4.1647	3.1169	1.8963	2.8605
C	0.2778	0.0157	0.5567	0.094	0.0277	1.4377	0.4867	0.0156	1.5465
D	0.1342	0.3706	0.5129	0.023	0.8248	0.0512	0.4228	0.5361	0.6956
E	0.573	0.8716	0.4315	0.021	1.2864	0.0815	1.1818	0.7807	0.2092
F	1.8872	0.5193	0.5636	0.0386	0.2899	0.0501	0.7609	0.9566	0.2055
G	0.0935	1.5748	3.6472	6.65	0.6694	0.4495	0.986	1.0775	2.1992
H	0.2839	1.656	0.9359	0.0241	0.8678	0.0416	1.4455	0.3295	0.3573
I	2.151	0.478	0.171	0.0275	0.8206	1.743	0.7116	1.1301	1.3293
K	0.1922	0.9608	0.2391	0.0199	1.328	0.0165	0.2666	0.8171	0.0357
L	0.7668	0.2606	0.1998	0.0113	0.8437	0.4731	0.492	0.8565	0.2714
M	0.7475	0.8163	0.4587	0.0159	0.4022	0.2134	0.6227	0.3719	0.222
N	0.0299	0.9312	0.6019	0.0565	0.7087	0.0494	1.1285	0.7217	1.3703
P	3.0957	0.0994	0.8624	0.0298	0.3394	2.893	0.8342	2.1757	0.4238
Q	0.184	1.5183	0.5822	0.0123	1.1388	0.0141	1.6851	0.6297	0.5154
R	0.0903	1.1114	1.1394	0.0127	0.8233	0.0122	0.8845	1.1628	0.0674
S	0.2982	1.2936	1.449	1.8558	0.8572	0.885	1.0882	1.0646	1.9019
T	0.5422	1.5926	0.4426	0.1619	1.1583	1.289	0.5535	1.0955	1.6961
V	2.5592	0.5805	0.2925	0.3133	2.1397	2.9927	0.801	0.7812	1.7039
W	5.367	1.6313	0.1993	0.1459	0.3344	0.0103	0.9361	0.3445	0.2291
Y	2.4338	1.1547	1.0311	0.0142	1.0277	0.0409	0.9762	0.9604	0.2341

pepL	alpha	w_s
12	99.5307	0.083	0.1488	0	0.3949	0.3733
13	98.9574	0.0263	0.0764	0.2382	0.4675	0.1916
14	98.3293	0.0043	0.0259	0.161	0	0.4702	0.2976	0.0409
15	98.0138	0.0017	0.0096	0.0839	0.3761	0.4093	0.0998	0.0197
16	98.2233	8e-04	0.0022	0.03	0.2337	0	0.522	0.1562	0.0472	0.0079
17	98.7349	8e-04	0.0019	0.0146	0.1152	0.4294	0.2806	0.114	0.0362	0.0072
18	99.2174	5e-04	0.0013	0.0066	0.0433	0.2908	0	0.3312	0.218	0.0767	0.0267	0.005
19	99.5134	0.001	0.0012	0.0074	0.029	0.145	0.2323	0.2917	0.1843	0.0762	0.0263	0.0055
20	99.6911	0.001	0.0012	0.0048	0.0176	0.0704	0.1449	0	0.2809	0.2453	0.1596	0.0505	0.0192	0.0045
21	99.7886	0.0013	0.002	0.0054	0.0189	0.0569	0.1038	0.1384	0.2552	0.2215	0.1327	0.043	0.0166	0.0041
