Allele	DQA1_01_14__DQB1_03_180
Type	Standard
n_specificities	1
npep_u	1
npep_t	5000
spec_ids	1
L_core	9
L_N	0
L_C	0
CS_perL	1
pepL_lower	12
pepL_upper	21
n_diff_aa	20

PWM_norm.1	P1	P2	P3	P4	P5	P6	P7	P8	P9
A	1.0238	1.298	0.9442	3.5379	1.5975	1.597	2.1362	1.6177	2.4334
C	0.4487	0.2391	0.1613	0.4436	0.2039	0.2798	0.2784	0.1716	0.485
D	0.4599	0.7043	0.4731	0.3895	0.876	3.1953	0.652	0.5142	0.8551
E	0.6902	1.0247	0.229	0.1276	1.3298	0.4901	1.7718	1.2261	0.5572
F	1.6118	0.4394	0.2306	0.7165	0.4456	0.1624	0.9125	0.6187	0.2352
G	0.385	0.7132	0.8159	1.3103	0.4957	0.3507	0.7338	0.877	2.3062
H	0.8752	2.3334	0.3293	0.5692	1.4366	0.1979	1.267	0.9366	0.9132
I	2.8089	0.7881	0.2176	1.2242	0.8519	2.4328	0.8402	1.0367	0.9468
K	0.449	1.2925	0.1666	0.1534	1.5714	0.2942	0.5682	0.7525	0.3182
L	1.2659	0.4882	0.1113	0.2606	0.6631	1.1875	0.7095	0.5769	0.3003
M	1.6189	0.6284	0.1388	0.3082	0.456	0.8751	0.4948	0.545	0.377
N	1.2991	1.2965	0.2101	0.4612	0.9021	0.5872	1.2055	0.9046	1.4104
P	0.7338	0.1295	0.2389	0.132	0.2775	1.1781	0.5476	2.1045	0.5243
Q	0.9526	1.4317	0.2665	0.1371	1.8151	0.3125	1.4868	0.9468	1.0143
R	0.289	1.539	0.0801	0.1171	0.9376	0.1474	0.9213	0.9217	0.2348
S	0.7435	1.0028	2.1855	2.0152	0.9547	0.6029	1.086	1.0171	2.151
T	0.8013	1.8356	10.1231	2.0441	1.4405	1.0824	0.7028	1.2686	1.1015
V	1.8856	0.9647	0.1295	2.8268	1.4577	2.7893	0.9454	1.0117	1.07
W	1.755	1.6405	0.1701	0.2265	0.318	0.0882	0.7124	0.4964	0.1475
Y	1.466	1.1971	0.1547	0.2163	0.6998	0.1495	1.0466	0.9943	0.272

pepL	alpha	w_s
12	99.5307	0.083	0.1488	0	0.3949	0.3733
13	98.9574	0.0263	0.0764	0.2382	0.4675	0.1916
14	98.3293	0.0043	0.0259	0.161	0	0.4702	0.2976	0.0409
15	98.0138	0.0017	0.0096	0.0839	0.3761	0.4093	0.0998	0.0197
16	98.2233	8e-04	0.0022	0.03	0.2337	0	0.522	0.1562	0.0472	0.0079
17	98.7349	8e-04	0.0019	0.0146	0.1152	0.4294	0.2806	0.114	0.0362	0.0072
18	99.2174	5e-04	0.0013	0.0066	0.0433	0.2908	0	0.3312	0.218	0.0767	0.0267	0.005
19	99.5134	0.001	0.0012	0.0074	0.029	0.145	0.2323	0.2917	0.1843	0.0762	0.0263	0.0055
20	99.6911	0.001	0.0012	0.0048	0.0176	0.0704	0.1449	0	0.2809	0.2453	0.1596	0.0505	0.0192	0.0045
21	99.7886	0.0013	0.002	0.0054	0.0189	0.0569	0.1038	0.1384	0.2552	0.2215	0.1327	0.043	0.0166	0.0041
