Allele	DQA1_01_03__DQB1_06_03
Type	Standard
n_specificities	1
npep_u	1
npep_t	3770
spec_ids	1
L_core	9
L_N	0
L_C	0
CS_perL	1
pepL_lower	12
pepL_upper	21
n_diff_aa	20

PWM_norm.1	P1	P2	P3	P4	P5	P6	P7	P8	P9
A	0.7836	0.7787	1.0022	3.8183	1.4696	0.7068	0.7682	2.3495	3.5388
C	0.187	0.0401	0.2288	0.9063	0.031	0.2404	0.125	0.0795	0.2251
D	0.7016	0.6423	0.3966	0.1588	0.6041	9.4591	0.8602	0.3088	1.505
E	0.962	1.2017	0.1004	0.1453	1.0599	0.8983	0.7627	0.7732	0.6034
F	0.6401	0.4381	0.2851	0.5541	0.7949	0.1135	0.861	1.0251	0.0726
G	0.4182	0.5668	0.8664	0.2949	0.434	0.1264	0.141	0.8318	2.2787
H	1.4061	2.1936	0.4172	1.0999	1.913	0.0313	1.8403	1.0369	0.4515
I	1.7143	0.9501	0.246	1.9358	0.7994	1.3111	1.0066	0.6509	0.3067
K	0.1736	1.4647	0.1509	0.0562	2.025	0.0761	0.6644	0.7546	0.0427
L	0.9547	0.2761	0.1156	0.4122	0.5947	0.9646	0.6063	0.6004	0.0751
M	0.8733	0.5644	0.0535	0.6204	0.3824	0.5061	0.8328	0.6104	0.3838
N	2.3132	1.1577	0.0962	0.24	0.774	0.4182	0.3645	0.4577	1.0646
P	0.0828	0.1889	0.1971	0.0552	0.3368	0.8583	3.1174	2.273	0.151
Q	1.6188	1.8401	0.1672	0.2209	1.3214	0.103	1.0462	0.9042	1.116
R	0.1416	1.0538	0.0544	0.0358	0.9687	0.0445	0.8339	1.0024	0.1313
S	2.2943	0.9382	2.2897	1.6305	1.425	0.2827	0.9118	1.3384	2.8341
T	1.0315	1.8526	10.3417	1.9815	1.0001	0.4479	1.376	1.0554	1.0808
V	1.8735	1.2851	0.0932	3.4186	1.795	1.9545	1.8676	0.8219	0.5139
W	0.6812	5.3807	0.0237	0.5536	0.5121	0.0195	0.8918	0.4481	0.1489
Y	0.3947	1.1056	0.0549	0.2567	0.4544	0.0494	0.689	0.6971	0.0326

pepL	alpha	w_s
12	99.5307	0.083	0.1488	0	0.3949	0.3734
13	98.9575	0.0263	0.0764	0.2382	0.4675	0.1916
14	98.3294	0.0043	0.0259	0.161	0	0.4702	0.2977	0.0409
15	98.0139	0.0017	0.0096	0.0839	0.376	0.4093	0.0998	0.0197
16	98.2233	8e-04	0.0022	0.03	0.2337	0	0.5219	0.1563	0.0471	0.0079
17	98.735	8e-04	0.0019	0.0146	0.1152	0.4293	0.2806	0.114	0.0363	0.0072
18	99.2174	5e-04	0.0013	0.0066	0.0433	0.2908	0	0.3312	0.218	0.0767	0.0267	0.005
19	99.5133	0.001	0.0012	0.0074	0.029	0.145	0.2323	0.2918	0.1844	0.0762	0.0263	0.0055
20	99.691	0.001	0.0012	0.0048	0.0176	0.0704	0.1449	0	0.2809	0.2454	0.1596	0.0505	0.0192	0.0045
21	99.7886	0.0013	0.002	0.0054	0.0189	0.0569	0.1038	0.1383	0.2554	0.2215	0.1327	0.043	0.0166	0.0041
