Allele	DQA1_01_14__DQB1_03_100
Type	Standard
n_specificities	1
npep_u	1
npep_t	5000
spec_ids	1
L_core	9
L_N	0
L_C	0
CS_perL	1
pepL_lower	12
pepL_upper	21
n_diff_aa	20

PWM_norm.1	P1	P2	P3	P4	P5	P6	P7	P8	P9
A	1.0822	1.3092	0.9717	2.3289	1.5299	1.865	2.1981	1.6689	2.9161
C	0.4216	0.2173	0.1749	0.6176	0.262	0.2636	0.2806	0.1831	0.6671
D	0.3959	0.6723	0.512	0.343	0.9245	0.2833	0.6517	0.5241	0.5929
E	0.6012	1.0467	0.2438	0.2504	1.3451	0.328	1.771	1.1834	0.3784
F	1.8881	0.4446	0.2386	1.0731	0.4745	0.3352	0.8684	0.615	0.3497
G	0.3345	0.6772	0.8622	0.7286	0.4724	0.2662	0.6918	0.8962	2.5099
H	1.0558	2.3114	0.3514	0.8076	1.432	0.1352	1.3034	0.9551	0.5663
I	2.7831	0.7997	0.2453	2.1115	0.9041	2.9926	0.8269	1.05	0.8799
K	0.5619	1.3223	0.1745	0.1729	1.6059	0.1623	0.5187	0.709	0.2467
L	1.3294	0.5004	0.1145	0.4808	0.6796	1.9053	0.6711	0.5869	0.3746
M	1.5971	0.6127	0.1455	0.7547	0.4882	1.9181	0.4796	0.5488	0.5746
N	1.3451	1.2957	0.1996	0.6425	0.9695	0.3011	1.1671	0.9225	1.0211
P	0.7912	0.1267	0.2343	0.1187	0.2742	0.9372	0.4864	2.1311	0.4162
Q	0.8366	1.3971	0.2491	0.2665	1.6909	0.3053	1.5083	0.9514	1.1764
R	0.3323	1.5742	0.0754	0.1475	0.9732	0.1007	1.0397	0.8988	0.2133
S	0.6241	0.997	2.3572	1.7142	0.9266	0.3939	1.1219	0.9943	2.0485
T	0.7288	1.8421	9.6944	2.0998	1.3909	1.0174	0.6813	1.2563	1.056
V	1.7533	0.9968	0.1288	3.1012	1.4449	3.9959	0.9784	1.0058	1.0539
W	1.6835	1.4582	0.1747	0.6642	0.3849	0.107	0.6854	0.5043	0.177
Y	1.6336	1.1825	0.137	0.5265	0.7284	0.2141	1.0719	0.9807	0.316

pepL	alpha	w_s
12	99.5307	0.083	0.1488	0	0.3949	0.3734
13	98.9575	0.0263	0.0764	0.2382	0.4675	0.1916
14	98.3294	0.0043	0.0259	0.161	0	0.4702	0.2977	0.0409
15	98.0139	0.0017	0.0096	0.0839	0.376	0.4093	0.0998	0.0197
16	98.2233	8e-04	0.0022	0.03	0.2337	0	0.5219	0.1563	0.0471	0.0079
17	98.735	8e-04	0.0019	0.0146	0.1152	0.4293	0.2806	0.114	0.0363	0.0072
18	99.2174	5e-04	0.0013	0.0066	0.0433	0.2908	0	0.3312	0.218	0.0767	0.0267	0.005
19	99.5133	0.001	0.0012	0.0074	0.029	0.145	0.2323	0.2918	0.1844	0.0762	0.0263	0.0055
20	99.691	0.001	0.0012	0.0048	0.0176	0.0704	0.1449	0	0.2809	0.2454	0.1596	0.0505	0.0192	0.0045
21	99.7886	0.0013	0.002	0.0054	0.0189	0.0569	0.1038	0.1383	0.2554	0.2215	0.1327	0.043	0.0166	0.0041
