Allele	DQA1_02_01__DQB1_05_132Q
Type	Standard
n_specificities	1
npep_u	1
npep_t	5000
spec_ids	1
L_core	9
L_N	0
L_C	0
CS_perL	1
pepL_lower	12
pepL_upper	21
n_diff_aa	20

PWM_norm.1	P1	P2	P3	P4	P5	P6	P7	P8	P9
A	0.9559	1.4105	0.6246	0.9348	1.1887	2.8886	1.3814	1.0476	1.3802
C	0.3855	0.072	0.1011	0.6975	0.2042	0.6261	0.5094	0.1337	0.0744
D	0.8618	1.0878	1.6314	0.704	0.8778	0.4789	0.6845	1.0551	3.9922
E	1.0395	1.5662	0.3733	0.5686	1.0482	0.5085	1.3414	1.4778	4.1863
F	1.0434	0.8238	0.4906	3.6795	0.8094	0.3057	0.7971	0.9463	0.2948
G	0.6069	0.5663	0.3993	0.4845	0.7129	0.6009	0.6301	0.5223	0.8347
H	1.163	1.846	0.5296	2.2022	1.2326	0.2242	2.3662	0.5543	1.0059
I	1.7516	0.9825	0.4311	1.2107	1.0548	1.6634	0.8575	0.9357	0.3626
K	0.3592	0.7655	0.3562	0.5483	1.4307	0.2536	0.9292	1.6816	0.1776
L	0.8153	0.7118	0.118	0.8693	0.8311	0.6413	0.8661	0.528	0.2423
M	1.1895	0.5262	0.2613	2.1725	0.8306	0.5433	0.7436	0.9577	0.3092
N	0.7697	1.6941	0.3425	0.7292	0.9104	0.2838	1.4904	0.7218	0.7556
P	1.04	0.0864	0.1579	0.2518	1.0463	2.2027	0.3798	1.1841	0.2132
Q	1.587	0.9617	0.7496	0.8788	1.2346	0.258	1.8514	0.8432	1.2305
R	0.482	1.7044	0.1518	0.4258	1.0464	0.1193	1.3578	1.4994	0.1431
S	0.8743	1.1242	3.4888	0.3959	0.7997	1.2324	0.7281	1.0693	1.1012
T	1.1654	1.2655	6.2603	0.5644	1.179	1.1033	0.5799	1.1951	0.5441
V	1.9685	0.7195	0.3411	0.8777	1.2922	2.7984	0.9717	0.855	0.4145
W	1.2877	0.6261	0.3204	6.0882	0.4452	0.1215	1.0823	0.7912	0.1026
Y	1.1932	1.1437	0.3707	4.1755	1.0743	0.2578	1.2622	1.243	0.1741

pepL	alpha	w_s
12	99.5307	0.083	0.1488	0	0.3949	0.3734
13	98.9575	0.0263	0.0764	0.2382	0.4675	0.1916
14	98.3294	0.0043	0.0259	0.161	0	0.4702	0.2977	0.0409
15	98.0139	0.0017	0.0096	0.0839	0.376	0.4093	0.0998	0.0197
16	98.2233	8e-04	0.0022	0.03	0.2337	0	0.5219	0.1563	0.0471	0.0079
17	98.735	8e-04	0.0019	0.0146	0.1152	0.4293	0.2806	0.114	0.0363	0.0072
18	99.2174	5e-04	0.0013	0.0066	0.0433	0.2908	0	0.3312	0.218	0.0767	0.0267	0.005
19	99.5133	0.001	0.0012	0.0074	0.029	0.145	0.2323	0.2918	0.1844	0.0762	0.0263	0.0055
20	99.691	0.001	0.0012	0.0048	0.0176	0.0704	0.1449	0	0.2809	0.2454	0.1596	0.0505	0.0192	0.0045
21	99.7886	0.0013	0.002	0.0054	0.0189	0.0569	0.1038	0.1383	0.2554	0.2215	0.1327	0.043	0.0166	0.0041
