Allele	DQA1_01_14__DQB1_04_32
Type	Standard
n_specificities	1
npep_u	1
npep_t	5000
spec_ids	1
L_core	9
L_N	0
L_C	0
CS_perL	1
pepL_lower	12
pepL_upper	21
n_diff_aa	20

PWM_norm.1	P1	P2	P3	P4	P5	P6	P7	P8	P9
A	1.0238	1.298	0.7788	1.3362	1.0411	1.6927	1.3494	1.6177	2.5192
C	0.4487	0.2391	0.1285	0.7509	0.2849	0.3187	0.5698	0.1716	0.7252
D	0.4599	0.7043	1.2452	0.5448	1.1057	0.4782	0.6854	0.5142	0.626
E	0.6902	1.0247	0.2694	0.5408	1.1563	0.3901	1.2191	1.2261	0.4318
F	1.6118	0.4394	0.436	1.9682	0.6071	0.5774	0.8174	0.6187	0.4826
G	0.385	0.7132	0.7555	0.5141	0.6104	0.3105	0.692	0.877	2.2851
H	0.8752	2.3334	1.0712	1.611	1.3655	0.3354	2.3051	0.9366	0.7172
I	2.8089	0.7881	0.3468	2.1873	1.0637	2.9977	0.9322	1.0367	0.9604
K	0.449	1.2925	0.3287	0.5172	1.5512	0.3286	0.925	0.7525	0.4064
L	1.2659	0.4882	0.1537	0.8238	0.9016	1.8282	0.9078	0.5769	0.382
M	1.6189	0.6284	0.2024	1.6339	0.7485	2.3779	0.8771	0.545	0.8079
N	1.2991	1.2965	0.2789	0.7078	1.1692	0.408	1.7159	0.9046	1.0515
P	0.7338	0.1295	0.2079	0.1674	0.6475	0.8524	0.4394	2.1045	0.4748
Q	0.9526	1.4317	0.8185	0.8208	1.3957	0.4369	1.8038	0.9468	1.1624
R	0.289	1.539	0.1001	0.3836	1.0351	0.1889	1.1181	0.9217	0.3665
S	0.7435	1.0028	2.8517	0.7418	0.7707	0.4309	0.718	1.0171	1.9403
T	0.8013	1.8356	7.1004	1.3724	1.2014	1.0873	0.6046	1.2686	1.0571
V	1.8856	0.9647	0.1717	2.0191	1.2837	3.0759	0.9895	1.0117	1.0114
W	1.755	1.6405	0.2164	2.5272	0.3318	0.2525	1.1842	0.4964	0.3386
Y	1.466	1.1971	0.3958	2.012	1.057	0.3961	1.1707	0.9943	0.5107

pepL	alpha	w_s
12	99.5307	0.083	0.1488	0	0.3949	0.3733
13	98.9574	0.0263	0.0764	0.2382	0.4675	0.1916
14	98.3293	0.0043	0.0259	0.161	0	0.4702	0.2976	0.0409
15	98.0138	0.0017	0.0096	0.0839	0.3761	0.4093	0.0998	0.0197
16	98.2233	8e-04	0.0022	0.03	0.2337	0	0.522	0.1562	0.0472	0.0079
17	98.7349	8e-04	0.0019	0.0146	0.1152	0.4294	0.2806	0.114	0.0362	0.0072
18	99.2174	5e-04	0.0013	0.0066	0.0433	0.2908	0	0.3312	0.218	0.0767	0.0267	0.005
19	99.5134	0.001	0.0012	0.0074	0.029	0.145	0.2323	0.2917	0.1843	0.0762	0.0263	0.0055
20	99.6911	0.001	0.0012	0.0048	0.0176	0.0704	0.1449	0	0.2809	0.2453	0.1596	0.0505	0.0192	0.0045
21	99.7886	0.0013	0.002	0.0054	0.0189	0.0569	0.1038	0.1384	0.2552	0.2215	0.1327	0.043	0.0166	0.0041
