Allele	DQA1_06_01__DQB1_03_92
Type	Standard
n_specificities	1
npep_u	1
npep_t	5000
spec_ids	1
L_core	9
L_N	0
L_C	0
CS_perL	1
pepL_lower	12
pepL_upper	21
n_diff_aa	20

PWM_norm.1	P1	P2	P3	P4	P5	P6	P7	P8	P9
A	1.1922	1.913	1.8985	4.434	1.5764	3.2343	2.562	1.6177	2.3108
C	0.1372	0.0795	0.2639	0.1536	0.087	0.6442	0.2857	0.1716	0.6322
D	0.1631	0.9181	0.7437	0.2321	0.6756	0.2858	0.5294	0.5142	0.826
E	0.3935	1.0439	0.5058	0.0842	1.1648	0.3017	1.2599	1.2261	0.5154
F	2.3087	0.4548	0.3861	0.484	0.4278	0.1797	0.6522	0.6187	0.2213
G	0.1576	1.4745	1.172	5.4169	0.5686	0.5895	0.7538	0.877	1.9822
H	0.2892	1.908	0.4824	0.2329	1.267	0.1178	1.1511	0.9366	0.8457
I	3.2157	0.5728	0.4414	0.2032	0.9231	1.7337	0.8783	1.0367	1.1004
K	0.1467	1.1233	0.3541	0.1189	1.513	0.1265	0.4901	0.7525	0.3283
L	0.8856	0.3651	0.1707	0.0698	0.8431	0.5366	0.6397	0.5769	0.3536
M	1.4597	0.6358	0.2637	0.1047	0.4919	0.3168	0.5506	0.545	0.383
N	0.095	1.1213	0.5426	0.3596	0.7756	0.2096	1.2535	0.9046	1.5641
P	2.4256	0.2225	0.4375	0.0921	0.4935	2.52	0.7261	2.1045	0.593
Q	0.2407	1.1633	0.4525	0.0852	1.1114	0.1248	1.5888	0.9468	0.6786
R	0.1058	1.0809	0.4374	0.1146	1.1555	0.0849	1.0975	0.9217	0.2198
S	0.237	1.1961	3.0544	2.0458	0.8605	1.1297	1.1577	1.0171	2.1431
T	0.509	1.5275	4.2796	0.6393	1.034	1.3437	0.7006	1.2686	1.2844
V	2.6441	0.7243	0.4084	0.5099	2.2333	3.0883	1.0814	1.0117	1.3748
W	4.1428	0.778	0.5839	0.1421	0.3063	0.0577	0.6286	0.4964	0.1484
Y	3.0483	1.4189	0.4056	0.1061	0.8354	0.1521	0.728	0.9943	0.2672

pepL	alpha	w_s
12	99.5307	0.083	0.1488	0	0.3949	0.3733
13	98.9574	0.0263	0.0764	0.2382	0.4675	0.1916
14	98.3293	0.0043	0.0259	0.161	0	0.4702	0.2976	0.0409
15	98.0138	0.0017	0.0096	0.0839	0.3761	0.4093	0.0998	0.0197
16	98.2233	8e-04	0.0022	0.03	0.2337	0	0.522	0.1562	0.0472	0.0079
17	98.7349	8e-04	0.0019	0.0146	0.1152	0.4294	0.2806	0.114	0.0362	0.0072
18	99.2174	5e-04	0.0013	0.0066	0.0433	0.2908	0	0.3312	0.218	0.0767	0.0267	0.005
19	99.5134	0.001	0.0012	0.0074	0.029	0.145	0.2323	0.2917	0.1843	0.0762	0.0263	0.0055
20	99.6911	0.001	0.0012	0.0048	0.0176	0.0704	0.1449	0	0.2809	0.2453	0.1596	0.0505	0.0192	0.0045
21	99.7886	0.0013	0.002	0.0054	0.0189	0.0569	0.1038	0.1384	0.2552	0.2215	0.1327	0.043	0.0166	0.0041
