Allele	DQA1_03_01__DQB1_04_01
Type	Standard
n_specificities	1
npep_u	1
npep_t	5000
spec_ids	1
L_core	9
L_N	0
L_C	0
CS_perL	1
pepL_lower	12
pepL_upper	21
n_diff_aa	20

PWM_norm.1	P1	P2	P3	P4	P5	P6	P7	P8	P9
A	0.8315	1.9443	1.4673	1.5741	1.1887	2.8567	1.3814	1.6689	2.4322
C	0.1103	0.0769	0.2748	0.8899	0.2042	0.7187	0.5094	0.1831	0.6263
D	4.6372	0.9028	1.6948	0.8309	0.8778	0.1279	0.6845	0.5241	0.678
E	2.1242	1.0103	0.6021	0.6284	1.0482	0.2659	1.3414	1.1834	0.5078
F	1.1383	0.4744	1.3271	2.4153	0.8094	0.7753	0.7971	0.615	0.2754
G	0.3793	1.4331	1.52	0.9286	0.7129	0.5305	0.6301	0.8962	2.2006
H	0.475	1.8955	1.7034	1.2044	1.2326	0.187	2.3662	0.9551	0.7522
I	1.2032	0.5654	0.8274	1.2991	1.0548	2.2906	0.8575	1.05	1.2317
K	0.2076	1.1563	0.6229	0.6373	1.4307	0.1416	0.9292	0.709	0.3018
L	0.4456	0.3739	0.4281	0.844	0.8311	0.9313	0.8661	0.5869	0.4119
M	0.4479	0.6172	0.8333	2.008	0.8306	1.0449	0.7436	0.5488	0.549
N	0.2289	1.1284	0.7676	1.007	0.9104	0.2062	1.4904	0.9225	1.4299
P	1.6916	0.2115	0.5859	0.3875	1.0463	1.9418	0.3798	2.1311	0.4526
Q	0.4406	1.1424	1.2342	0.7687	1.2346	0.2519	1.8514	0.9514	0.8893
R	0.1907	1.0842	0.5089	0.4723	1.0464	0.0879	1.3578	0.8988	0.2554
S	0.6349	1.1903	1.4208	0.7452	0.7997	0.7701	0.7281	0.9943	1.9327
T	0.4729	1.5682	1.2819	0.8258	1.179	1.241	0.5799	1.2563	1.0787
V	1.4065	0.7243	0.8509	1.0979	1.2922	2.9638	0.9717	1.0058	1.369
W	1.9388	0.7712	0.6928	2.8632	0.4452	0.1993	1.0823	0.5043	0.2164
Y	1.271	1.4546	1.6542	2.1287	1.0743	0.45	1.2622	0.9807	0.3479

pepL	alpha	w_s
12	99.5307	0.083	0.1488	0	0.3949	0.3734
13	98.9575	0.0263	0.0764	0.2382	0.4675	0.1916
14	98.3294	0.0043	0.0259	0.161	0	0.4702	0.2977	0.0409
15	98.0139	0.0017	0.0096	0.0839	0.376	0.4093	0.0998	0.0197
16	98.2233	8e-04	0.0022	0.03	0.2337	0	0.5219	0.1563	0.0471	0.0079
17	98.735	8e-04	0.0019	0.0146	0.1152	0.4293	0.2806	0.114	0.0363	0.0072
18	99.2174	5e-04	0.0013	0.0066	0.0433	0.2908	0	0.3312	0.218	0.0767	0.0267	0.005
19	99.5133	0.001	0.0012	0.0074	0.029	0.145	0.2323	0.2918	0.1844	0.0762	0.0263	0.0055
20	99.691	0.001	0.0012	0.0048	0.0176	0.0704	0.1449	0	0.2809	0.2454	0.1596	0.0505	0.0192	0.0045
21	99.7886	0.0013	0.002	0.0054	0.0189	0.0569	0.1038	0.1383	0.2554	0.2215	0.1327	0.043	0.0166	0.0041
