Allele	DQA1_02_03__DQB1_06_275
Type	Standard
n_specificities	1
npep_u	1
npep_t	5000
spec_ids	1
L_core	9
L_N	0
L_C	0
CS_perL	1
pepL_lower	12
pepL_upper	21
n_diff_aa	20

PWM_norm.1	P1	P2	P3	P4	P5	P6	P7	P8	P9
A	0.7826	1.913	0.9598	3.5538	1.8035	3.1198	1.9745	1.6177	3.4895
C	0.4426	0.0795	0.1663	0.8448	0.0904	0.4385	0.1431	0.1716	0.2894
D	0.5809	0.9181	0.9906	0.4735	0.671	0.3936	0.3967	0.5142	0.8091
E	0.8439	1.0439	0.5908	0.3126	0.8682	0.3739	1.007	1.2261	0.5539
F	2.8895	0.4548	0.3225	0.866	0.6383	0.1737	0.7101	0.6187	0.1874
G	0.3934	1.4745	0.5619	1.0808	0.658	0.5176	0.393	0.877	2.4664
H	2.2084	1.908	0.2686	0.6491	1.2291	0.1129	2.2775	0.9366	0.6515
I	1.8424	0.5728	0.4203	1.1419	1.0248	1.8051	0.5954	1.0367	0.4346
K	0.2658	1.1233	0.2842	0.2103	1.5282	0.1568	0.8337	0.7525	0.1918
L	1.0686	0.3651	0.1234	0.5656	0.8273	0.5785	0.7584	0.5769	0.1482
M	1.5587	0.6358	0.212	0.7379	0.5793	0.366	0.4602	0.545	0.288
N	0.9165	1.1213	0.3731	0.7849	0.7561	0.184	0.7798	0.9046	0.9067
P	0.5586	0.2225	0.2292	0.1738	0.814	2.4846	0.3485	2.1045	0.3644
Q	1.2317	1.1633	0.3679	0.2957	1.1266	0.1472	2.8835	0.9468	1.1745
R	0.38	1.0809	0.1642	0.1566	1.1381	0.0806	2.5749	0.9217	0.146
S	0.4786	1.1961	3.1705	1.7907	0.8534	1.1461	0.5713	1.0171	2.6646
T	0.6776	1.5275	6.8695	1.8462	1.1072	1.1476	0.4245	1.2686	0.9846
V	1.3073	0.7243	0.422	1.8739	1.6725	3.2339	0.8144	1.0117	0.5893
W	2.6904	0.778	0.5608	0.3602	0.3635	0.0591	0.7005	0.4964	0.0866
Y	3.4386	1.4189	0.2066	0.3096	0.7655	0.1448	1.433	0.9943	0.1366

pepL	alpha	w_s
12	99.5307	0.083	0.1488	0	0.3949	0.3733
13	98.9574	0.0263	0.0764	0.2382	0.4675	0.1916
14	98.3293	0.0043	0.0259	0.161	0	0.4702	0.2976	0.0409
15	98.0138	0.0017	0.0096	0.0839	0.3761	0.4093	0.0998	0.0197
16	98.2233	8e-04	0.0022	0.03	0.2337	0	0.522	0.1562	0.0472	0.0079
17	98.7349	8e-04	0.0019	0.0146	0.1152	0.4294	0.2806	0.114	0.0362	0.0072
18	99.2174	5e-04	0.0013	0.0066	0.0433	0.2908	0	0.3312	0.218	0.0767	0.0267	0.005
19	99.5134	0.001	0.0012	0.0074	0.029	0.145	0.2323	0.2917	0.1843	0.0762	0.0263	0.0055
20	99.6911	0.001	0.0012	0.0048	0.0176	0.0704	0.1449	0	0.2809	0.2453	0.1596	0.0505	0.0192	0.0045
21	99.7886	0.0013	0.002	0.0054	0.0189	0.0569	0.1038	0.1384	0.2552	0.2215	0.1327	0.043	0.0166	0.0041
