Allele	DQA1_01_02__DQB1_05_104
Type	Standard
n_specificities	1
npep_u	1
npep_t	5000
spec_ids	1
L_core	9
L_N	0
L_C	0
CS_perL	1
pepL_lower	12
pepL_upper	21
n_diff_aa	20

PWM_norm.1	P1	P2	P3	P4	P5	P6	P7	P8	P9
A	0.9954	0.856	1.2616	0.3907	0.5764	0.695	0.9672	0.9301	1.0875
C	0.1631	0.1435	0.1817	0.1153	0.2597	0.1441	0.2039	0.13	0.1559
D	0.4258	0.6867	2.0457	0.1909	1.3237	11.3987	1.8535	0.9238	2.3658
E	0.7749	1.1989	0.5603	0.1019	1.3006	0.7646	1.1479	1.5244	1.4135
F	0.5258	0.4388	0.9473	6.8177	0.6822	0.136	0.4501	1.7847	1.3223
G	0.3853	0.5517	2.4852	0.1301	0.7553	0.2497	0.3384	0.3776	0.7806
H	0.7496	1.7302	4.3269	2.205	1.5964	0.1603	2.012	0.3708	0.959
I	2.0746	0.688	0.4577	0.5947	1.0429	1.5873	0.9764	1.6406	2.2821
K	0.1686	1.5104	0.5089	0.1449	1.3531	0.2257	0.8015	0.9516	0.2173
L	1.4225	0.4847	0.3769	0.4888	0.808	0.6327	0.5164	0.9065	1.0432
M	0.9164	0.4621	0.4356	1.5547	0.5602	0.3768	0.4488	1.5028	1.0851
N	3.7773	0.8289	0.7008	0.2314	1.2588	0.5469	0.9646	0.8983	0.8286
P	0.1565	0.0897	0.612	0.0426	1.1352	0.2494	2.2267	1.0259	0.1639
Q	1.6606	1.6416	2.0381	0.3563	1.3193	0.2273	1.6773	0.9465	2.2884
R	0.1263	1.8719	0.227	0.134	0.9669	0.1249	0.5344	0.8282	0.1988
S	1.6147	1.0615	1.0453	0.1071	0.6706	0.3156	0.8158	0.6148	0.5173
T	0.9845	1.898	0.5632	0.1439	1.0779	0.5434	0.9158	0.8825	0.566
V	1.5737	1.8549	0.2514	0.3122	1.2953	0.8478	1.3903	1.1408	1.3822
W	0.2593	0.4543	0.2932	15.2308	0.214	0.0995	0.6331	0.7129	0.3471
Y	0.3119	0.6586	2.09	10.4397	1.392	0.1484	0.8063	2.5247	0.8234

pepL	alpha	w_s
12	99.5307	0.083	0.1488	0	0.3949	0.3733
13	98.9574	0.0263	0.0764	0.2382	0.4675	0.1916
14	98.3293	0.0043	0.0259	0.161	0	0.4702	0.2976	0.0409
15	98.0138	0.0017	0.0096	0.0839	0.3761	0.4093	0.0998	0.0197
16	98.2233	8e-04	0.0022	0.03	0.2337	0	0.522	0.1562	0.0472	0.0079
17	98.7349	8e-04	0.0019	0.0146	0.1152	0.4294	0.2806	0.114	0.0362	0.0072
18	99.2174	5e-04	0.0013	0.0066	0.0433	0.2908	0	0.3312	0.218	0.0767	0.0267	0.005
19	99.5134	0.001	0.0012	0.0074	0.029	0.145	0.2323	0.2917	0.1843	0.0762	0.0263	0.0055
20	99.6911	0.001	0.0012	0.0048	0.0176	0.0704	0.1449	0	0.2809	0.2453	0.1596	0.0505	0.0192	0.0045
21	99.7886	0.0013	0.002	0.0054	0.0189	0.0569	0.1038	0.1384	0.2552	0.2215	0.1327	0.043	0.0166	0.0041
