Allele	DQA1_01_14__DQB1_06_243
Type	Standard
n_specificities	1
npep_u	1
npep_t	5000
spec_ids	1
L_core	9
L_N	0
L_C	0
CS_perL	1
pepL_lower	12
pepL_upper	21
n_diff_aa	20

PWM_norm.1	P1	P2	P3	P4	P5	P6	P7	P8	P9
A	0.9954	1.298	2.0014	4.8586	1.6306	2.0517	1.82	1.6177	3.3212
C	0.1631	0.2391	0.2839	0.2068	0.1164	0.3674	0.5521	0.1716	0.2701
D	0.4258	0.7043	0.4154	0.2231	0.8551	0.6961	0.6687	0.5142	0.3533
E	0.7749	1.0247	0.2498	0.0749	1.3503	0.3481	1.3818	1.2261	0.6752
F	0.5258	0.4394	0.2695	0.4909	0.3575	0.2733	0.6253	0.6187	0.7372
G	0.3853	0.7132	1.938	3.3847	0.4625	0.3435	0.7769	0.877	1.7357
H	0.7496	2.3334	0.5956	0.3539	1.488	0.2102	1.7361	0.9366	0.5535
I	2.0746	0.7881	0.2321	0.4414	0.8725	2.7953	0.9554	1.0367	0.7223
K	0.1686	1.2925	0.2255	0.1195	1.6798	0.2542	0.5668	0.7525	0.4865
L	1.4225	0.4882	0.149	0.0952	0.712	1.3718	0.6225	0.5769	0.5256
M	0.9164	0.6284	0.1691	0.1354	0.4078	1.1084	0.7388	0.545	1.263
N	3.7773	1.2965	0.3318	0.3518	0.861	0.4128	1.7601	0.9046	0.4465
P	0.1565	0.1295	0.541	0.0623	0.2441	1.2787	0.5471	2.1045	0.1736
Q	1.6606	1.4317	0.34	0.0916	1.51	0.2748	1.4947	0.9468	1.5061
R	0.1263	1.539	0.2178	0.1093	1.0537	0.1535	1.0922	0.9217	0.9383
S	1.6147	1.0028	2.377	2.2962	0.8683	0.5732	1.0864	1.0171	1.7057
T	0.9845	1.8356	6.1133	1.0704	1.2624	1.4032	0.7624	1.2686	0.7609
V	1.5737	0.9647	0.1279	1.2308	1.8139	3.4857	1.1165	1.0117	0.8487
W	0.2593	1.6405	0.1722	0.1517	0.2318	0.0989	0.8205	0.4964	0.2234
Y	0.3119	1.1971	0.2763	0.1122	0.7184	0.2033	0.7382	0.9943	0.574

pepL	alpha	w_s
12	99.5307	0.083	0.1488	0	0.3949	0.3733
13	98.9574	0.0263	0.0764	0.2382	0.4675	0.1916
14	98.3293	0.0043	0.0259	0.161	0	0.4702	0.2976	0.0409
15	98.0138	0.0017	0.0096	0.0839	0.3761	0.4093	0.0998	0.0197
16	98.2233	8e-04	0.0022	0.03	0.2337	0	0.522	0.1562	0.0472	0.0079
17	98.7349	8e-04	0.0019	0.0146	0.1152	0.4294	0.2806	0.114	0.0362	0.0072
18	99.2174	5e-04	0.0013	0.0066	0.0433	0.2908	0	0.3312	0.218	0.0767	0.0267	0.005
19	99.5134	0.001	0.0012	0.0074	0.029	0.145	0.2323	0.2917	0.1843	0.0762	0.0263	0.0055
20	99.6911	0.001	0.0012	0.0048	0.0176	0.0704	0.1449	0	0.2809	0.2453	0.1596	0.0505	0.0192	0.0045
21	99.7886	0.0013	0.002	0.0054	0.0189	0.0569	0.1038	0.1384	0.2552	0.2215	0.1327	0.043	0.0166	0.0041
