Allele	DQA1_03_04__DQB1_06_20
Type	Standard
n_specificities	1
npep_u	1
npep_t	5000
spec_ids	1
L_core	9
L_N	0
L_C	0
CS_perL	1
pepL_lower	12
pepL_upper	21
n_diff_aa	20

PWM_norm.1	P1	P2	P3	P4	P5	P6	P7	P8	P9
A	0.836	1.913	2.2163	3.4508	1.8035	3.0795	1.9745	1.6177	3.3976
C	0.1613	0.0795	0.278	1.0471	0.0904	0.413	0.1431	0.1716	0.293
D	3.1776	0.9181	1.0586	0.4118	0.671	0.1213	0.3967	0.5142	0.7063
E	2.2428	1.0439	0.9032	0.2674	0.8682	0.2425	1.007	1.2261	0.5569
F	0.9902	0.4548	1.0487	1.2496	0.6383	0.5654	0.7101	0.6187	0.2234
G	0.4694	1.4745	2.2995	1.1837	0.658	0.4287	0.393	0.877	2.7819
H	0.7331	1.908	0.7646	0.6219	1.2291	0.1406	2.2775	0.9366	0.5012
I	1.3747	0.5728	0.7432	1.1043	1.0248	2.383	0.5954	1.0367	0.6388
K	0.2886	1.1233	0.3937	0.2765	1.5282	0.1189	0.8337	0.7525	0.1489
L	0.6072	0.3651	0.4773	0.6133	0.8273	0.8846	0.7584	0.5769	0.2217
M	0.5003	0.6358	0.7244	1.0475	0.5793	0.7324	0.4602	0.545	0.4764
N	0.5925	1.1213	0.8184	0.9127	0.7561	0.1347	0.7798	0.9046	0.6918
P	1.0423	0.2225	0.8711	0.4271	0.814	2.07	0.3485	2.1045	0.2968
Q	0.8183	1.1633	0.6661	0.3087	1.1266	0.1666	2.8835	0.9468	1.4526
R	0.2183	1.0809	0.6115	0.1854	1.1381	0.0583	2.5749	0.9217	0.1415
S	0.9409	1.1961	1.0696	1.74	0.8534	0.7397	0.5713	1.0171	2.2811
T	0.6124	1.5275	0.7597	1.4059	1.1072	1.2107	0.4245	1.2686	0.8716
V	1.6387	0.7243	1.3135	1.3833	1.6725	3.3959	0.8144	1.0117	0.7678
W	1.302	0.778	0.6427	0.6512	0.3635	0.1185	0.7005	0.4964	0.0829
Y	0.9945	1.4189	1.1628	0.5781	0.7655	0.3221	1.433	0.9943	0.2106

pepL	alpha	w_s
12	99.5307	0.083	0.1488	0	0.3949	0.3733
13	98.9574	0.0263	0.0764	0.2382	0.4675	0.1916
14	98.3293	0.0043	0.0259	0.161	0	0.4702	0.2976	0.0409
15	98.0138	0.0017	0.0096	0.0839	0.3761	0.4093	0.0998	0.0197
16	98.2233	8e-04	0.0022	0.03	0.2337	0	0.522	0.1562	0.0472	0.0079
17	98.7349	8e-04	0.0019	0.0146	0.1152	0.4294	0.2806	0.114	0.0362	0.0072
18	99.2174	5e-04	0.0013	0.0066	0.0433	0.2908	0	0.3312	0.218	0.0767	0.0267	0.005
19	99.5134	0.001	0.0012	0.0074	0.029	0.145	0.2323	0.2917	0.1843	0.0762	0.0263	0.0055
20	99.6911	0.001	0.0012	0.0048	0.0176	0.0704	0.1449	0	0.2809	0.2453	0.1596	0.0505	0.0192	0.0045
21	99.7886	0.0013	0.002	0.0054	0.0189	0.0569	0.1038	0.1384	0.2552	0.2215	0.1327	0.043	0.0166	0.0041
