Allele	DQA1_01_07Q__DQB1_05_04
Type	Standard
n_specificities	1
npep_u	1
npep_t	5000
spec_ids	1
L_core	9
L_N	0
L_C	0
CS_perL	1
pepL_lower	12
pepL_upper	21
n_diff_aa	20

PWM_norm.1	P1	P2	P3	P4	P5	P6	P7	P8	P9
A	0.856	0.8879	1.2705	0.7996	1.0198	1.5123	1.3814	1.0476	1.4997
C	0.2414	0.1593	0.1973	0.3783	0.32	0.3277	0.5094	0.1337	0.067
D	0.6507	0.6598	2.0933	0.459	1.0756	4.349	0.6845	1.0551	3.7139
E	1.1371	1.2004	0.5675	0.3075	1.1582	0.4402	1.3414	1.4778	3.882
F	0.7236	0.4534	0.9617	4.5444	0.6473	0.1754	0.7971	0.9463	0.3507
G	0.4296	0.5241	2.4985	0.3185	0.5671	0.3976	0.6301	0.5223	1.0688
H	1.0439	1.7206	4.1688	2.1593	1.423	0.2169	2.3662	0.5543	0.9053
I	2.0847	0.7006	0.4668	1.5364	1.0528	2.4213	0.8575	0.9357	0.3124
K	0.252	1.5511	0.509	0.3421	1.6017	0.3226	0.9292	1.6816	0.1682
L	1.2842	0.5257	0.39	0.9289	0.8722	1.1428	0.8661	0.528	0.2232
M	0.8591	0.4653	0.4801	2.3538	0.7654	0.8865	0.7436	0.9577	0.3132
N	2.5848	0.8427	0.6544	0.4818	1.2276	0.6891	1.4904	0.7218	0.6031
P	0.264	0.0838	0.6169	0.1493	0.6079	0.8995	0.3798	1.1841	0.1975
Q	1.8806	1.5646	1.9785	0.6311	1.4329	0.3127	1.8514	0.8432	1.823
R	0.2404	1.8592	0.232	0.2662	1.0233	0.1668	1.3578	1.4994	0.1367
S	1.2859	1.0305	1.0424	0.2886	0.7702	0.6258	0.7281	1.0693	1.1075
T	0.7949	1.9048	0.5981	0.5024	1.2033	1.1414	0.5799	1.1951	0.5343
V	1.7953	1.842	0.2615	1.0399	1.3048	2.1007	0.9717	0.855	0.3391
W	0.4803	0.4249	0.3195	8.1262	0.3425	0.1208	1.0823	0.7912	0.0785
Y	0.4709	0.6904	1.9985	5.3285	1.051	0.1671	1.2622	1.243	0.1887

pepL	alpha	w_s
12	99.5307	0.083	0.1488	0	0.3949	0.3734
13	98.9575	0.0263	0.0764	0.2382	0.4675	0.1916
14	98.3294	0.0043	0.0259	0.161	0	0.4702	0.2977	0.0409
15	98.0139	0.0017	0.0096	0.0839	0.376	0.4093	0.0998	0.0197
16	98.2233	8e-04	0.0022	0.03	0.2337	0	0.5219	0.1563	0.0471	0.0079
17	98.735	8e-04	0.0019	0.0146	0.1152	0.4293	0.2806	0.114	0.0363	0.0072
18	99.2174	5e-04	0.0013	0.0066	0.0433	0.2908	0	0.3312	0.218	0.0767	0.0267	0.005
19	99.5133	0.001	0.0012	0.0074	0.029	0.145	0.2323	0.2918	0.1844	0.0762	0.0263	0.0055
20	99.691	0.001	0.0012	0.0048	0.0176	0.0704	0.1449	0	0.2809	0.2454	0.1596	0.0505	0.0192	0.0045
21	99.7886	0.0013	0.002	0.0054	0.0189	0.0569	0.1038	0.1383	0.2554	0.2215	0.1327	0.043	0.0166	0.0041
