Allele	DQA1_01_02__DQB1_06_13
Type	Standard
n_specificities	1
npep_u	1
npep_t	5000
spec_ids	1
L_core	9
L_N	0
L_C	0
CS_perL	1
pepL_lower	12
pepL_upper	21
n_diff_aa	20

PWM_norm.1	P1	P2	P3	P4	P5	P6	P7	P8	P9
A	0.9954	1.298	2.371	4.5018	1.9652	1.9509	1.9745	0.9301	1.5008
C	0.1631	0.2391	0.2143	0.5942	0.1113	0.2067	0.1431	0.13	0.2689
D	0.4258	0.7043	0.8656	0.2229	0.7999	0.4637	0.3967	0.9238	1.8111
E	0.7749	1.0247	0.6507	0.114	1.0015	0.2575	1.007	1.5244	0.8516
F	0.5258	0.4394	0.7037	0.4604	0.3955	0.3224	0.7101	1.7847	1.5759
G	0.3853	0.7132	5.2601	0.4968	0.4862	0.2642	0.393	0.3776	1.3077
H	0.7496	2.3334	1.2476	0.3491	1.3718	0.1629	2.2775	0.3708	0.5687
I	2.0746	0.7881	0.2329	1.4707	0.9555	3.6648	0.5954	1.6406	2.493
K	0.1686	1.2925	0.2143	0.1101	1.8545	0.1813	0.8337	0.9516	0.1429
L	1.4225	0.4882	0.3463	0.4023	0.7306	1.9305	0.7584	0.9065	0.948
M	0.9164	0.6284	0.421	0.5468	0.5158	1.7502	0.4602	1.5028	1.4681
N	3.7773	1.2965	0.5417	0.4706	1.1469	0.2885	0.7798	0.8983	0.5737
P	0.1565	0.1295	1.1687	0.0782	0.2953	0.8362	0.3485	1.0259	0.248
Q	1.6606	1.4317	0.8355	0.1293	1.433	0.2894	2.8835	0.9465	1.7105
R	0.1263	1.539	0.2242	0.0686	1.1412	0.0922	2.5749	0.8282	0.1359
S	1.6147	1.0028	0.7953	1.9546	0.8495	0.3276	0.5713	0.6148	0.7038
T	0.9845	1.8356	0.4519	1.9656	1.1917	1.1304	0.4245	0.8825	0.6713
V	1.5737	0.9647	0.2234	2.7868	1.491	3.5078	0.8144	1.1408	1.4945
W	0.2593	1.6405	0.1674	0.1547	0.2469	0.0916	0.7005	0.7129	0.4435
Y	0.3119	1.1971	0.9051	0.1479	0.5978	0.1953	1.433	2.5247	1.0091

pepL	alpha	w_s
12	99.5307	0.083	0.1488	0	0.3949	0.3733
13	98.9574	0.0263	0.0764	0.2382	0.4675	0.1916
14	98.3293	0.0043	0.0259	0.161	0	0.4702	0.2976	0.0409
15	98.0138	0.0017	0.0096	0.0839	0.3761	0.4093	0.0998	0.0197
16	98.2233	8e-04	0.0022	0.03	0.2337	0	0.522	0.1562	0.0472	0.0079
17	98.7349	8e-04	0.0019	0.0146	0.1152	0.4294	0.2806	0.114	0.0362	0.0072
18	99.2174	5e-04	0.0013	0.0066	0.0433	0.2908	0	0.3312	0.218	0.0767	0.0267	0.005
19	99.5134	0.001	0.0012	0.0074	0.029	0.145	0.2323	0.2917	0.1843	0.0762	0.0263	0.0055
20	99.6911	0.001	0.0012	0.0048	0.0176	0.0704	0.1449	0	0.2809	0.2453	0.1596	0.0505	0.0192	0.0045
21	99.7886	0.0013	0.002	0.0054	0.0189	0.0569	0.1038	0.1384	0.2552	0.2215	0.1327	0.043	0.0166	0.0041
