Allele	DQA1_01_02__DQB1_06_243
Type	Standard
n_specificities	1
npep_u	1
npep_t	5000
spec_ids	1
L_core	9
L_N	0
L_C	0
CS_perL	1
pepL_lower	12
pepL_upper	21
n_diff_aa	20

PWM_norm.1	P1	P2	P3	P4	P5	P6	P7	P8	P9
A	0.9954	1.298	3.0519	5.1418	1.6306	2.1568	1.82	1.6177	3.3212
C	0.1631	0.2391	0.233	0.1476	0.1164	0.2978	0.5521	0.1716	0.2701
D	0.4258	0.7043	0.4813	0.1718	0.8551	1.0118	0.6687	0.5142	0.3533
E	0.7749	1.0247	0.396	0.051	1.3503	0.3025	1.3818	1.2261	0.6752
F	0.5258	0.4394	0.436	0.3655	0.3575	0.2245	0.6253	0.6187	0.7372
G	0.3853	0.7132	5.6892	4.2819	0.4625	0.3526	0.7769	0.877	1.7357
H	0.7496	2.3334	1.1681	0.1761	1.488	0.1857	1.7361	0.9366	0.5535
I	2.0746	0.7881	0.1485	0.3208	0.8725	3.3864	0.9554	1.0367	0.7223
K	0.1686	1.2925	0.1901	0.0999	1.6798	0.2368	0.5668	0.7525	0.4865
L	1.4225	0.4882	0.2029	0.0678	0.712	1.416	0.6225	0.5769	0.5256
M	0.9164	0.6284	0.235	0.1079	0.4078	0.9706	0.7388	0.545	1.263
N	3.7773	1.2965	0.5158	0.2789	0.861	0.378	1.7601	0.9046	0.4465
P	0.1565	0.1295	1.1935	0.0637	0.2441	1.0586	0.5471	2.1045	0.1736
Q	1.6606	1.4317	0.6375	0.0603	1.51	0.2346	1.4947	0.9468	1.5061
R	0.1263	1.539	0.3795	0.0854	1.0537	0.1265	1.0922	0.9217	0.9383
S	1.6147	1.0028	0.954	2.236	0.8683	0.4887	1.0864	1.0171	1.7057
T	0.9845	1.8356	0.3505	0.7242	1.2624	1.44	0.7624	1.2686	0.7609
V	1.5737	0.9647	0.1291	0.845	1.8139	3.2087	1.1165	1.0117	0.8487
W	0.2593	1.6405	0.1102	0.103	0.2318	0.0729	0.8205	0.4964	0.2234
Y	0.3119	1.1971	0.708	0.0827	0.7184	0.1561	0.7382	0.9943	0.574

pepL	alpha	w_s
12	99.5307	0.083	0.1488	0	0.3949	0.3733
13	98.9574	0.0263	0.0764	0.2382	0.4675	0.1916
14	98.3293	0.0043	0.0259	0.161	0	0.4702	0.2976	0.0409
15	98.0138	0.0017	0.0096	0.0839	0.3761	0.4093	0.0998	0.0197
16	98.2233	8e-04	0.0022	0.03	0.2337	0	0.522	0.1562	0.0472	0.0079
17	98.7349	8e-04	0.0019	0.0146	0.1152	0.4294	0.2806	0.114	0.0362	0.0072
18	99.2174	5e-04	0.0013	0.0066	0.0433	0.2908	0	0.3312	0.218	0.0767	0.0267	0.005
19	99.5134	0.001	0.0012	0.0074	0.029	0.145	0.2323	0.2917	0.1843	0.0762	0.0263	0.0055
20	99.6911	0.001	0.0012	0.0048	0.0176	0.0704	0.1449	0	0.2809	0.2453	0.1596	0.0505	0.0192	0.0045
21	99.7886	0.0013	0.002	0.0054	0.0189	0.0569	0.1038	0.1384	0.2552	0.2215	0.1327	0.043	0.0166	0.0041
