Allele	DQA1_04_05__DQB1_06_16
Type	Standard
n_specificities	1
npep_u	1
npep_t	5000
spec_ids	1
L_core	9
L_N	0
L_C	0
CS_perL	1
pepL_lower	12
pepL_upper	21
n_diff_aa	20

PWM_norm.1	P1	P2	P3	P4	P5	P6	P7	P8	P9
A	1.1885	1.913	2.2163	4.3734	1.8035	3.1412	1.9745	1.456	3.7827
C	0.3471	0.0795	0.278	0.6824	0.0904	0.4494	0.1431	0.1918	0.4207
D	0.4909	0.9181	1.0586	0.405	0.671	0.1517	0.3967	0.4829	0.5758
E	0.7873	1.0439	0.9032	0.2215	0.8682	0.2322	1.007	1.0776	0.3623
F	1.5569	0.4548	1.0487	0.7757	0.6383	0.5426	0.7101	0.6364	0.2213
G	0.4161	1.4745	2.2995	1.2691	0.658	0.5142	0.393	0.9698	2.54
H	0.804	1.908	0.7646	0.3785	1.2291	0.1548	2.2775	0.9388	0.3685
I	2.6635	0.5728	0.7432	0.9574	1.0248	2.1719	0.5954	1.0447	0.5462
K	0.2738	1.1233	0.3937	0.1837	1.5282	0.1158	0.8337	0.8842	0.2085
L	1.0904	0.3651	0.4773	0.4557	0.8273	0.7941	0.7584	0.554	0.208
M	1.549	0.6358	0.7244	0.6854	0.5793	0.682	0.4602	0.5911	0.4723
N	0.9219	1.1213	0.8184	0.7201	0.7561	0.2062	0.7798	0.8393	0.6795
P	0.951	0.2225	0.8711	0.2017	0.814	2.1894	0.3485	2.0892	0.3592
Q	0.8639	1.1633	0.6661	0.2081	1.1266	0.1928	2.8835	0.917	1.107
R	0.1864	1.0809	0.6115	0.1186	1.1381	0.0649	2.5749	1.0326	0.1428
S	0.7625	1.1961	1.0696	2.0522	0.8534	0.7886	0.5713	1.0094	2.4771
T	0.9418	1.5275	0.7597	1.5414	1.1072	1.3525	0.4245	1.1563	1.0271
V	2.0313	0.7243	1.3135	1.5513	1.6725	3.1419	0.8144	1.1437	0.7869
W	2.2017	0.778	0.6427	0.2571	0.3635	0.1259	0.7005	0.5734	0.1065
Y	1.6847	1.4189	1.1628	0.2441	0.7655	0.3239	1.433	1.2199	0.1649

pepL	alpha	w_s
12	99.5307	0.083	0.1488	0	0.3949	0.3733
13	98.9574	0.0263	0.0764	0.2382	0.4675	0.1916
14	98.3293	0.0043	0.0259	0.161	0	0.4702	0.2976	0.0409
15	98.0138	0.0017	0.0096	0.0839	0.3761	0.4093	0.0998	0.0197
16	98.2233	8e-04	0.0022	0.03	0.2337	0	0.522	0.1562	0.0472	0.0079
17	98.7349	8e-04	0.0019	0.0146	0.1152	0.4294	0.2806	0.114	0.0362	0.0072
18	99.2174	5e-04	0.0013	0.0066	0.0433	0.2908	0	0.3312	0.218	0.0767	0.0267	0.005
19	99.5134	0.001	0.0012	0.0074	0.029	0.145	0.2323	0.2917	0.1843	0.0762	0.0263	0.0055
20	99.6911	0.001	0.0012	0.0048	0.0176	0.0704	0.1449	0	0.2809	0.2453	0.1596	0.0505	0.0192	0.0045
21	99.7886	0.0013	0.002	0.0054	0.0189	0.0569	0.1038	0.1384	0.2552	0.2215	0.1327	0.043	0.0166	0.0041
