Allele	DQA1_06_01__DQB1_06_33
Type	Standard
n_specificities	1
npep_u	1
npep_t	5000
spec_ids	1
L_core	9
L_N	0
L_C	0
CS_perL	1
pepL_lower	12
pepL_upper	21
n_diff_aa	20

PWM_norm.1	P1	P2	P3	P4	P5	P6	P7	P8	P9
A	1.1885	1.913	0.9598	3.6461	1.739	4.0031	1.7387	1.6177	3.6656
C	0.3471	0.0795	0.1663	0.6219	0.0883	0.3377	0.1269	0.1716	0.466
D	0.4909	0.9181	0.9906	0.445	0.654	0.1155	0.3897	0.5142	0.606
E	0.7873	1.0439	0.5908	0.3356	0.8939	0.1748	0.8868	1.2261	0.3872
F	1.5569	0.4548	0.3225	0.8417	0.5745	0.2127	0.7466	0.6187	0.266
G	0.4161	1.4745	0.5619	1.0409	0.6133	0.7297	0.3085	0.877	2.64
H	0.804	1.908	0.2686	0.6206	1.0946	0.0816	2.3129	0.9366	0.4094
I	2.6635	0.5728	0.4203	1.1863	1.083	1.6251	0.6367	1.0367	0.5219
K	0.2738	1.1233	0.2842	0.2222	1.4837	0.0847	0.9578	0.7525	0.1765
L	1.0904	0.3651	0.1234	0.5469	0.8917	0.484	0.8698	0.5769	0.2333
M	1.549	0.6358	0.212	0.7225	0.6112	0.3192	0.5076	0.545	0.5253
N	0.9219	1.1213	0.3731	0.7784	0.7359	0.1623	0.9209	0.9046	0.6682
P	0.951	0.2225	0.2292	0.1832	0.9624	2.589	0.438	2.1045	0.336
Q	0.8639	1.1633	0.3679	0.2792	1.1217	0.0929	2.9703	0.9468	1.2148
R	0.1864	1.0809	0.1642	0.1438	1.0936	0.0461	2.42	0.9217	0.161
S	0.7625	1.1961	3.1705	1.9059	0.8279	0.949	0.5126	1.0171	2.4115
T	0.9418	1.5275	6.8695	1.8528	1.0741	1.0729	0.5076	1.2686	0.9942
V	2.0313	0.7243	0.422	1.7829	1.7358	3.1839	0.8511	1.0117	0.7158
W	2.2017	0.778	0.5608	0.3323	0.3309	0.0367	0.7343	0.4964	0.1176
Y	1.6847	1.4189	0.2066	0.2663	0.7567	0.1198	1.4212	0.9943	0.2063

pepL	alpha	w_s
12	99.5307	0.083	0.1488	0	0.3949	0.3733
13	98.9574	0.0263	0.0764	0.2382	0.4675	0.1916
14	98.3293	0.0043	0.0259	0.161	0	0.4702	0.2976	0.0409
15	98.0138	0.0017	0.0096	0.0839	0.3761	0.4093	0.0998	0.0197
16	98.2233	8e-04	0.0022	0.03	0.2337	0	0.522	0.1562	0.0472	0.0079
17	98.7349	8e-04	0.0019	0.0146	0.1152	0.4294	0.2806	0.114	0.0362	0.0072
18	99.2174	5e-04	0.0013	0.0066	0.0433	0.2908	0	0.3312	0.218	0.0767	0.0267	0.005
19	99.5134	0.001	0.0012	0.0074	0.029	0.145	0.2323	0.2917	0.1843	0.0762	0.0263	0.0055
20	99.6911	0.001	0.0012	0.0048	0.0176	0.0704	0.1449	0	0.2809	0.2453	0.1596	0.0505	0.0192	0.0045
21	99.7886	0.0013	0.002	0.0054	0.0189	0.0569	0.1038	0.1384	0.2552	0.2215	0.1327	0.043	0.0166	0.0041
