Allele	DQA1_01_14__DQB1_06_217
Type	Standard
n_specificities	1
npep_u	1
npep_t	5000
spec_ids	1
L_core	9
L_N	0
L_C	0
CS_perL	1
pepL_lower	12
pepL_upper	21
n_diff_aa	20

PWM_norm.1	P1	P2	P3	P4	P5	P6	P7	P8	P9
A	0.6253	1.298	0.9442	2.1818	1.1503	0.7537	1.0268	0.9301	0.7809
C	0.1536	0.2391	0.1613	0.4803	0.2701	0.1491	0.3636	0.13	0.1973
D	0.2068	0.7043	0.4731	0.273	0.9647	9.8601	0.5937	0.9238	2.7803
E	0.4488	1.0247	0.229	0.1701	1.6566	0.7204	1.3496	1.5244	0.997
F	3.0454	0.4394	0.2306	0.4532	0.6934	0.1018	2.1745	1.7847	1.436
G	0.1726	0.7132	0.8159	0.3543	0.5166	0.179	0.2958	0.3776	0.7289
H	2.4322	2.3334	0.3293	0.2956	1.6108	0.104	2.4753	0.3708	0.647
I	2.1308	0.7881	0.2176	3.0085	0.7964	1.554	1.0314	1.6406	3.4053
K	0.1578	1.2925	0.1666	0.0939	1.4936	0.1364	0.3684	0.9516	0.1622
L	2.1348	0.4882	0.1113	0.6933	0.6068	0.8652	0.4777	0.9065	1.3257
M	1.4527	0.6284	0.1388	0.5672	0.4219	0.4961	0.4743	1.5028	1.2767
N	3.4269	1.2965	0.2101	0.4167	0.756	0.5661	1.3786	0.8983	0.8381
P	0.0815	0.1295	0.2389	0.0623	0.2444	0.5371	2.0874	1.0259	0.1479
Q	1.1588	1.4317	0.2665	0.2003	1.7685	0.2087	0.9745	0.9465	1.2886
R	0.1204	1.539	0.0801	0.065	0.9339	0.0743	0.5228	0.8282	0.1169
S	0.4792	1.0028	2.1855	1.252	1.1093	0.3255	0.7649	0.6148	0.3851
T	0.3612	1.8356	10.1231	2.4372	1.4367	0.5914	0.8758	0.8825	0.5375
V	0.8748	0.9647	0.1295	4.548	1.3048	1.5917	1.088	1.1408	1.7473
W	0.8618	1.6405	0.1701	0.1396	0.4682	0.0595	2.9114	0.7129	0.3979
Y	2.7282	1.1971	0.1547	0.1488	0.875	0.1041	1.5404	2.5247	0.959

pepL	alpha	w_s
12	99.5307	0.083	0.1488	0	0.3949	0.3733
13	98.9574	0.0263	0.0764	0.2382	0.4675	0.1916
14	98.3293	0.0043	0.0259	0.161	0	0.4702	0.2976	0.0409
15	98.0138	0.0017	0.0096	0.0839	0.3761	0.4093	0.0998	0.0197
16	98.2233	8e-04	0.0022	0.03	0.2337	0	0.522	0.1562	0.0472	0.0079
17	98.7349	8e-04	0.0019	0.0146	0.1152	0.4294	0.2806	0.114	0.0362	0.0072
18	99.2174	5e-04	0.0013	0.0066	0.0433	0.2908	0	0.3312	0.218	0.0767	0.0267	0.005
19	99.5134	0.001	0.0012	0.0074	0.029	0.145	0.2323	0.2917	0.1843	0.0762	0.0263	0.0055
20	99.6911	0.001	0.0012	0.0048	0.0176	0.0704	0.1449	0	0.2809	0.2453	0.1596	0.0505	0.0192	0.0045
21	99.7886	0.0013	0.002	0.0054	0.0189	0.0569	0.1038	0.1384	0.2552	0.2215	0.1327	0.043	0.0166	0.0041
