Allele	DQA1_01_11__DQB1_06_206
Type	Standard
n_specificities	1
npep_u	1
npep_t	5000
spec_ids	1
L_core	9
L_N	0
L_C	0
CS_perL	1
pepL_lower	12
pepL_upper	21
n_diff_aa	20

PWM_norm.1	P1	P2	P3	P4	P5	P6	P7	P8	P9
A	0.9709	1.3092	2.4352	4.4217	1.4027	1.2949	0.9606	0.9303	1.1211
C	0.1551	0.2173	0.2078	0.5901	0.144	0.1881	0.2089	0.1478	0.3551
D	0.4195	0.6723	0.8934	0.2236	0.7233	5.5085	0.8117	0.9425	2.0359
E	0.7261	1.0467	0.6016	0.132	1.1001	0.7331	0.8448	1.5197	0.6119
F	0.5309	0.4446	0.687	0.5046	0.7434	0.1953	0.9312	1.8624	1.619
G	0.3688	0.6772	5.3762	0.522	0.5086	0.2441	0.2335	0.3727	0.8373
H	0.7552	2.3114	1.1684	0.4487	1.7591	0.1175	2.2216	0.3635	0.5164
I	2.1248	0.7997	0.2213	1.3725	0.8658	2.7227	1.0024	1.668	3.2247
K	0.1694	1.3223	0.2008	0.1148	1.8996	0.1392	0.6363	0.9429	0.1623
L	1.4783	0.5004	0.3393	0.4293	0.6278	1.4255	0.5595	0.9276	1.4401
M	0.8906	0.6127	0.4461	0.6237	0.4629	0.9309	0.6013	1.5657	1.4207
N	3.9275	1.2957	0.4901	0.5063	0.8663	0.64	0.7785	0.8797	0.6917
P	0.1632	0.1267	1.1794	0.0925	0.3336	0.4755	2.7891	0.9852	0.1788
Q	1.657	1.3971	0.7566	0.1599	1.3333	0.275	1.3074	0.9419	1.055
R	0.1114	1.5742	0.2156	0.0789	1.0758	0.0978	0.8237	0.7939	0.1577
S	1.5987	0.997	0.8192	2.0998	1.2219	0.3344	0.7946	0.5839	0.443
T	0.9065	1.8421	0.4639	1.963	1.1212	0.8362	1.0713	0.8527	0.5922
V	1.5782	0.9968	0.2017	2.464	1.6402	2.0445	1.5809	1.1451	2.0443
W	0.2657	1.4582	0.1585	0.2078	0.4716	0.1145	1.1172	0.7426	0.5222
Y	0.3011	1.1825	0.8516	0.1729	0.6203	0.1837	1.0417	2.587	1.1477

pepL	alpha	w_s
12	99.5307	0.083	0.1488	0	0.3949	0.3734
13	98.9575	0.0263	0.0764	0.2382	0.4675	0.1916
14	98.3294	0.0043	0.0259	0.161	0	0.4702	0.2977	0.0409
15	98.0139	0.0017	0.0096	0.0839	0.376	0.4093	0.0998	0.0197
16	98.2233	8e-04	0.0022	0.03	0.2337	0	0.5219	0.1563	0.0471	0.0079
17	98.735	8e-04	0.0019	0.0146	0.1152	0.4293	0.2806	0.114	0.0363	0.0072
18	99.2174	5e-04	0.0013	0.0066	0.0433	0.2908	0	0.3312	0.218	0.0767	0.0267	0.005
19	99.5133	0.001	0.0012	0.0074	0.029	0.145	0.2323	0.2918	0.1844	0.0762	0.0263	0.0055
20	99.691	0.001	0.0012	0.0048	0.0176	0.0704	0.1449	0	0.2809	0.2454	0.1596	0.0505	0.0192	0.0045
21	99.7886	0.0013	0.002	0.0054	0.0189	0.0569	0.1038	0.1383	0.2554	0.2215	0.1327	0.043	0.0166	0.0041
