Allele	DQA1_05_05__DQB1_06_14
Type	Standard
n_specificities	1
npep_u	1
npep_t	5000
spec_ids	1
L_core	9
L_N	0
L_C	0
CS_perL	1
pepL_lower	12
pepL_upper	21
n_diff_aa	20

PWM_norm.1	P1	P2	P3	P4	P5	P6	P7	P8	P9
A	1.1787	1.9443	2.3185	4.1833	1.4709	2.7544	0.9606	1.7502	3.1766
C	0.3448	0.0769	0.2233	0.7488	0.1098	0.5167	0.2089	0.0677	1.3305
D	0.6228	0.9028	1.0941	0.498	0.5987	0.9483	0.8117	0.6451	1.0179
E	0.8444	1.0103	0.8974	0.3006	0.9361	0.9175	0.8448	0.8923	0.2125
F	1.3449	0.4744	0.9715	0.7768	0.8705	0.6005	0.9312	0.9392	0.2901
G	0.4354	1.4331	2.4171	1.096	0.6554	0.5068	0.2335	1.1006	1.9244
H	0.7341	1.8955	0.7473	0.519	1.515	0.1706	2.2216	0.5207	0.2187
I	2.5631	0.5654	0.6675	0.994	0.9256	1.8239	1.0024	1.1134	1.0041
K	0.2376	1.1563	0.362	0.22	1.6796	0.1352	0.6363	0.8715	0.1226
L	1.1524	0.3739	0.4571	0.5626	0.6892	0.8477	0.5595	0.7928	0.4948
M	1.4373	0.6172	0.664	0.822	0.5542	0.7716	0.6013	0.4283	0.5491
N	0.9188	1.1284	0.7435	0.8676	0.6158	0.4294	0.7785	0.8171	1.2158
P	0.9513	0.2115	0.8734	0.2008	0.7549	1.6723	2.7891	2.022	0.2411
Q	0.9635	1.1424	0.6267	0.2997	1.1107	0.3316	1.3074	0.7119	0.4427
R	0.1522	1.0842	0.595	0.1518	1.1399	0.1068	0.8237	1.0601	0.1086
S	0.901	1.1903	1.1476	1.909	1.1325	0.8451	0.7946	0.9619	1.9111
T	0.9514	1.5682	0.8814	1.4065	1.0242	1.1678	1.0713	1.1085	1.6516
V	2.0886	0.7243	1.1723	1.5122	1.7752	2.4704	1.5809	0.8549	1.4895
W	1.7207	0.7712	0.6292	0.3379	0.4883	0.2298	1.1172	0.4204	0.1659
Y	1.25	1.4546	1.0726	0.289	0.6991	0.4125	1.0417	1.0818	0.1986

pepL	alpha	w_s
12	99.5307	0.083	0.1488	0	0.3949	0.3734
13	98.9575	0.0263	0.0764	0.2382	0.4675	0.1916
14	98.3294	0.0043	0.0259	0.161	0	0.4702	0.2977	0.0409
15	98.0139	0.0017	0.0096	0.0839	0.376	0.4093	0.0998	0.0197
16	98.2233	8e-04	0.0022	0.03	0.2337	0	0.5219	0.1563	0.0471	0.0079
17	98.735	8e-04	0.0019	0.0146	0.1152	0.4293	0.2806	0.114	0.0363	0.0072
18	99.2174	5e-04	0.0013	0.0066	0.0433	0.2908	0	0.3312	0.218	0.0767	0.0267	0.005
19	99.5133	0.001	0.0012	0.0074	0.029	0.145	0.2323	0.2918	0.1844	0.0762	0.0263	0.0055
20	99.691	0.001	0.0012	0.0048	0.0176	0.0704	0.1449	0	0.2809	0.2454	0.1596	0.0505	0.0192	0.0045
21	99.7886	0.0013	0.002	0.0054	0.0189	0.0569	0.1038	0.1383	0.2554	0.2215	0.1327	0.043	0.0166	0.0041
