Allele	DQA1_05_01__DQB1_02_01
Type	Standard
n_specificities	1
npep_u	1
npep_t	5222
spec_ids	1
L_core	9
L_N	0
L_C	0
CS_perL	1
pepL_lower	12
pepL_upper	21
n_diff_aa	20

PWM_norm.1	P1	P2	P3	P4	P5	P6	P7	P8	P9
A	0.3178	1.4222	1.7266	0.8962	0.8086	2.2661	0.8077	1.291	0.514
C	0.0238	0.03	0.3508	0.8153	0.0199	0.169	0.0786	0.0299	0.0565
D	0.0442	0.9772	1.7164	4.1921	1.286	2.0755	4.535	1.3853	1.3034
E	0.2075	1.545	0.4725	1.9679	2.2229	3.3775	3.8615	0.977	1.6487
F	2.972	0.8537	2.3157	0.1357	0.7154	0.3397	0.2307	1.3126	1.6768
G	0.065	0.431	1.7813	0.3869	1.2491	0.2605	0.8069	0.6815	0.264
H	0.211	1.8886	0.9016	0.1314	0.8472	0.2276	0.6727	0.7646	0.192
I	4.8999	0.8423	0.4313	2.6947	0.551	0.4817	0.4116	1.4305	1.7275
K	0.0488	0.4016	0.3356	0.0306	1.2737	0.1092	0.1814	0.5462	0.0599
L	0.7019	0.7642	0.3018	1.4251	0.3292	0.4024	0.982	1.3337	1.7429
M	2.2352	0.6928	1.1891	1.3848	0.3165	0.4707	0.0972	0.4005	4.1867
N	0.0308	1.8749	0.6442	0.7549	1.3695	0.2162	1.1445	0.6787	0.3504
P	2.3059	0.0456	0.426	0.0148	0.6104	1.8137	0.6755	1.7199	0.0703
Q	0.2966	1.0703	1.1927	0.7721	1.4463	0.5984	0.5812	1.0539	0.7986
R	0.0294	2.3212	0.3201	0.057	0.9167	0.1154	0.1134	1.1489	0.7047
S	0.1851	1.1981	1.7797	0.2542	1.1498	0.4082	0.4156	0.3847	0.5351
T	0.3056	1.2034	1.7129	0.5699	1.2268	0.9023	0.3779	0.545	0.9305
V	2.9383	0.6614	0.6791	2.0887	0.7006	2.2422	0.7122	0.8258	0.9674
W	2.5817	0.3581	0.175	0.4167	0.3734	0.0162	0.0481	0.5913	4.7627
Y	4.1407	0.8312	1.1122	0.0614	1.3995	0.2824	0.8674	2.3243	1.9447

pepL	alpha	w_s
12	99.5307	0.083	0.1488	0	0.3949	0.3734
13	98.9575	0.0263	0.0764	0.2382	0.4675	0.1916
14	98.3294	0.0043	0.0259	0.161	0	0.4702	0.2977	0.0409
15	98.0139	0.0017	0.0096	0.0839	0.376	0.4093	0.0998	0.0197
16	98.2233	8e-04	0.0022	0.03	0.2337	0	0.5219	0.1563	0.0471	0.0079
17	98.735	8e-04	0.0019	0.0146	0.1152	0.4293	0.2806	0.114	0.0363	0.0072
18	99.2174	5e-04	0.0013	0.0066	0.0433	0.2908	0	0.3312	0.218	0.0767	0.0267	0.005
19	99.5133	0.001	0.0012	0.0074	0.029	0.145	0.2323	0.2918	0.1844	0.0762	0.0263	0.0055
20	99.691	0.001	0.0012	0.0048	0.0176	0.0704	0.1449	0	0.2809	0.2454	0.1596	0.0505	0.0192	0.0045
21	99.7886	0.0013	0.002	0.0054	0.0189	0.0569	0.1038	0.1383	0.2554	0.2215	0.1327	0.043	0.0166	0.0041
