Allele	DQA1_01_14__DQB1_05_132Q
Type	Standard
n_specificities	1
npep_u	1
npep_t	5000
spec_ids	1
L_core	9
L_N	0
L_C	0
CS_perL	1
pepL_lower	12
pepL_upper	21
n_diff_aa	20

PWM_norm.1	P1	P2	P3	P4	P5	P6	P7	P8	P9
A	0.9709	0.8879	0.6488	0.8368	1.0198	1.5829	1.3814	1.0476	1.3332
C	0.1551	0.1593	0.13	0.4563	0.32	0.436	0.5094	0.1337	0.0656
D	0.4195	0.6598	1.4112	0.5186	1.0756	2.6282	0.6845	1.0551	4.1213
E	0.7261	1.2004	0.2694	0.4	1.1582	0.5495	1.3414	1.4778	4.0624
F	0.5309	0.4534	0.3739	4.1441	0.6473	0.2466	0.7971	0.9463	0.2901
G	0.3688	0.5241	0.6097	0.3158	0.5671	0.4262	0.6301	0.5223	1.0387
H	0.7552	1.7206	1.2149	2.4263	1.423	0.2872	2.3662	0.5543	0.967
I	2.1248	0.7006	0.3886	1.5539	1.0528	2.145	0.8575	0.9357	0.3371
K	0.1694	1.5511	0.3396	0.3799	1.6017	0.4368	0.9292	1.6816	0.1708
L	1.4783	0.5257	0.1273	0.9095	0.8722	1.1956	0.8661	0.528	0.2104
M	0.8906	0.4653	0.1756	2.1603	0.7654	1.1631	0.7436	0.9577	0.2726
N	3.9275	0.8427	0.2749	0.5114	1.2276	0.7074	1.4904	0.7218	0.6488
P	0.1632	0.0838	0.1595	0.1311	0.6079	1.1109	0.3798	1.1841	0.1918
Q	1.657	1.5646	0.7847	0.7166	1.4329	0.3844	1.8514	0.8432	1.6828
R	0.1114	1.8592	0.0972	0.2965	1.0233	0.2113	1.3578	1.4994	0.1273
S	1.5987	1.0305	2.9738	0.3235	0.7702	0.7139	0.7281	1.0693	0.9799
T	0.9065	1.9048	7.2113	0.6043	1.2033	1.1163	0.5799	1.1951	0.5085
V	1.5782	1.842	0.1632	1.1639	1.3048	2.5642	0.9717	0.855	0.3587
W	0.2657	0.4249	0.2255	7.2339	0.3425	0.162	1.0823	0.7912	0.0748
Y	0.3011	0.6904	0.3499	4.7971	1.051	0.2246	1.2622	1.243	0.1617

pepL	alpha	w_s
12	99.5307	0.083	0.1488	0	0.3949	0.3734
13	98.9575	0.0263	0.0764	0.2382	0.4675	0.1916
14	98.3294	0.0043	0.0259	0.161	0	0.4702	0.2977	0.0409
15	98.0139	0.0017	0.0096	0.0839	0.376	0.4093	0.0998	0.0197
16	98.2233	8e-04	0.0022	0.03	0.2337	0	0.5219	0.1563	0.0471	0.0079
17	98.735	8e-04	0.0019	0.0146	0.1152	0.4293	0.2806	0.114	0.0363	0.0072
18	99.2174	5e-04	0.0013	0.0066	0.0433	0.2908	0	0.3312	0.218	0.0767	0.0267	0.005
19	99.5133	0.001	0.0012	0.0074	0.029	0.145	0.2323	0.2918	0.1844	0.0762	0.0263	0.0055
20	99.691	0.001	0.0012	0.0048	0.0176	0.0704	0.1449	0	0.2809	0.2454	0.1596	0.0505	0.0192	0.0045
21	99.7886	0.0013	0.002	0.0054	0.0189	0.0569	0.1038	0.1383	0.2554	0.2215	0.1327	0.043	0.0166	0.0041
