Allele	DQA1_01_14__DQB1_06_88
Type	Standard
n_specificities	1
npep_u	1
npep_t	5000
spec_ids	1
L_core	9
L_N	0
L_C	0
CS_perL	1
pepL_lower	12
pepL_upper	21
n_diff_aa	20

PWM_norm.1	P1	P2	P3	P4	P5	P6	P7	P8	P9
A	0.6253	1.298	0.9442	2.1818	1.5975	1.597	2.1362	0.9301	1.2282
C	0.1536	0.2391	0.1613	0.4803	0.2039	0.2798	0.2784	0.13	0.1869
D	0.2068	0.7043	0.4731	0.273	0.876	3.1953	0.652	0.9238	2.5769
E	0.4488	1.0247	0.229	0.1701	1.3298	0.4901	1.7718	1.5244	1.3204
F	3.0454	0.4394	0.2306	0.4532	0.4456	0.1624	0.9125	1.7847	1.3241
G	0.1726	0.7132	0.8159	0.3543	0.4957	0.3507	0.7338	0.3776	1.2089
H	2.4322	2.3334	0.3293	0.2956	1.4366	0.1979	1.267	0.3708	0.8227
I	2.1308	0.7881	0.2176	3.0085	0.8519	2.4328	0.8402	1.6406	2.3803
K	0.1578	1.2925	0.1666	0.0939	1.5714	0.2942	0.5682	0.9516	0.1749
L	2.1348	0.4882	0.1113	0.6933	0.6631	1.1875	0.7095	0.9065	0.7759
M	1.4527	0.6284	0.1388	0.5672	0.456	0.8751	0.4948	1.5028	1.0623
N	3.4269	1.2965	0.2101	0.4167	0.9021	0.5872	1.2055	0.8983	0.7232
P	0.0815	0.1295	0.2389	0.0623	0.2775	1.1781	0.5476	1.0259	0.2401
Q	1.1588	1.4317	0.2665	0.2003	1.8151	0.3125	1.4868	0.9465	1.844
R	0.1204	1.539	0.0801	0.065	0.9376	0.1474	0.9213	0.8282	0.1366
S	0.4792	1.0028	2.1855	1.252	0.9547	0.6029	1.086	0.6148	0.6507
T	0.3612	1.8356	10.1231	2.4372	1.4405	1.0824	0.7028	0.8825	0.62
V	0.8748	0.9647	0.1295	4.548	1.4577	2.7893	0.9454	1.1408	1.3497
W	0.8618	1.6405	0.1701	0.1396	0.318	0.0882	0.7124	0.7129	0.373
Y	2.7282	1.1971	0.1547	0.1488	0.6998	0.1495	1.0466	2.5247	0.7444

pepL	alpha	w_s
12	99.5307	0.083	0.1488	0	0.3949	0.3733
13	98.9574	0.0263	0.0764	0.2382	0.4675	0.1916
14	98.3293	0.0043	0.0259	0.161	0	0.4702	0.2976	0.0409
15	98.0138	0.0017	0.0096	0.0839	0.3761	0.4093	0.0998	0.0197
16	98.2233	8e-04	0.0022	0.03	0.2337	0	0.522	0.1562	0.0472	0.0079
17	98.7349	8e-04	0.0019	0.0146	0.1152	0.4294	0.2806	0.114	0.0362	0.0072
18	99.2174	5e-04	0.0013	0.0066	0.0433	0.2908	0	0.3312	0.218	0.0767	0.0267	0.005
19	99.5134	0.001	0.0012	0.0074	0.029	0.145	0.2323	0.2917	0.1843	0.0762	0.0263	0.0055
20	99.6911	0.001	0.0012	0.0048	0.0176	0.0704	0.1449	0	0.2809	0.2453	0.1596	0.0505	0.0192	0.0045
21	99.7886	0.0013	0.002	0.0054	0.0189	0.0569	0.1038	0.1384	0.2552	0.2215	0.1327	0.043	0.0166	0.0041
