Allele	DQA1_05_14__DQB1_06_243
Type	Standard
n_specificities	1
npep_u	1
npep_t	5000
spec_ids	1
L_core	9
L_N	0
L_C	0
CS_perL	1
pepL_lower	12
pepL_upper	21
n_diff_aa	20

PWM_norm.1	P1	P2	P3	P4	P5	P6	P7	P8	P9
A	1.1787	1.9443	3.3089	4.4565	1.5664	3.5588	1.9573	1.7502	2.7347
C	0.3448	0.0769	0.2284	0.117	0.0813	0.7248	0.4628	0.0677	0.8103
D	0.6228	0.9028	0.6175	0.158	0.6882	0.0914	0.736	0.6451	0.5177
E	0.8444	1.0103	0.4625	0.0616	1.1613	0.2166	1.2785	0.8923	0.4814
F	1.3449	0.4744	0.6519	0.3495	0.4294	0.215	0.6474	0.9392	0.9949
G	0.4354	1.4331	3.3181	6.1385	0.5555	0.49	0.7054	1.1006	1.3194
H	0.7341	1.8955	0.8695	0.1561	1.2249	0.0875	1.7729	0.5207	0.4656
I	2.5631	0.5654	0.3341	0.1535	0.9315	1.9728	0.901	1.1134	1.1847
K	0.2376	1.1563	0.3005	0.1142	1.5016	0.083	0.5255	0.8715	0.3786
L	1.1524	0.3739	0.2572	0.0661	0.8188	0.5619	0.6099	0.7928	0.7636
M	1.4373	0.6172	0.3544	0.0784	0.4635	0.3725	0.6612	0.4283	1.4596
N	0.9188	1.1284	0.7553	0.2965	0.764	0.1231	1.7107	0.8171	0.7023
P	0.9513	0.2115	0.8916	0.0734	0.5027	2.5497	0.5843	2.022	0.2747
Q	0.9635	1.1424	0.6162	0.0674	1.1312	0.1049	1.5082	0.7119	0.7585
R	0.1522	1.0842	0.9228	0.1079	1.1799	0.0486	1.1195	1.0601	0.5357
S	0.901	1.1903	1.4039	1.9409	0.8551	0.8942	1.1728	0.9619	1.6046
T	0.9514	1.5682	0.6066	0.4639	1.0611	1.3606	0.7816	1.1085	1.1997
V	2.0886	0.7243	0.4989	0.3712	2.2811	3.2455	1.0563	0.8549	1.4237
W	1.7207	0.7712	0.3333	0.1098	0.2928	0.0459	0.818	0.4204	0.458
Y	1.25	1.4546	0.9797	0.0816	0.8133	0.1328	0.7313	1.0818	0.7173

pepL	alpha	w_s
12	99.5307	0.083	0.1488	0	0.3949	0.3734
13	98.9575	0.0263	0.0764	0.2382	0.4675	0.1916
14	98.3294	0.0043	0.0259	0.161	0	0.4702	0.2977	0.0409
15	98.0139	0.0017	0.0096	0.0839	0.376	0.4093	0.0998	0.0197
16	98.2233	8e-04	0.0022	0.03	0.2337	0	0.5219	0.1563	0.0471	0.0079
17	98.735	8e-04	0.0019	0.0146	0.1152	0.4293	0.2806	0.114	0.0363	0.0072
18	99.2174	5e-04	0.0013	0.0066	0.0433	0.2908	0	0.3312	0.218	0.0767	0.0267	0.005
19	99.5133	0.001	0.0012	0.0074	0.029	0.145	0.2323	0.2918	0.1844	0.0762	0.0263	0.0055
20	99.691	0.001	0.0012	0.0048	0.0176	0.0704	0.1449	0	0.2809	0.2454	0.1596	0.0505	0.0192	0.0045
21	99.7886	0.0013	0.002	0.0054	0.0189	0.0569	0.1038	0.1383	0.2554	0.2215	0.1327	0.043	0.0166	0.0041
