Allele	DQA1_05_09__DQB1_06_12
Type	Standard
n_specificities	1
npep_u	1
npep_t	5000
spec_ids	1
L_core	9
L_N	0
L_C	0
CS_perL	1
pepL_lower	12
pepL_upper	21
n_diff_aa	20

PWM_norm.1	P1	P2	P3	P4	P5	P6	P7	P8	P9
A	0.8517	1.913	2.2163	4.3734	1.8035	3.2863	1.9745	1.087	1.4502
C	0.25	0.0795	0.278	0.6824	0.0904	0.4664	0.1431	0.0532	0.4624
D	0.239	0.9181	1.0586	0.405	0.671	0.3624	0.3967	1.1239	2.2103
E	0.4664	1.0439	0.9032	0.2215	0.8682	0.3007	1.007	1.1842	0.8263
F	4.3687	0.4548	1.0487	0.7757	0.6383	0.1748	0.7101	2.3005	1.2684
G	0.1806	1.4745	2.2995	1.2691	0.658	0.5286	0.393	0.4205	1.2887
H	1.3691	1.908	0.7646	0.3785	1.2291	0.1049	2.2775	0.2519	0.5434
I	2.5401	0.5728	0.7432	0.9574	1.0248	1.8323	0.5954	1.8567	2.5386
K	0.1722	1.1233	0.3937	0.1837	1.5282	0.1228	0.8337	0.7268	0.1594
L	1.4061	0.3651	0.4773	0.4557	0.8273	0.5322	0.7584	1.2133	0.8076
M	1.8272	0.6358	0.7244	0.6854	0.5793	0.3185	0.4602	0.922	1.0439
N	0.6768	1.1213	0.8184	0.7201	0.7561	0.1551	0.7798	0.8141	0.8265
P	0.4535	0.2225	0.8711	0.2017	0.814	2.8402	0.3485	1.2027	0.3074
Q	0.573	1.1633	0.6661	0.2081	1.1266	0.128	2.8835	0.7977	1.0435
R	0.1189	1.0809	0.6115	0.1186	1.1381	0.0652	2.5749	0.7901	0.1308
S	0.3258	1.1961	1.0696	2.0522	0.8534	1.021	0.5713	0.4871	0.7814
T	0.3602	1.5275	0.7597	1.5414	1.1072	1.2197	0.4245	0.6688	0.974
V	1.2475	0.7243	1.3135	1.5513	1.6725	3.028	0.8144	0.9864	1.7104
W	3.6254	0.778	0.6427	0.2571	0.3635	0.0514	0.7005	0.4543	0.6166
Y	5.2039	1.4189	1.1628	0.2441	0.7655	0.141	1.433	2.8975	0.8627

pepL	alpha	w_s
12	99.5307	0.083	0.1488	0	0.3949	0.3733
13	98.9574	0.0263	0.0764	0.2382	0.4675	0.1916
14	98.3293	0.0043	0.0259	0.161	0	0.4702	0.2976	0.0409
15	98.0138	0.0017	0.0096	0.0839	0.3761	0.4093	0.0998	0.0197
16	98.2233	8e-04	0.0022	0.03	0.2337	0	0.522	0.1562	0.0472	0.0079
17	98.7349	8e-04	0.0019	0.0146	0.1152	0.4294	0.2806	0.114	0.0362	0.0072
18	99.2174	5e-04	0.0013	0.0066	0.0433	0.2908	0	0.3312	0.218	0.0767	0.0267	0.005
19	99.5134	0.001	0.0012	0.0074	0.029	0.145	0.2323	0.2917	0.1843	0.0762	0.0263	0.0055
20	99.6911	0.001	0.0012	0.0048	0.0176	0.0704	0.1449	0	0.2809	0.2453	0.1596	0.0505	0.0192	0.0045
21	99.7886	0.0013	0.002	0.0054	0.0189	0.0569	0.1038	0.1384	0.2552	0.2215	0.1327	0.043	0.0166	0.0041
