Allele	DQA1_01_11__DQB1_05_12
Type	Standard
n_specificities	1
npep_u	1
npep_t	5000
spec_ids	1
L_core	9
L_N	0
L_C	0
CS_perL	1
pepL_lower	12
pepL_upper	21
n_diff_aa	20

PWM_norm.1	P1	P2	P3	P4	P5	P6	P7	P8	P9
A	0.9954	0.8924	1.2402	0.3581	0.5764	0.695	0.9672	0.9301	1.0875
C	0.1631	0.1796	0.1943	0.1085	0.2597	0.1441	0.2039	0.13	0.1559
D	0.4258	0.7481	1.9698	0.179	1.3237	11.3987	1.8535	0.9238	2.3658
E	0.7749	1.184	0.553	0.1141	1.3006	0.7646	1.1479	1.5244	1.4135
F	0.5258	0.4841	1.0261	6.6817	0.6822	0.136	0.4501	1.7847	1.3223
G	0.3853	0.5137	2.2961	0.1221	0.7553	0.2497	0.3384	0.3776	0.7806
H	0.7496	1.6751	4.0751	2.0734	1.5964	0.1603	2.012	0.3708	0.959
I	2.0746	0.8217	0.5079	0.6548	1.0429	1.5873	0.9764	1.6406	2.2821
K	0.1686	1.5027	0.5418	0.1572	1.3531	0.2257	0.8015	0.9516	0.2173
L	1.4225	0.5329	0.3784	0.5323	0.808	0.6327	0.5164	0.9065	1.0432
M	0.9164	0.5812	0.4801	1.5397	0.5602	0.3768	0.4488	1.5028	1.0851
N	3.7773	0.81	0.7713	0.2338	1.2588	0.5469	0.9646	0.8983	0.8286
P	0.1565	0.0851	0.5911	0.0343	1.1352	0.2494	2.2267	1.0259	0.1639
Q	1.6606	1.6405	1.9944	0.3848	1.3193	0.2273	1.6773	0.9465	2.2884
R	0.1263	1.7664	0.2763	0.1499	0.9669	0.1249	0.5344	0.8282	0.1988
S	1.6147	0.9772	1.0861	0.0892	0.6706	0.3156	0.8158	0.6148	0.5173
T	0.9845	1.6626	0.6233	0.1403	1.0779	0.5434	0.9158	0.8825	0.566
V	1.5737	1.9747	0.3028	0.3374	1.2953	0.8478	1.3903	1.1408	1.3822
W	0.2593	0.6351	0.3363	14.973	0.214	0.0995	0.6331	0.7129	0.3471
Y	0.3119	0.7292	2.243	10.6343	1.392	0.1484	0.8063	2.5247	0.8234

pepL	alpha	w_s
12	99.5307	0.083	0.1488	0	0.3949	0.3733
13	98.9574	0.0263	0.0764	0.2382	0.4675	0.1916
14	98.3293	0.0043	0.0259	0.161	0	0.4702	0.2976	0.0409
15	98.0138	0.0017	0.0096	0.0839	0.3761	0.4093	0.0998	0.0197
16	98.2233	8e-04	0.0022	0.03	0.2337	0	0.522	0.1562	0.0472	0.0079
17	98.7349	8e-04	0.0019	0.0146	0.1152	0.4294	0.2806	0.114	0.0362	0.0072
18	99.2174	5e-04	0.0013	0.0066	0.0433	0.2908	0	0.3312	0.218	0.0767	0.0267	0.005
19	99.5134	0.001	0.0012	0.0074	0.029	0.145	0.2323	0.2917	0.1843	0.0762	0.0263	0.0055
20	99.6911	0.001	0.0012	0.0048	0.0176	0.0704	0.1449	0	0.2809	0.2453	0.1596	0.0505	0.0192	0.0045
21	99.7886	0.0013	0.002	0.0054	0.0189	0.0569	0.1038	0.1384	0.2552	0.2215	0.1327	0.043	0.0166	0.0041
