Allele	DQA1_01_03__DQB1_06_99
Type	Standard
n_specificities	1
npep_u	1
npep_t	5000
spec_ids	1
L_core	9
L_N	0
L_C	0
CS_perL	1
pepL_lower	12
pepL_upper	21
n_diff_aa	20

PWM_norm.1	P1	P2	P3	P4	P5	P6	P7	P8	P9
A	0.9709	1.3092	1.9208	4.5356	1.6481	2.1307	1.9573	1.6689	3.7461
C	0.1551	0.2173	0.2864	0.2004	0.1291	0.5741	0.4628	0.1831	0.2459
D	0.4195	0.6723	0.4608	0.1525	0.8718	0.4494	0.736	0.5241	0.5332
E	0.7261	1.0467	0.271	0.0651	1.3892	0.3538	1.2785	1.1834	0.3991
F	0.5309	0.4446	0.3181	0.5159	0.3664	0.2603	0.6474	0.615	0.2217
G	0.3688	0.6772	1.9438	3.2272	0.4243	0.3988	0.7054	0.8962	2.9532
H	0.7552	2.3114	0.6533	0.3688	1.4655	0.1724	1.7729	0.9551	0.4624
I	2.1248	0.7997	0.2581	0.5248	0.8877	2.6339	0.901	1.05	0.3702
K	0.1694	1.3223	0.2438	0.138	1.6944	0.2432	0.5255	0.709	0.1526
L	1.4783	0.5004	0.1632	0.109	0.7188	1.363	0.6099	0.5869	0.1499
M	0.8906	0.6127	0.1779	0.1352	0.4085	1.3456	0.6612	0.5488	0.3452
N	3.9275	1.2957	0.3233	0.3689	0.9156	0.4031	1.7107	0.9225	0.5383
P	0.1632	0.1267	0.5404	0.0618	0.2206	1.2725	0.5843	2.1311	0.2787
Q	1.657	1.3971	0.3521	0.0804	1.5369	0.2386	1.5082	0.9514	1.7969
R	0.1114	1.5742	0.2205	0.1332	1.0618	0.1356	1.1195	0.8988	0.1099
S	1.5987	0.997	2.5032	2.422	0.8571	0.6661	1.1728	0.9943	2.6153
T	0.9065	1.8421	5.7958	1.2505	1.2513	1.3604	0.7816	1.2563	0.751
V	1.5782	0.9968	0.1443	1.3367	1.751	3.5036	1.0563	1.0058	0.4446
W	0.2657	1.4582	0.1844	0.1984	0.2337	0.1016	0.818	0.5043	0.0673
Y	0.3011	1.1825	0.2606	0.1444	0.6619	0.1864	0.7313	0.9807	0.1325

pepL	alpha	w_s
12	99.5307	0.083	0.1488	0	0.3949	0.3734
13	98.9575	0.0263	0.0764	0.2382	0.4675	0.1916
14	98.3294	0.0043	0.0259	0.161	0	0.4702	0.2977	0.0409
15	98.0139	0.0017	0.0096	0.0839	0.376	0.4093	0.0998	0.0197
16	98.2233	8e-04	0.0022	0.03	0.2337	0	0.5219	0.1563	0.0471	0.0079
17	98.735	8e-04	0.0019	0.0146	0.1152	0.4293	0.2806	0.114	0.0363	0.0072
18	99.2174	5e-04	0.0013	0.0066	0.0433	0.2908	0	0.3312	0.218	0.0767	0.0267	0.005
19	99.5133	0.001	0.0012	0.0074	0.029	0.145	0.2323	0.2918	0.1844	0.0762	0.0263	0.0055
20	99.691	0.001	0.0012	0.0048	0.0176	0.0704	0.1449	0	0.2809	0.2454	0.1596	0.0505	0.0192	0.0045
21	99.7886	0.0013	0.002	0.0054	0.0189	0.0569	0.1038	0.1383	0.2554	0.2215	0.1327	0.043	0.0166	0.0041
