Allele	DQA1_05_05__DQB1_03_01
Type	Standard
n_specificities	1
npep_u	1
npep_t	12906
spec_ids	1
L_core	9
L_N	0
L_C	0
CS_perL	1
pepL_lower	12
pepL_upper	21
n_diff_aa	20

PWM_norm.1	P1	P2	P3	P4	P5	P6	P7	P8	P9
A	1.7532	2.6117	3.6626	5.1882	2.1589	3.785	3.0987	1.8108	2.7522
C	0.1407	0.0096	0.2288	0.0501	0.0239	0.7386	0.2286	0.0129	0.953
D	0.1339	0.6212	0.4753	0.0173	0.8622	0.1552	0.467	0.7013	0.8554
E	0.543	0.8194	0.359	0.0193	1.2662	0.0901	1.1133	0.9607	0.2932
F	1.8939	0.5054	0.6063	0.0171	0.3728	0.0802	0.6587	0.9462	0.1596
G	0.1936	1.5296	3.7032	6.4159	0.7617	0.6019	1.0577	1.1993	2.1752
H	0.2911	1.8746	0.9226	0.0148	1.0329	0.0314	1.0244	0.3551	0.3571
I	2.521	0.5362	0.235	0.082	0.8864	1.8012	0.7806	0.9943	1.4009
K	0.0943	0.9272	0.2818	0.0308	1.2888	0.0274	0.3721	0.9447	0.0538
L	0.8981	0.2599	0.2559	0.0147	0.8592	0.5107	0.5028	0.7453	0.3006
M	0.9758	0.7415	0.4611	0.0133	0.51	0.2312	0.6341	0.418	0.2922
N	0.0606	1.156	0.7041	0.0303	0.8035	0.0622	1.412	0.8181	1.5061
P	2.9349	0.1054	0.9188	0.0777	0.4128	3.1134	0.8142	2.0372	0.5187
Q	0.1693	1.4519	0.4961	0.0331	1.106	0.0883	1.6905	0.6243	0.5148
R	0.0819	0.9853	0.8747	0.0106	0.7165	0.0387	0.8909	0.9775	0.1063
S	0.2335	1.3557	1.242	2.0513	0.8433	0.941	1.0897	0.9834	1.8045
T	0.5747	1.449	0.5364	0.2155	1.0733	1.1009	0.6266	1.1447	1.7689
V	2.6693	0.6956	0.3463	0.2799	1.805	3.0605	0.8579	0.811	1.546
W	4.3408	0.9146	0.2785	0.1138	0.3353	0.0126	0.6499	0.4422	0.2399
Y	2.0231	0.984	1.1351	0.0263	1.0861	0.0367	0.8046	1.0538	0.3038

pepL	alpha	w_s
12	99.5307	0.083	0.1488	0	0.3949	0.3733
13	98.9574	0.0263	0.0764	0.2382	0.4675	0.1916
14	98.3293	0.0043	0.0259	0.161	0	0.4702	0.2976	0.0409
15	98.0138	0.0017	0.0096	0.0839	0.3761	0.4093	0.0998	0.0197
16	98.2233	8e-04	0.0022	0.03	0.2337	0	0.522	0.1562	0.0472	0.0079
17	98.7349	8e-04	0.0019	0.0146	0.1152	0.4294	0.2806	0.114	0.0362	0.0072
18	99.2174	5e-04	0.0013	0.0066	0.0433	0.2908	0	0.3312	0.218	0.0767	0.0267	0.005
19	99.5134	0.001	0.0012	0.0074	0.029	0.145	0.2323	0.2917	0.1843	0.0762	0.0263	0.0055
20	99.6911	0.001	0.0012	0.0048	0.0176	0.0704	0.1449	0	0.2809	0.2453	0.1596	0.0505	0.0192	0.0045
21	99.7886	0.0013	0.002	0.0054	0.0189	0.0569	0.1038	0.1384	0.2552	0.2215	0.1327	0.043	0.0166	0.0041
