Allele	DQA1_02_03__DQB1_06_49
Type	Standard
n_specificities	1
npep_u	1
npep_t	5000
spec_ids	1
L_core	9
L_N	0
L_C	0
CS_perL	1
pepL_lower	12
pepL_upper	21
n_diff_aa	20

PWM_norm.1	P1	P2	P3	P4	P5	P6	P7	P8	P9
A	0.9559	1.9443	1.4671	4.4765	1.831	3.0894	1.9625	1.6689	3.6231
C	0.3855	0.0769	0.1779	0.5369	0.0705	0.5322	0.1616	0.1831	0.476
D	0.8618	0.9028	0.8427	0.3765	0.6728	0.0991	0.4921	0.5241	0.6245
E	1.0395	1.0103	0.5476	0.2645	0.9327	0.2522	0.922	1.1834	0.3783
F	1.0434	0.4744	0.3921	0.6994	0.4413	0.4249	0.6636	0.615	0.3394
G	0.6069	1.4331	0.8595	1.4125	0.5626	0.4795	0.3693	0.8962	2.6325
H	1.163	1.8955	0.4064	0.7574	1.3322	0.1111	2.3387	0.9551	0.4315
I	1.7516	0.5654	0.461	0.7644	0.9489	2.1329	0.6406	1.05	0.5559
K	0.3592	1.1563	0.3419	0.1751	1.684	0.111	0.7582	0.709	0.1893
L	0.8153	0.3739	0.1569	0.4145	0.8051	0.9066	0.7705	0.5869	0.238
M	1.1895	0.6172	0.2405	0.5175	0.5045	0.7872	0.5088	0.5488	0.5102
N	0.7697	1.1284	0.4938	0.6924	0.7683	0.1793	0.9171	0.9225	0.7109
P	1.04	0.2115	0.3565	0.1035	0.632	1.8854	0.4772	2.1311	0.3393
Q	1.587	1.1424	0.4307	0.2899	1.1046	0.1771	2.6788	0.9514	1.1433
R	0.482	1.0842	0.2884	0.1438	1.2301	0.0673	2.4317	0.8988	0.1553
S	0.8743	1.1903	3.1207	2.1269	0.8333	0.9257	0.6241	0.9943	2.3936
T	1.1654	1.5682	5.3055	1.5444	1.0141	1.2202	0.5174	1.2563	0.9955
V	1.9685	0.7243	0.4621	1.412	1.9756	3.454	0.9104	1.0058	0.7136
W	1.2877	0.7712	0.6354	0.2824	0.2553	0.0873	0.6678	0.5043	0.1334
Y	1.1932	1.4546	0.361	0.1666	0.7364	0.2184	1.1899	0.9807	0.2381

pepL	alpha	w_s
12	99.5307	0.083	0.1488	0	0.3949	0.3734
13	98.9575	0.0263	0.0764	0.2382	0.4675	0.1916
14	98.3294	0.0043	0.0259	0.161	0	0.4702	0.2977	0.0409
15	98.0139	0.0017	0.0096	0.0839	0.376	0.4093	0.0998	0.0197
16	98.2233	8e-04	0.0022	0.03	0.2337	0	0.5219	0.1563	0.0471	0.0079
17	98.735	8e-04	0.0019	0.0146	0.1152	0.4293	0.2806	0.114	0.0363	0.0072
18	99.2174	5e-04	0.0013	0.0066	0.0433	0.2908	0	0.3312	0.218	0.0767	0.0267	0.005
19	99.5133	0.001	0.0012	0.0074	0.029	0.145	0.2323	0.2918	0.1844	0.0762	0.0263	0.0055
20	99.691	0.001	0.0012	0.0048	0.0176	0.0704	0.1449	0	0.2809	0.2454	0.1596	0.0505	0.0192	0.0045
21	99.7886	0.0013	0.002	0.0054	0.0189	0.0569	0.1038	0.1383	0.2554	0.2215	0.1327	0.043	0.0166	0.0041
