Allele	DQA1_05_08__DQB1_06_49
Type	Standard
n_specificities	1
npep_u	1
npep_t	5000
spec_ids	1
L_core	9
L_N	0
L_C	0
CS_perL	1
pepL_lower	12
pepL_upper	21
n_diff_aa	20

PWM_norm.1	P1	P2	P3	P4	P5	P6	P7	P8	P9
A	1.1787	1.9443	2.8796	5.2547	1.831	3.188	1.9625	1.7502	3.6941
C	0.3448	0.0769	0.2476	0.4557	0.0705	0.5618	0.1616	0.0677	0.7916
D	0.6228	0.9028	0.7644	0.3352	0.6728	0.0828	0.4921	0.6451	0.6236
E	0.8444	1.0103	0.6127	0.192	0.9327	0.1952	0.922	0.8923	0.2329
F	1.3449	0.4744	0.7485	0.5443	0.4413	0.4115	0.6636	0.9392	0.3155
G	0.4354	1.4331	2.9643	1.6882	0.5626	0.4849	0.3693	1.1006	2.6686
H	0.7341	1.8955	0.8861	0.4493	1.3322	0.1046	2.3387	0.5207	0.2907
I	2.5631	0.5654	0.4614	0.6024	0.9489	2.2946	0.6406	1.1134	0.7229
K	0.2376	1.1563	0.3361	0.155	1.684	0.0857	0.7582	0.8715	0.1149
L	1.1524	0.3739	0.3428	0.344	0.8051	0.846	0.7705	0.7928	0.2711
M	1.4373	0.6172	0.4695	0.4868	0.5045	0.6935	0.5088	0.4283	0.4531
N	0.9188	1.1284	0.8046	0.6423	0.7683	0.1713	0.9171	0.8171	0.7581
P	0.9513	0.2115	0.9194	0.114	0.632	2.1163	0.4772	2.022	0.3152
Q	0.9635	1.1424	0.6558	0.2226	1.1046	0.1617	2.6788	0.7119	0.7713
R	0.1522	1.0842	0.8464	0.12	1.2301	0.0605	2.4317	1.0601	0.0978
S	0.901	1.1903	1.2936	2.2293	0.8333	0.8078	0.6241	0.9619	2.2308
T	0.9514	1.5682	0.6682	1.2173	1.0141	1.3743	0.5174	1.1085	1.336
V	2.0886	0.7243	0.72	1.1288	1.9756	3.2645	0.9104	0.8549	0.9335
W	1.7207	0.7712	0.4529	0.223	0.2553	0.0852	0.6678	0.4204	0.1251
Y	1.25	1.4546	1.0606	0.1307	0.7364	0.2154	1.1899	1.0818	0.1934

pepL	alpha	w_s
12	99.5307	0.083	0.1488	0	0.3949	0.3734
13	98.9575	0.0263	0.0764	0.2382	0.4675	0.1916
14	98.3294	0.0043	0.0259	0.161	0	0.4702	0.2977	0.0409
15	98.0139	0.0017	0.0096	0.0839	0.376	0.4093	0.0998	0.0197
16	98.2233	8e-04	0.0022	0.03	0.2337	0	0.5219	0.1563	0.0471	0.0079
17	98.735	8e-04	0.0019	0.0146	0.1152	0.4293	0.2806	0.114	0.0363	0.0072
18	99.2174	5e-04	0.0013	0.0066	0.0433	0.2908	0	0.3312	0.218	0.0767	0.0267	0.005
19	99.5133	0.001	0.0012	0.0074	0.029	0.145	0.2323	0.2918	0.1844	0.0762	0.0263	0.0055
20	99.691	0.001	0.0012	0.0048	0.0176	0.0704	0.1449	0	0.2809	0.2454	0.1596	0.0505	0.0192	0.0045
21	99.7886	0.0013	0.002	0.0054	0.0189	0.0569	0.1038	0.1383	0.2554	0.2215	0.1327	0.043	0.0166	0.0041
