Allele	DQA1_01_11__DQB1_03_211
Type	Standard
n_specificities	1
npep_u	1
npep_t	5000
spec_ids	1
L_core	9
L_N	0
L_C	0
CS_perL	1
pepL_lower	12
pepL_upper	21
n_diff_aa	20

PWM_norm.1	P1	P2	P3	P4	P5	P6	P7	P8	P9
A	1.0238	1.298	2.371	2.144	1.5975	1.4881	2.5395	1.2045	0.6693
C	0.4487	0.2391	0.2143	0.3904	0.2039	0.2016	0.2191	0.1096	0.0938
D	0.4599	0.7043	0.8656	0.2865	0.876	5.1511	0.4131	0.8105	4.4711
E	0.6902	1.0247	0.6507	0.1356	1.3298	0.4083	0.9143	1.5575	5.1923
F	1.6118	0.4394	0.7037	0.3855	0.4456	0.1286	0.4416	0.6804	0.5161
G	0.385	0.7132	5.2601	0.3315	0.4957	0.3397	0.9409	0.8137	0.7785
H	0.8752	2.3334	1.2476	0.1604	1.4366	0.1568	2.2585	0.9832	0.9038
I	2.8089	0.7881	0.2329	3.3517	0.8519	2.753	0.7812	0.905	0.5093
K	0.449	1.2925	0.2143	0.069	1.5714	0.2327	0.4055	0.9584	0.2153
L	1.2659	0.4882	0.3463	0.6746	0.6631	1.1347	0.7069	0.8973	0.311
M	1.6189	0.6284	0.421	0.5336	0.456	0.6055	0.4536	0.6251	0.5475
N	1.2991	1.2965	0.5417	0.371	0.9021	0.5298	2.6154	0.8107	0.4117
P	0.7338	0.1295	1.1687	0.0675	0.2775	0.8406	0.2659	1.507	0.2071
Q	0.9526	1.4317	0.8355	0.1399	1.8151	0.2487	1.3324	0.9881	1.0291
R	0.289	1.539	0.2242	0.0481	0.9376	0.1122	0.7036	1.3455	0.1957
S	0.7435	1.0028	0.7953	1.1584	0.9547	0.5259	1.6504	0.793	0.4391
T	0.8013	1.8356	0.4519	2.3389	1.4405	0.9758	0.9222	0.8986	0.3647
V	1.8856	0.9647	0.2234	4.9292	1.4577	2.2332	0.6767	0.96	0.4574
W	1.755	1.6405	0.1674	0.0905	0.318	0.0639	0.4407	0.5459	0.263
Y	1.466	1.1971	0.9051	0.1088	0.6998	0.1087	0.446	1.3694	0.612

pepL	alpha	w_s
12	99.5307	0.083	0.1488	0	0.3949	0.3733
13	98.9574	0.0263	0.0764	0.2382	0.4675	0.1916
14	98.3293	0.0043	0.0259	0.161	0	0.4702	0.2976	0.0409
15	98.0138	0.0017	0.0096	0.0839	0.3761	0.4093	0.0998	0.0197
16	98.2233	8e-04	0.0022	0.03	0.2337	0	0.522	0.1562	0.0472	0.0079
17	98.7349	8e-04	0.0019	0.0146	0.1152	0.4294	0.2806	0.114	0.0362	0.0072
18	99.2174	5e-04	0.0013	0.0066	0.0433	0.2908	0	0.3312	0.218	0.0767	0.0267	0.005
19	99.5134	0.001	0.0012	0.0074	0.029	0.145	0.2323	0.2917	0.1843	0.0762	0.0263	0.0055
20	99.6911	0.001	0.0012	0.0048	0.0176	0.0704	0.1449	0	0.2809	0.2453	0.1596	0.0505	0.0192	0.0045
21	99.7886	0.0013	0.002	0.0054	0.0189	0.0569	0.1038	0.1384	0.2552	0.2215	0.1327	0.043	0.0166	0.0041
