Allele	DQA1_01_07Q__DQB1_06_49
Type	Standard
n_specificities	1
npep_u	1
npep_t	5000
spec_ids	1
L_core	9
L_N	0
L_C	0
CS_perL	1
pepL_lower	12
pepL_upper	21
n_diff_aa	20

PWM_norm.1	P1	P2	P3	P4	P5	P6	P7	P8	P9
A	0.856	1.3092	2.7086	5.3533	2.0379	1.9839	1.9625	1.6689	3.9228
C	0.2414	0.2173	0.1988	0.3732	0.0828	0.2354	0.1616	0.1831	0.304
D	0.6507	0.6723	0.6323	0.1599	0.7785	0.3391	0.4921	0.5241	0.5817
E	1.1371	1.0467	0.4969	0.0922	1.0703	0.2439	0.922	1.1834	0.3584
F	0.7236	0.4446	0.5101	0.3725	0.3395	0.2421	0.6636	0.615	0.331
G	0.4296	0.6772	5.6818	0.7687	0.4274	0.3126	0.3693	0.8962	2.9688
H	1.0439	2.3114	1.1821	0.4084	1.4699	0.1177	2.3387	0.9551	0.4086
I	2.0847	0.7997	0.1718	0.9104	0.9317	3.5942	0.6406	1.05	0.3761
K	0.252	1.3223	0.1908	0.0939	1.938	0.1203	0.7582	0.709	0.1615
L	1.2842	0.5004	0.2597	0.2774	0.7273	1.8786	0.7705	0.5869	0.1734
M	0.8591	0.6127	0.3142	0.3889	0.4451	1.5612	0.5088	0.5488	0.4351
N	2.5848	1.2957	0.5308	0.4212	1.0285	0.3829	0.9171	0.9225	0.5117
P	0.264	0.1267	1.2777	0.0586	0.2614	0.8485	0.4772	2.1311	0.2725
Q	1.8806	1.3971	0.7115	0.1246	1.3487	0.2467	2.6788	0.9514	1.7628
R	0.2404	1.5742	0.2954	0.069	1.1925	0.0901	2.4317	0.8988	0.1457
S	1.2859	0.997	0.8682	2.4302	0.786	0.4323	0.6241	0.9943	2.3462
T	0.7949	1.8421	0.3167	1.7699	1.1318	1.4325	0.5174	1.2563	0.739
V	1.7953	0.9968	0.1502	1.9719	1.6646	3.4211	0.9104	1.0058	0.4609
W	0.4803	1.4582	0.1181	0.1409	0.1861	0.0811	0.6678	0.5043	0.0814
Y	0.4709	1.1825	0.7883	0.0877	0.5787	0.1513	1.1899	0.9807	0.1935

pepL	alpha	w_s
12	99.5307	0.083	0.1488	0	0.3949	0.3734
13	98.9575	0.0263	0.0764	0.2382	0.4675	0.1916
14	98.3294	0.0043	0.0259	0.161	0	0.4702	0.2977	0.0409
15	98.0139	0.0017	0.0096	0.0839	0.376	0.4093	0.0998	0.0197
16	98.2233	8e-04	0.0022	0.03	0.2337	0	0.5219	0.1563	0.0471	0.0079
17	98.735	8e-04	0.0019	0.0146	0.1152	0.4293	0.2806	0.114	0.0363	0.0072
18	99.2174	5e-04	0.0013	0.0066	0.0433	0.2908	0	0.3312	0.218	0.0767	0.0267	0.005
19	99.5133	0.001	0.0012	0.0074	0.029	0.145	0.2323	0.2918	0.1844	0.0762	0.0263	0.0055
20	99.691	0.001	0.0012	0.0048	0.0176	0.0704	0.1449	0	0.2809	0.2454	0.1596	0.0505	0.0192	0.0045
21	99.7886	0.0013	0.002	0.0054	0.0189	0.0569	0.1038	0.1383	0.2554	0.2215	0.1327	0.043	0.0166	0.0041
