Allele	DQA1_01_10__DQB1_05_04
Type	Standard
n_specificities	1
npep_u	1
npep_t	5000
spec_ids	1
L_core	9
L_N	0
L_C	0
CS_perL	1
pepL_lower	12
pepL_upper	21
n_diff_aa	20

PWM_norm.1	P1	P2	P3	P4	P5	P6	P7	P8	P9
A	0.9954	0.856	0.7788	0.8891	1.0411	1.4755	1.3494	1.0571	1.4581
C	0.1631	0.1435	0.1285	0.4751	0.2849	0.3562	0.5698	0.1218	0.0752
D	0.4258	0.6867	1.2452	0.506	1.1057	2.9049	0.6854	1.054	4.41
E	0.7749	1.1989	0.2694	0.4296	1.1563	0.5755	1.2191	1.5012	3.9658
F	0.5258	0.4388	0.436	3.3985	0.6071	0.2519	0.8174	0.8871	0.2806
G	0.3853	0.5517	0.7555	0.3093	0.6104	0.4016	0.692	0.5347	1.0799
H	0.7496	1.7302	1.0712	2.75	1.3655	0.3298	2.3051	0.5485	0.9879
I	2.0746	0.688	0.3468	1.7819	1.0637	2.3269	0.9322	0.9069	0.3288
K	0.1686	1.5104	0.3287	0.4862	1.5512	0.4581	0.925	1.6684	0.1586
L	1.4225	0.4847	0.1537	0.8815	0.9016	1.2217	0.9078	0.5067	0.1784
M	0.9164	0.4621	0.2024	2	0.7485	1.1526	0.8771	0.903	0.309
N	3.7773	0.8289	0.2789	0.6288	1.1692	0.6906	1.7159	0.6928	0.5408
P	0.1565	0.0897	0.2079	0.1524	0.6475	1.0916	0.4394	1.2214	0.1519
Q	1.6606	1.6416	0.8185	0.7832	1.3957	0.4283	1.8038	0.7923	1.4403
R	0.1263	1.8719	0.1001	0.3744	1.0351	0.2338	1.1181	1.5084	0.1127
S	1.6147	1.0615	2.8517	0.3946	0.7707	0.6059	0.718	1.1318	1.0203
T	0.9845	1.898	7.1004	0.7081	1.2014	1.1109	0.6046	1.205	0.5579
V	1.5737	1.8549	0.1717	1.215	1.2837	2.4002	0.9895	0.8599	0.3274
W	0.2593	0.4543	0.2164	5.9752	0.3318	0.1737	1.1842	0.7996	0.0609
Y	0.3119	0.6586	0.3958	4.4426	1.057	0.2375	1.1707	1.2102	0.1441

pepL	alpha	w_s
12	99.5307	0.083	0.1488	0	0.3949	0.3733
13	98.9574	0.0263	0.0764	0.2382	0.4675	0.1916
14	98.3293	0.0043	0.0259	0.161	0	0.4702	0.2976	0.0409
15	98.0138	0.0017	0.0096	0.0839	0.3761	0.4093	0.0998	0.0197
16	98.2233	8e-04	0.0022	0.03	0.2337	0	0.522	0.1562	0.0472	0.0079
17	98.7349	8e-04	0.0019	0.0146	0.1152	0.4294	0.2806	0.114	0.0362	0.0072
18	99.2174	5e-04	0.0013	0.0066	0.0433	0.2908	0	0.3312	0.218	0.0767	0.0267	0.005
19	99.5134	0.001	0.0012	0.0074	0.029	0.145	0.2323	0.2917	0.1843	0.0762	0.0263	0.0055
20	99.6911	0.001	0.0012	0.0048	0.0176	0.0704	0.1449	0	0.2809	0.2453	0.1596	0.0505	0.0192	0.0045
21	99.7886	0.0013	0.002	0.0054	0.0189	0.0569	0.1038	0.1384	0.2552	0.2215	0.1327	0.043	0.0166	0.0041
