Allele	DQA1_05_11__DQB1_06_33
Type	Standard
n_specificities	1
npep_u	1
npep_t	5000
spec_ids	1
L_core	9
L_N	0
L_C	0
CS_perL	1
pepL_lower	12
pepL_upper	21
n_diff_aa	20

PWM_norm.1	P1	P2	P3	P4	P5	P6	P7	P8	P9
A	1.1885	1.913	2.2163	4.3736	1.739	4.1457	1.7387	1.785	3.7686
C	0.3471	0.0795	0.278	0.4796	0.0883	0.3274	0.1269	0.0674	0.7986
D	0.4909	0.9181	1.0586	0.391	0.654	0.0747	0.3897	0.6086	0.5692
E	0.7873	1.0439	0.9032	0.2566	0.8939	0.1398	0.8868	0.8968	0.2411
F	1.5569	0.4548	1.0487	0.7138	0.5745	0.2024	0.7466	0.9309	0.2173
G	0.4161	1.4745	2.2995	1.2213	0.6133	0.5912	0.3085	1.1238	2.5902
H	0.804	1.908	0.7646	0.3663	1.0946	0.067	2.3129	0.4744	0.2432
I	2.6635	0.5728	0.7432	1.0166	1.083	1.8935	0.6367	1.0766	0.7149
K	0.2738	1.1233	0.3937	0.2056	1.4837	0.07	0.9578	0.8781	0.1006
L	1.0904	0.3651	0.4773	0.4377	0.8917	0.5438	0.8698	0.7911	0.2581
M	1.549	0.6358	0.7244	0.6546	0.6112	0.3236	0.5076	0.4211	0.4261
N	0.9219	1.1213	0.8184	0.7129	0.7359	0.088	0.9209	0.7952	0.736
P	0.951	0.2225	0.8711	0.1979	0.9624	2.6711	0.438	2.0323	0.3193
Q	0.8639	1.1633	0.6661	0.2065	1.1217	0.0735	2.9703	0.6894	0.8126
R	0.1864	1.0809	0.6115	0.1138	1.0936	0.0375	2.42	1.0822	0.0837
S	0.7625	1.1961	1.0696	2.1545	0.8279	0.7317	0.5126	1.0092	2.2817
T	0.9418	1.5275	0.7597	1.6136	1.0741	0.9838	0.5076	1.1004	1.3481
V	2.0313	0.7243	1.3135	1.4889	1.7358	3.354	0.8511	0.8232	1.0149
W	2.2017	0.778	0.6427	0.2372	0.3309	0.0313	0.7343	0.4045	0.1134
Y	1.6847	1.4189	1.1628	0.2093	0.7567	0.1073	1.4212	1.047	0.1642

pepL	alpha	w_s
12	99.5307	0.083	0.1488	0	0.3949	0.3733
13	98.9574	0.0263	0.0764	0.2382	0.4675	0.1916
14	98.3293	0.0043	0.0259	0.161	0	0.4702	0.2976	0.0409
15	98.0138	0.0017	0.0096	0.0839	0.3761	0.4093	0.0998	0.0197
16	98.2233	8e-04	0.0022	0.03	0.2337	0	0.522	0.1562	0.0472	0.0079
17	98.7349	8e-04	0.0019	0.0146	0.1152	0.4294	0.2806	0.114	0.0362	0.0072
18	99.2174	5e-04	0.0013	0.0066	0.0433	0.2908	0	0.3312	0.218	0.0767	0.0267	0.005
19	99.5134	0.001	0.0012	0.0074	0.029	0.145	0.2323	0.2917	0.1843	0.0762	0.0263	0.0055
20	99.6911	0.001	0.0012	0.0048	0.0176	0.0704	0.1449	0	0.2809	0.2453	0.1596	0.0505	0.0192	0.0045
21	99.7886	0.0013	0.002	0.0054	0.0189	0.0569	0.1038	0.1384	0.2552	0.2215	0.1327	0.043	0.0166	0.0041
