Allele	DQA1_02_01__DQB1_06_118
Type	Standard
n_specificities	1
npep_u	1
npep_t	5000
spec_ids	1
L_core	9
L_N	0
L_C	0
CS_perL	1
pepL_lower	12
pepL_upper	21
n_diff_aa	20

PWM_norm.1	P1	P2	P3	P4	P5	P6	P7	P8	P9
A	0.7539	1.9443	1.0141	2.4763	1.5824	3.2125	2.1981	1.6689	3.2027
C	0.3274	0.0769	0.1293	0.7269	0.1491	0.4628	0.2806	0.1831	0.3194
D	0.5558	0.9028	0.9718	0.6128	0.6692	0.3407	0.6517	0.5241	0.8734
E	0.7093	1.0103	0.6061	0.504	0.9783	0.3799	1.771	1.1834	0.5841
F	2.9275	0.4744	0.326	0.8609	0.7346	0.1775	0.8684	0.615	0.2272
G	0.3797	1.4331	0.566	0.9003	0.6775	0.5256	0.6918	0.8962	2.3855
H	1.5927	1.8955	0.2678	0.4524	1.2102	0.1227	1.3034	0.9551	0.6653
I	1.8691	0.5654	0.4104	1.8494	0.9783	1.6644	0.8269	1.05	0.509
K	0.257	1.1563	0.2857	0.2013	1.3283	0.1702	0.5187	0.709	0.2132
L	1.0803	0.3739	0.124	0.8276	0.773	0.559	0.6711	0.5869	0.1793
M	1.548	0.6172	0.2089	0.8408	0.5965	0.3502	0.4796	0.5488	0.3199
N	0.721	1.1284	0.3672	0.835	0.5962	0.1938	1.1671	0.9225	0.996
P	0.5711	0.2115	0.2478	0.1598	0.9625	2.5304	0.4864	2.1311	0.3864
Q	1.2199	1.1424	0.3511	0.368	1.2921	0.1589	1.5083	0.9514	1.1387
R	0.3822	1.0842	0.1555	0.1638	1.032	0.0742	1.0397	0.8988	0.1668
S	0.5046	1.1903	3.145	1.4876	0.8865	1.2208	1.1219	0.9943	2.6312
T	0.7279	1.5682	6.8611	2.0256	1.2201	1.0828	0.6813	1.2563	1.0106
V	1.4762	0.7243	0.417	2.3211	1.7238	3.1672	0.9784	1.0058	0.6657
W	2.8874	0.7712	0.514	0.3287	0.4445	0.0536	0.6854	0.5043	0.0991
Y	4.1465	1.4546	0.2304	0.3036	0.8381	0.1353	1.0719	0.9807	0.2055

pepL	alpha	w_s
12	99.5307	0.083	0.1488	0	0.3949	0.3734
13	98.9575	0.0263	0.0764	0.2382	0.4675	0.1916
14	98.3294	0.0043	0.0259	0.161	0	0.4702	0.2977	0.0409
15	98.0139	0.0017	0.0096	0.0839	0.376	0.4093	0.0998	0.0197
16	98.2233	8e-04	0.0022	0.03	0.2337	0	0.5219	0.1563	0.0471	0.0079
17	98.735	8e-04	0.0019	0.0146	0.1152	0.4293	0.2806	0.114	0.0363	0.0072
18	99.2174	5e-04	0.0013	0.0066	0.0433	0.2908	0	0.3312	0.218	0.0767	0.0267	0.005
19	99.5133	0.001	0.0012	0.0074	0.029	0.145	0.2323	0.2918	0.1844	0.0762	0.0263	0.0055
20	99.691	0.001	0.0012	0.0048	0.0176	0.0704	0.1449	0	0.2809	0.2454	0.1596	0.0505	0.0192	0.0045
21	99.7886	0.0013	0.002	0.0054	0.0189	0.0569	0.1038	0.1383	0.2554	0.2215	0.1327	0.043	0.0166	0.0041
