Allele	DQA1_01_19__DQB1_04_32
Type	Standard
n_specificities	1
npep_u	1
npep_t	5000
spec_ids	1
L_core	9
L_N	0
L_C	0
CS_perL	1
pepL_lower	12
pepL_upper	21
n_diff_aa	20

PWM_norm.1	P1	P2	P3	P4	P5	P6	P7	P8	P9
A	1.0822	1.3092	1.2705	1.497	1.0198	1.8035	1.3814	1.6689	2.8494
C	0.4216	0.2173	0.1973	0.6529	0.32	0.2733	0.5094	0.1831	0.6803
D	0.3959	0.6723	2.0933	0.5485	1.0756	0.4383	0.6845	0.5241	0.6199
E	0.6012	1.0467	0.5675	0.4047	1.1582	0.3227	1.3414	1.1834	0.4046
F	1.8881	0.4446	0.9617	2.5591	0.6473	0.4181	0.7971	0.615	0.3815
G	0.3345	0.6772	2.4985	0.5624	0.5671	0.3164	0.6301	0.8962	2.5227
H	1.0558	2.3114	4.1688	1.4587	1.423	0.1852	2.3662	0.9551	0.6269
I	2.7831	0.7997	0.4668	2.1446	1.0528	3.3122	0.8575	1.05	0.8029
K	0.5619	1.3223	0.509	0.4325	1.6017	0.1917	0.9292	0.709	0.3432
L	1.3294	0.5004	0.39	0.8917	0.8722	1.9704	0.8661	0.5869	0.3474
M	1.5971	0.6127	0.4801	2.1055	0.7654	2.1161	0.7436	0.5488	0.6043
N	1.3451	1.2957	0.6544	0.6878	1.2276	0.3865	1.4904	0.9225	1.0721
P	0.7912	0.1267	0.6169	0.2227	0.6079	0.8404	0.3798	2.1311	0.4379
Q	0.8366	1.3971	1.9785	0.6346	1.4329	0.3764	1.8514	0.9514	1.1771
R	0.3323	1.5742	0.232	0.3047	1.0233	0.1257	1.3578	0.8988	0.2827
S	0.6241	0.997	1.0424	0.7328	0.7702	0.3712	0.7281	0.9943	1.9974
T	0.7288	1.8421	0.5981	1.0425	1.2033	1.1663	0.5799	1.2563	0.9987
V	1.7533	0.9968	0.2615	1.7983	1.3048	3.2019	0.9717	1.0058	0.9801
W	1.6835	1.4582	0.3195	3.2301	0.3425	0.1754	1.0823	0.5043	0.2372
Y	1.6336	1.1825	1.9985	2.1728	1.051	0.294	1.2622	0.9807	0.369

pepL	alpha	w_s
12	99.5307	0.083	0.1488	0	0.3949	0.3734
13	98.9575	0.0263	0.0764	0.2382	0.4675	0.1916
14	98.3294	0.0043	0.0259	0.161	0	0.4702	0.2977	0.0409
15	98.0139	0.0017	0.0096	0.0839	0.376	0.4093	0.0998	0.0197
16	98.2233	8e-04	0.0022	0.03	0.2337	0	0.5219	0.1563	0.0471	0.0079
17	98.735	8e-04	0.0019	0.0146	0.1152	0.4293	0.2806	0.114	0.0363	0.0072
18	99.2174	5e-04	0.0013	0.0066	0.0433	0.2908	0	0.3312	0.218	0.0767	0.0267	0.005
19	99.5133	0.001	0.0012	0.0074	0.029	0.145	0.2323	0.2918	0.1844	0.0762	0.0263	0.0055
20	99.691	0.001	0.0012	0.0048	0.0176	0.0704	0.1449	0	0.2809	0.2454	0.1596	0.0505	0.0192	0.0045
21	99.7886	0.0013	0.002	0.0054	0.0189	0.0569	0.1038	0.1383	0.2554	0.2215	0.1327	0.043	0.0166	0.0041
