Allele	DQA1_01_05__DQB1_03_250
Type	Standard
n_specificities	1
npep_u	1
npep_t	5000
spec_ids	1
L_core	9
L_N	0
L_C	0
CS_perL	1
pepL_lower	12
pepL_upper	21
n_diff_aa	20

PWM_norm.1	P1	P2	P3	P4	P5	P6	P7	P8	P9
A	0.8815	1.3092	2.4352	2.4083	1.5299	1.6694	2.1981	1.199	0.6913
C	0.5166	0.2173	0.2078	0.5496	0.262	0.2637	0.2806	0.1078	0.0999
D	1.0308	0.6723	0.8934	0.3448	0.9245	4.1715	0.6517	0.8272	4.0662
E	0.9947	1.0467	0.6016	0.1974	1.3451	0.3628	1.771	1.511	4.851
F	1.4874	0.4446	0.687	1.036	0.4745	0.115	0.8684	0.7012	0.582
G	0.5118	0.6772	5.3762	0.8174	0.4724	0.3555	0.6918	0.8009	0.8232
H	1.3917	2.3114	1.1684	0.5903	1.432	0.1331	1.3034	0.9492	0.8739
I	1.9505	0.7997	0.2213	2.2109	0.9041	2.7075	0.8269	0.9272	0.645
K	0.5359	1.3223	0.2008	0.1661	1.6059	0.2305	0.5187	0.9709	0.2172
L	0.932	0.5004	0.3393	0.4903	0.6796	1.1539	0.6711	0.8989	0.3823
M	1.1562	0.6127	0.4461	0.7441	0.4882	0.6907	0.4796	0.6277	0.6092
N	1.2651	1.2957	0.4901	0.6441	0.9695	0.5824	1.1671	0.8395	0.4609
P	0.8307	0.1267	1.1794	0.1557	0.2742	0.9676	0.4864	1.4679	0.2125
Q	1.2083	1.3971	0.7566	0.2303	1.6909	0.2214	1.5083	1.0204	1.1587
R	0.7089	1.5742	0.2156	0.138	0.9732	0.1142	1.0397	1.3689	0.1966
S	0.7357	0.997	0.8192	1.7343	0.9266	0.6059	1.1219	0.805	0.4837
T	0.8011	1.8421	0.4639	1.9358	1.3909	1.1591	0.6813	0.8895	0.4276
V	1.5286	0.9968	0.2017	3.1831	1.4449	2.3976	0.9784	0.9692	0.5578
W	1.718	1.4582	0.1585	0.5991	0.3849	0.0601	0.6854	0.5405	0.3428
Y	1.4138	1.1825	0.8516	0.4966	0.7284	0.1011	1.0719	1.3543	0.6532

pepL	alpha	w_s
12	99.5307	0.083	0.1488	0	0.3949	0.3734
13	98.9575	0.0263	0.0764	0.2382	0.4675	0.1916
14	98.3294	0.0043	0.0259	0.161	0	0.4702	0.2977	0.0409
15	98.0139	0.0017	0.0096	0.0839	0.376	0.4093	0.0998	0.0197
16	98.2233	8e-04	0.0022	0.03	0.2337	0	0.5219	0.1563	0.0471	0.0079
17	98.735	8e-04	0.0019	0.0146	0.1152	0.4293	0.2806	0.114	0.0363	0.0072
18	99.2174	5e-04	0.0013	0.0066	0.0433	0.2908	0	0.3312	0.218	0.0767	0.0267	0.005
19	99.5133	0.001	0.0012	0.0074	0.029	0.145	0.2323	0.2918	0.1844	0.0762	0.0263	0.0055
20	99.691	0.001	0.0012	0.0048	0.0176	0.0704	0.1449	0	0.2809	0.2454	0.1596	0.0505	0.0192	0.0045
21	99.7886	0.0013	0.002	0.0054	0.0189	0.0569	0.1038	0.1383	0.2554	0.2215	0.1327	0.043	0.0166	0.0041
