Allele	DQA1_05_13__DQB1_06_107
Type	Standard
n_specificities	1
npep_u	1
npep_t	5000
spec_ids	1
L_core	9
L_N	0
L_C	0
CS_perL	1
pepL_lower	12
pepL_upper	21
n_diff_aa	20

PWM_norm.1	P1	P2	P3	P4	P5	P6	P7	P8	P9
A	1.1787	1.9443	1.7508	3.2146	1.5877	3.2056	2.0556	1.7502	3.6941
C	0.3448	0.0769	0.2506	0.9645	0.1061	0.5455	0.1438	0.0677	0.7916
D	0.6228	0.9028	1.5107	0.6991	0.7365	0.0896	0.4101	0.6451	0.6236
E	0.8444	1.0103	0.6991	0.5914	0.9406	0.2046	1.0414	0.8923	0.2329
F	1.3449	0.4744	1.4549	1.0247	0.7031	0.4642	0.6549	0.9392	0.3155
G	0.4354	1.4331	1.7792	0.9765	0.6932	0.4608	0.3662	1.1006	2.6686
H	0.7341	1.8955	0.8933	0.4244	1.2393	0.1054	2.3331	0.5207	0.2907
I	2.5631	0.5654	0.7108	1.4015	1.02	2.3192	0.5835	1.1134	0.7229
K	0.2376	1.1563	0.4387	0.2871	1.5713	0.0922	0.7607	0.8715	0.1149
L	1.1524	0.3739	0.4078	1.0157	0.7293	0.8487	0.7609	0.7928	0.2711
M	1.4373	0.6172	1.0068	1.8811	0.6679	0.7565	0.4946	0.4283	0.4531
N	0.9188	1.1284	0.6759	0.9223	0.8581	0.1502	0.7691	0.8171	0.7581
P	0.9513	0.2115	0.621	0.1945	0.9326	2.165	0.326	2.022	0.3152
Q	0.9635	1.1424	0.9645	0.5722	1.2467	0.1686	2.8524	0.7119	0.7713
R	0.1522	1.0842	0.4939	0.2286	1.1727	0.0585	2.5671	1.0601	0.0978
S	0.901	1.1903	1.5103	1.1656	0.8855	0.7403	0.5865	0.9619	2.2308
T	0.9514	1.5682	1.3146	1.0547	1.1716	1.226	0.4165	1.1085	1.336
V	2.0886	0.7243	1.0412	1.4308	1.3823	3.3474	0.8565	0.8549	0.9335
W	1.7207	0.7712	0.6774	0.6562	0.2677	0.0915	0.5894	0.4204	0.1251
Y	1.25	1.4546	1.2892	0.5746	0.778	0.2482	1.3929	1.0818	0.1934

pepL	alpha	w_s
12	99.5307	0.083	0.1488	0	0.3949	0.3734
13	98.9575	0.0263	0.0764	0.2382	0.4675	0.1916
14	98.3294	0.0043	0.0259	0.161	0	0.4702	0.2977	0.0409
15	98.0139	0.0017	0.0096	0.0839	0.376	0.4093	0.0998	0.0197
16	98.2233	8e-04	0.0022	0.03	0.2337	0	0.5219	0.1563	0.0471	0.0079
17	98.735	8e-04	0.0019	0.0146	0.1152	0.4293	0.2806	0.114	0.0363	0.0072
18	99.2174	5e-04	0.0013	0.0066	0.0433	0.2908	0	0.3312	0.218	0.0767	0.0267	0.005
19	99.5133	0.001	0.0012	0.0074	0.029	0.145	0.2323	0.2918	0.1844	0.0762	0.0263	0.0055
20	99.691	0.001	0.0012	0.0048	0.0176	0.0704	0.1449	0	0.2809	0.2454	0.1596	0.0505	0.0192	0.0045
21	99.7886	0.0013	0.002	0.0054	0.0189	0.0569	0.1038	0.1383	0.2554	0.2215	0.1327	0.043	0.0166	0.0041
