Allele	DQA1_01_07Q__DQB1_05_104
Type	Standard
n_specificities	1
npep_u	1
npep_t	5000
spec_ids	1
L_core	9
L_N	0
L_C	0
CS_perL	1
pepL_lower	12
pepL_upper	21
n_diff_aa	20

PWM_norm.1	P1	P2	P3	P4	P5	P6	P7	P8	P9
A	0.856	0.8879	1.2705	0.3659	0.5841	0.7204	1.0067	0.9303	1.1896
C	0.2414	0.1593	0.1973	0.1042	0.3089	0.1269	0.1674	0.1478	0.1921
D	0.6507	0.6598	2.0933	0.1812	1.3401	11.763	1.9639	0.9425	2.0209
E	1.1371	1.2004	0.5675	0.1151	1.2818	0.7496	1.1835	1.5197	1.2824
F	0.7236	0.4534	0.9617	7.1254	0.6861	0.0982	0.4614	1.8624	1.438
G	0.4296	0.5241	2.4985	0.1174	0.7637	0.225	0.3228	0.3727	0.8062
H	1.0439	1.7206	4.1688	2.1926	1.5693	0.1248	1.9035	0.3635	0.9777
I	2.0847	0.7006	0.4668	0.587	1.0422	1.4957	0.9783	1.668	2.0495
K	0.252	1.5511	0.509	0.1494	1.3742	0.1999	0.7937	0.9429	0.2204
L	1.2842	0.5257	0.39	0.4895	0.7686	0.568	0.4789	0.9276	1.1279
M	0.8591	0.4653	0.4801	1.6379	0.592	0.3155	0.446	1.5657	1.2521
N	2.5848	0.8427	0.6544	0.2172	1.2872	0.546	0.9321	0.8797	0.7657
P	0.264	0.0838	0.6169	0.0488	1.098	0.2608	2.2139	0.9852	0.2022
Q	1.8806	1.5646	1.9785	0.3404	1.3141	0.1946	1.6977	0.9419	2.2608
R	0.2404	1.8592	0.232	0.1434	0.9955	0.1291	0.5501	0.7939	0.2783
S	1.2859	1.0305	1.0424	0.1117	0.7007	0.3113	0.8275	0.5839	0.5906
T	0.7949	1.9048	0.5981	0.1557	1.0849	0.5861	0.8666	0.8527	0.5815
V	1.7953	1.842	0.2615	0.3487	1.2941	0.8308	1.3948	1.1451	1.3259
W	0.4803	0.4249	0.3195	14.5777	0.2838	0.0875	0.5134	0.7426	0.4642
Y	0.4709	0.6904	1.9985	10.2468	1.2858	0.1099	0.8323	2.587	0.8832

pepL	alpha	w_s
12	99.5307	0.083	0.1488	0	0.3949	0.3734
13	98.9575	0.0263	0.0764	0.2382	0.4675	0.1916
14	98.3294	0.0043	0.0259	0.161	0	0.4702	0.2977	0.0409
15	98.0139	0.0017	0.0096	0.0839	0.376	0.4093	0.0998	0.0197
16	98.2233	8e-04	0.0022	0.03	0.2337	0	0.5219	0.1563	0.0471	0.0079
17	98.735	8e-04	0.0019	0.0146	0.1152	0.4293	0.2806	0.114	0.0363	0.0072
18	99.2174	5e-04	0.0013	0.0066	0.0433	0.2908	0	0.3312	0.218	0.0767	0.0267	0.005
19	99.5133	0.001	0.0012	0.0074	0.029	0.145	0.2323	0.2918	0.1844	0.0762	0.0263	0.0055
20	99.691	0.001	0.0012	0.0048	0.0176	0.0704	0.1449	0	0.2809	0.2454	0.1596	0.0505	0.0192	0.0045
21	99.7886	0.0013	0.002	0.0054	0.0189	0.0569	0.1038	0.1383	0.2554	0.2215	0.1327	0.043	0.0166	0.0041
