Allele	DQA1_01_02__DQB1_06_04
Type	Standard
n_specificities	1
npep_u	1
npep_t	1111
spec_ids	1
L_core	9
L_N	0
L_C	0
CS_perL	1
pepL_lower	12
pepL_upper	21
n_diff_aa	20

PWM_norm.1	P1	P2	P3	P4	P5	P6	P7	P8	P9
A	0.6093	1.4362	2.2098	1.7213	1.1198	0.3456	1.0947	0.9008	0.6416
C	0.0891	0.0894	0.0889	0.1645	0.3164	0.0599	0.3115	0.0887	0.169
D	0.1583	0.8147	1.4756	0.2172	1.0101	16.4517	0.4435	0.977	2.9943
E	0.4299	0.6371	0.6379	0.0646	1.8861	0.1876	1.4576	1.8328	0.9616
F	3.4473	0.2662	0.7166	0.2067	0.6368	0.0756	2.4108	1.8392	1.7184
G	0.1093	0.5104	5.8483	0.4836	0.4417	0.1446	0.2084	0.3021	0.7403
H	3.002	2.7165	1.6031	0.0686	1.5571	0.1067	2.9965	0.2394	0.5638
I	2.097	0.7375	0.2243	3.7169	0.7862	0.7929	0.8861	1.9968	3.8904
K	0.1432	1.1352	0.1662	0.0906	1.4803	0.1148	0.1921	0.785	0.1031
L	2.2002	0.6128	0.4222	0.5126	0.5913	0.3508	0.3575	1.0287	1.4758
M	1.3663	0.5625	0.7805	0.6874	0.3153	0.1547	0.3061	0.7979	1.4995
N	3.7392	1.7634	0.2048	0.2	0.6261	0.6447	1.6247	0.7973	0.8665
P	0.0422	0.0549	0.563	0.0503	0.1342	0.1707	2.2884	0.8612	0.0451
Q	1.208	1.6003	0.8513	0.0825	1.8501	0.0911	0.929	0.8834	1.2089
R	0.0895	2.4669	0.0834	0.0719	0.9615	0.0796	0.5353	0.7958	0.0814
S	0.3917	0.9151	0.762	1.1924	1.1066	0.1113	0.7042	0.6716	0.2437
T	0.2366	1.9641	0.1939	2.4459	1.5007	0.1014	0.7786	0.6934	0.4279
V	0.6319	0.8233	0.1807	5.5444	1.2703	0.2159	1.028	1.2584	1.6764
W	0.2521	0.0754	0.3494	0.071	0.4869	0.0494	3.1478	0.5736	0.2194
Y	2.956	0.4933	0.907	0.1134	0.8934	0.0713	1.6462	2.5677	0.6587

pepL	alpha	w_s
12	99.5307	0.083	0.1488	0	0.3949	0.3734
13	98.9575	0.0263	0.0764	0.2382	0.4675	0.1916
14	98.3294	0.0043	0.0259	0.161	0	0.4702	0.2977	0.0409
15	98.0139	0.0017	0.0096	0.0839	0.376	0.4093	0.0998	0.0197
16	98.2233	8e-04	0.0022	0.03	0.2337	0	0.5219	0.1563	0.0471	0.0079
17	98.735	8e-04	0.0019	0.0146	0.1152	0.4293	0.2806	0.114	0.0363	0.0072
18	99.2174	5e-04	0.0013	0.0066	0.0433	0.2908	0	0.3312	0.218	0.0767	0.0267	0.005
19	99.5133	0.001	0.0012	0.0074	0.029	0.145	0.2323	0.2918	0.1844	0.0762	0.0263	0.0055
20	99.691	0.001	0.0012	0.0048	0.0176	0.0704	0.1449	0	0.2809	0.2454	0.1596	0.0505	0.0192	0.0045
21	99.7886	0.0013	0.002	0.0054	0.0189	0.0569	0.1038	0.1383	0.2554	0.2215	0.1327	0.043	0.0166	0.0041
