Allele	DQA1_01_05__DQB1_06_33
Type	Standard
n_specificities	1
npep_u	1
npep_t	5000
spec_ids	1
L_core	9
L_N	0
L_C	0
CS_perL	1
pepL_lower	12
pepL_upper	21
n_diff_aa	20

PWM_norm.1	P1	P2	P3	P4	P5	P6	P7	P8	P9
A	0.9162	1.298	2.371	4.4715	1.8571	2.8888	1.7387	1.6177	3.8652
C	0.2326	0.2391	0.2143	0.4037	0.1168	0.2207	0.1269	0.1716	0.3045
D	0.6135	0.7043	0.8656	0.2194	0.7907	0.4556	0.3897	0.5142	0.5741
E	1.1699	1.0247	0.6507	0.1357	1.0104	0.2102	0.8868	1.2261	0.38
F	0.6804	0.4394	0.7037	0.4307	0.3695	0.1786	0.7466	0.6187	0.2516
G	0.4475	0.7132	5.2601	0.4819	0.4942	0.4612	0.3085	0.877	2.9819
H	0.8994	2.3334	1.2476	0.3417	1.2336	0.1065	2.3129	0.9366	0.3866
I	2.1472	0.7881	0.2329	1.573	1.0337	3.1416	0.6367	1.0367	0.3812
K	0.2452	1.2925	0.2143	0.1212	1.7842	0.1434	0.9578	0.7525	0.1462
L	1.2375	0.4882	0.3463	0.3893	0.7711	1.3622	0.8698	0.5769	0.1634
M	0.9027	0.6284	0.421	0.5316	0.568	1.0606	0.5076	0.545	0.4387
N	2.3915	1.2965	0.5417	0.4556	1.116	0.2692	0.9209	0.9046	0.5332
P	0.2807	0.1295	1.1687	0.0819	0.4442	1.2003	0.438	2.1045	0.2876
Q	1.8472	1.4317	0.8355	0.1262	1.3893	0.1749	2.9703	0.9468	1.7435
R	0.2486	1.539	0.2242	0.0675	1.108	0.0698	2.42	0.9217	0.1379
S	1.2687	1.0028	0.7953	2.1207	0.8243	0.4037	0.5126	1.0171	2.3719
T	0.9276	1.8356	0.4519	2.011	1.158	1.1713	0.5076	1.2686	0.7784
V	1.8554	0.9647	0.2234	2.5928	1.5767	3.6234	0.8511	1.0117	0.5032
W	0.4232	1.6405	0.1674	0.1503	0.2563	0.0422	0.7343	0.4964	0.094
Y	0.4399	1.1971	0.9051	0.1252	0.6374	0.1038	1.4212	0.9943	0.1756

pepL	alpha	w_s
12	99.5307	0.083	0.1488	0	0.3949	0.3733
13	98.9574	0.0263	0.0764	0.2382	0.4675	0.1916
14	98.3293	0.0043	0.0259	0.161	0	0.4702	0.2976	0.0409
15	98.0138	0.0017	0.0096	0.0839	0.3761	0.4093	0.0998	0.0197
16	98.2233	8e-04	0.0022	0.03	0.2337	0	0.522	0.1562	0.0472	0.0079
17	98.7349	8e-04	0.0019	0.0146	0.1152	0.4294	0.2806	0.114	0.0362	0.0072
18	99.2174	5e-04	0.0013	0.0066	0.0433	0.2908	0	0.3312	0.218	0.0767	0.0267	0.005
19	99.5134	0.001	0.0012	0.0074	0.029	0.145	0.2323	0.2917	0.1843	0.0762	0.0263	0.0055
20	99.6911	0.001	0.0012	0.0048	0.0176	0.0704	0.1449	0	0.2809	0.2453	0.1596	0.0505	0.0192	0.0045
21	99.7886	0.0013	0.002	0.0054	0.0189	0.0569	0.1038	0.1384	0.2552	0.2215	0.1327	0.043	0.0166	0.0041
