Allele	DQA1_01_07Q__DQB1_03_98
Type	Standard
n_specificities	1
npep_u	1
npep_t	5000
spec_ids	1
L_core	9
L_N	0
L_C	0
CS_perL	1
pepL_lower	12
pepL_upper	21
n_diff_aa	20

PWM_norm.1	P1	P2	P3	P4	P5	P6	P7	P8	P9
A	0.8353	1.298	2.371	2.144	1.5975	1.4881	2.1362	1.6177	2.6062
C	0.5046	0.2391	0.2143	0.3904	0.2039	0.2016	0.2784	0.1716	0.4631
D	1.155	0.7043	0.8656	0.2865	0.876	5.1511	0.652	0.5142	0.8268
E	1.1091	1.0247	0.6507	0.1356	1.3298	0.4083	1.7718	1.2261	0.5677
F	1.3272	0.4394	0.7037	0.3855	0.4456	0.1286	0.9125	0.6187	0.2413
G	0.5346	0.7132	5.2601	0.3315	0.4957	0.3397	0.7338	0.877	2.385
H	1.109	2.3334	1.2476	0.1604	1.4366	0.1568	1.267	0.9366	0.8553
I	2.0129	0.7881	0.2329	3.3517	0.8519	2.753	0.8402	1.0367	0.8407
K	0.4635	1.2925	0.2143	0.069	1.5714	0.2327	0.5682	0.7525	0.2976
L	0.952	0.4882	0.3463	0.6746	0.6631	1.1347	0.7095	0.5769	0.2774
M	1.2169	0.6284	0.421	0.5336	0.456	0.6055	0.4948	0.545	0.3591
N	1.3003	1.2965	0.5417	0.371	0.9021	0.5298	1.2055	0.9046	1.2955
P	0.74	0.1295	1.1687	0.0675	0.2775	0.8406	0.5476	2.1045	0.5187
Q	1.2627	1.4317	0.8355	0.1399	1.8151	0.2487	1.4868	0.9468	1.0519
R	0.5003	1.539	0.2242	0.0481	0.9376	0.1122	0.9213	0.9217	0.2191
S	0.8498	1.0028	0.7953	1.1584	0.9547	0.5259	1.086	1.0171	2.1835
T	0.8552	1.8356	0.4519	2.3389	1.4405	0.9758	0.7028	1.2686	1.0834
V	1.6583	0.9647	0.2234	4.9292	1.4577	2.2332	0.9454	1.0117	0.9939
W	1.4963	1.6405	0.1674	0.0905	0.318	0.0639	0.7124	0.4964	0.1455
Y	1.2184	1.1971	0.9051	0.1088	0.6998	0.1087	1.0466	0.9943	0.2775

pepL	alpha	w_s
12	99.5307	0.083	0.1488	0	0.3949	0.3733
13	98.9574	0.0263	0.0764	0.2382	0.4675	0.1916
14	98.3293	0.0043	0.0259	0.161	0	0.4702	0.2976	0.0409
15	98.0138	0.0017	0.0096	0.0839	0.3761	0.4093	0.0998	0.0197
16	98.2233	8e-04	0.0022	0.03	0.2337	0	0.522	0.1562	0.0472	0.0079
17	98.7349	8e-04	0.0019	0.0146	0.1152	0.4294	0.2806	0.114	0.0362	0.0072
18	99.2174	5e-04	0.0013	0.0066	0.0433	0.2908	0	0.3312	0.218	0.0767	0.0267	0.005
19	99.5134	0.001	0.0012	0.0074	0.029	0.145	0.2323	0.2917	0.1843	0.0762	0.0263	0.0055
20	99.6911	0.001	0.0012	0.0048	0.0176	0.0704	0.1449	0	0.2809	0.2453	0.1596	0.0505	0.0192	0.0045
21	99.7886	0.0013	0.002	0.0054	0.0189	0.0569	0.1038	0.1384	0.2552	0.2215	0.1327	0.043	0.0166	0.0041
