Allele	DQA1_03_01__DQB1_03_01
Type	Standard
n_specificities	1
npep_u	1
npep_t	661
spec_ids	1
L_core	9
L_N	0
L_C	0
CS_perL	1
pepL_lower	12
pepL_upper	21
n_diff_aa	20

PWM_norm.1	P1	P2	P3	P4	P5	P6	P7	P8	P9
A	1.1068	1.6716	2.8763	3.5147	1.2235	3.8586	2.0051	1.452	1.6943
C	0.1285	0.1326	0.152	0.1668	0.1477	0.1818	0.1593	0.1378	0.1454
D	3.9606	1.4913	0.5987	0.3928	0.3641	0.1424	0.4141	0.326	1.6718
E	2.2042	0.6436	0.7353	0.1438	1.4138	0.1149	1.0367	2.292	1.3445
F	0.8555	0.3389	0.7304	0.6797	0.5109	0.6374	0.213	0.4561	0.1539
G	0.2882	1.8321	2.9831	4.1716	0.2203	0.4815	0.3182	0.8295	1.8189
H	1.1535	2.1186	1.2878	0.4929	1.2416	0.3705	0.397	1.0167	1.8958
I	0.7845	0.1958	0.7394	0.3335	1.2301	0.7953	1.7737	0.566	1.338
K	0.2722	1.5444	0.4232	0.4328	1.0415	0.2883	0.6856	0.4222	0.5155
L	0.2935	0.4528	0.1957	0.115	1.0449	0.6155	1.0443	0.4864	0.1351
M	0.1826	0.5097	0.2307	0.1603	0.5729	0.3288	0.4097	0.1864	0.2358
N	0.2831	1.0251	0.3968	1.1532	0.7593	0.3174	0.7324	0.8899	1.2696
P	1.8448	0.1061	1.1552	0.1537	0.9818	2.7328	0.3977	2.1864	0.4013
Q	0.4332	1.0241	0.5408	0.1762	0.6874	0.112	0.913	1.359	0.7111
R	0.1371	1.2754	0.786	0.2457	1.4135	0.1214	1.7451	0.1805	0.2848
S	0.8592	0.7838	1.199	2.1482	0.9156	0.9756	1.4342	1.3837	1.7067
T	0.1782	1.9616	0.4577	1.2031	0.775	1.7164	0.97	1.1409	1.0812
V	2.2007	0.2531	1.2496	0.5285	2.6594	2.4679	2.0464	0.9388	1.3605
W	0.5488	0.1401	0.548	0.1088	0.3313	0.1027	0.1071	0.1167	0.2159
Y	1.2417	2.6465	0.6093	0.3015	0.5242	0.3636	0.1676	1.38	0.554

pepL	alpha	w_s
12	99.5307	0.083	0.1488	0	0.3949	0.3733
13	98.9574	0.0263	0.0764	0.2382	0.4675	0.1916
14	98.3293	0.0043	0.0259	0.161	0	0.4702	0.2976	0.0409
15	98.0138	0.0017	0.0096	0.0839	0.3761	0.4093	0.0998	0.0197
16	98.2233	8e-04	0.0022	0.03	0.2337	0	0.522	0.1562	0.0472	0.0079
17	98.7349	8e-04	0.0019	0.0146	0.1152	0.4294	0.2806	0.114	0.0362	0.0072
18	99.2174	5e-04	0.0013	0.0066	0.0433	0.2908	0	0.3312	0.218	0.0767	0.0267	0.005
19	99.5134	0.001	0.0012	0.0074	0.029	0.145	0.2323	0.2917	0.1843	0.0762	0.0263	0.0055
20	99.6911	0.001	0.0012	0.0048	0.0176	0.0704	0.1449	0	0.2809	0.2453	0.1596	0.0505	0.0192	0.0045
21	99.7886	0.0013	0.002	0.0054	0.0189	0.0569	0.1038	0.1384	0.2552	0.2215	0.1327	0.043	0.0166	0.0041
