Allele	DQA1_02_01__DQB1_06_07
Type	Standard
n_specificities	1
npep_u	1
npep_t	5000
spec_ids	1
L_core	9
L_N	0
L_C	0
CS_perL	1
pepL_lower	12
pepL_upper	21
n_diff_aa	20

PWM_norm.1	P1	P2	P3	P4	P5	P6	P7	P8	P9
A	0.7826	1.913	0.9598	2.644	1.3208	2.3072	1.0268	1.6177	3.1854
C	0.4426	0.0795	0.1663	0.7179	0.1398	0.3567	0.3636	0.1716	0.402
D	0.5809	0.9181	0.9906	0.6064	0.7775	1.597	0.5937	0.5142	1.2149
E	0.8439	1.0439	0.5908	0.4798	1.2211	1.2683	1.3496	1.2261	0.554
F	2.8895	0.4548	0.3225	0.7806	0.8471	0.1964	2.1745	0.6187	0.1528
G	0.3934	1.4745	0.5619	0.9325	0.7908	0.4385	0.2958	0.877	1.8059
H	2.2084	1.908	0.2686	0.4339	1.3111	0.1248	2.4753	0.9366	0.6305
I	1.8424	0.5728	0.4203	1.7075	0.9024	1.5525	1.0314	1.0367	0.5845
K	0.2658	1.1233	0.2842	0.1607	1.3608	0.1212	0.3684	0.7525	0.2126
L	1.0686	0.3651	0.1234	0.7772	0.7168	0.7033	0.4777	0.5769	0.2638
M	1.5587	0.6358	0.212	0.7544	0.5745	0.4741	0.4743	0.545	0.3642
N	0.9165	1.1213	0.3731	0.7359	0.6314	0.4008	1.3786	0.9046	1.5259
P	0.5586	0.2225	0.2292	0.1599	0.7237	1.9417	2.0874	2.1045	0.2732
Q	1.2317	1.1633	0.3679	0.3807	1.2396	0.2683	0.9745	0.9468	0.8075
R	0.38	1.0809	0.1642	0.1227	1.0633	0.0831	0.5228	0.9217	0.154
S	0.4786	1.1961	3.1705	1.5546	0.974	0.9402	0.7649	1.0171	2.5866
T	0.6776	1.5275	6.8695	2.1432	1.256	1.1072	0.8758	1.2686	1.2135
V	1.3073	0.7243	0.422	2.3703	1.5736	2.8502	1.088	1.0117	0.8769
W	2.6904	0.778	0.5608	0.2646	0.529	0.0725	2.9114	0.4964	0.1033
Y	3.4386	1.4189	0.2066	0.2383	0.9264	0.1792	1.5404	0.9943	0.1472

pepL	alpha	w_s
12	99.5307	0.083	0.1488	0	0.3949	0.3733
13	98.9574	0.0263	0.0764	0.2382	0.4675	0.1916
14	98.3293	0.0043	0.0259	0.161	0	0.4702	0.2976	0.0409
15	98.0138	0.0017	0.0096	0.0839	0.3761	0.4093	0.0998	0.0197
16	98.2233	8e-04	0.0022	0.03	0.2337	0	0.522	0.1562	0.0472	0.0079
17	98.7349	8e-04	0.0019	0.0146	0.1152	0.4294	0.2806	0.114	0.0362	0.0072
18	99.2174	5e-04	0.0013	0.0066	0.0433	0.2908	0	0.3312	0.218	0.0767	0.0267	0.005
19	99.5134	0.001	0.0012	0.0074	0.029	0.145	0.2323	0.2917	0.1843	0.0762	0.0263	0.0055
20	99.6911	0.001	0.0012	0.0048	0.0176	0.0704	0.1449	0	0.2809	0.2453	0.1596	0.0505	0.0192	0.0045
21	99.7886	0.0013	0.002	0.0054	0.0189	0.0569	0.1038	0.1384	0.2552	0.2215	0.1327	0.043	0.0166	0.0041
