Allele	DQA1_01_05__DQB1_06_46
Type	Standard
n_specificities	1
npep_u	1
npep_t	5000
spec_ids	1
L_core	9
L_N	0
L_C	0
CS_perL	1
pepL_lower	12
pepL_upper	21
n_diff_aa	20

PWM_norm.1	P1	P2	P3	P4	P5	P6	P7	P8	P9
A	0.5837	1.3092	2.4352	4.4217	1.9328	1.9781	2.0556	1.6689	3.7675
C	0.2278	0.2173	0.2078	0.5901	0.1196	0.222	0.1438	0.1831	0.3142
D	0.3606	0.6723	0.8934	0.2236	0.8159	0.3483	0.4101	0.5241	0.6039
E	0.6726	1.0467	0.6016	0.132	1.0231	0.2504	1.0414	1.1834	0.3825
F	3.0461	0.4446	0.687	0.5046	0.4165	0.2644	0.6549	0.615	0.3203
G	0.2321	0.6772	5.3762	0.522	0.4718	0.2648	0.3662	0.8962	2.9572
H	2.7132	2.3114	1.1684	0.4487	1.3957	0.1091	2.3331	0.9551	0.4271
I	1.977	0.7997	0.2213	1.3725	0.9658	3.5797	0.5835	1.05	0.4066
K	0.2087	1.3223	0.2008	0.1148	1.8763	0.1298	0.7607	0.709	0.1675
L	1.6743	0.5004	0.3393	0.4293	0.709	1.9765	0.7609	0.5869	0.1737
M	1.2321	0.6127	0.4461	0.6237	0.5423	1.7392	0.4946	0.5488	0.4458
N	2.7323	1.2957	0.4901	0.5063	1.1021	0.2911	0.7691	0.9225	0.5581
P	0.1122	0.1267	1.1794	0.0925	0.3311	0.8642	0.326	2.1311	0.2819
Q	1.3978	1.3971	0.7566	0.1599	1.3944	0.2644	2.8524	0.9514	1.7663
R	0.2524	1.5742	0.2156	0.0789	1.1852	0.085	2.5671	0.8988	0.1426
S	0.5326	0.997	0.8192	2.0998	0.8221	0.3407	0.5865	0.9943	2.3547
T	0.3894	1.8421	0.4639	1.963	1.186	1.1455	0.4165	1.2563	0.7576
V	1.0193	0.9968	0.2017	2.464	1.4832	3.6445	0.8565	1.0058	0.4986
W	1.4001	1.4582	0.1585	0.2078	0.2444	0.0869	0.5894	0.5043	0.0953
Y	2.853	1.1825	0.8516	0.1729	0.6358	0.1688	1.3929	0.9807	0.195

pepL	alpha	w_s
12	99.5307	0.083	0.1488	0	0.3949	0.3734
13	98.9575	0.0263	0.0764	0.2382	0.4675	0.1916
14	98.3294	0.0043	0.0259	0.161	0	0.4702	0.2977	0.0409
15	98.0139	0.0017	0.0096	0.0839	0.376	0.4093	0.0998	0.0197
16	98.2233	8e-04	0.0022	0.03	0.2337	0	0.5219	0.1563	0.0471	0.0079
17	98.735	8e-04	0.0019	0.0146	0.1152	0.4293	0.2806	0.114	0.0363	0.0072
18	99.2174	5e-04	0.0013	0.0066	0.0433	0.2908	0	0.3312	0.218	0.0767	0.0267	0.005
19	99.5133	0.001	0.0012	0.0074	0.029	0.145	0.2323	0.2918	0.1844	0.0762	0.0263	0.0055
20	99.691	0.001	0.0012	0.0048	0.0176	0.0704	0.1449	0	0.2809	0.2454	0.1596	0.0505	0.0192	0.0045
21	99.7886	0.0013	0.002	0.0054	0.0189	0.0569	0.1038	0.1383	0.2554	0.2215	0.1327	0.043	0.0166	0.0041
