Allele	DQA1_05_07__DQB1_06_12
Type	Standard
n_specificities	1
npep_u	1
npep_t	5000
spec_ids	1
L_core	9
L_N	0
L_C	0
CS_perL	1
pepL_lower	12
pepL_upper	21
n_diff_aa	20

PWM_norm.1	P1	P2	P3	P4	P5	P6	P7	P8	P9
A	0.815	1.9443	2.3185	4.1833	1.8031	3.4185	2.0556	1.0673	1.225
C	0.2385	0.0769	0.2233	0.7488	0.0971	0.4683	0.1438	0.0424	0.5215
D	0.2936	0.9028	1.0941	0.498	0.6483	0.337	0.4101	1.1006	2.0804
E	0.479	1.0103	0.8974	0.3006	0.8799	0.2921	1.0414	1.1656	0.7851
F	4.0734	0.4744	0.9715	0.7768	0.6338	0.1749	0.6549	2.4586	1.2341
G	0.2058	1.4331	2.4171	1.096	0.6301	0.5563	0.3662	0.4117	1.1892
H	1.1896	1.8955	0.7473	0.519	1.2876	0.1028	2.3331	0.2038	0.695
I	2.42	0.5654	0.6675	0.994	0.9887	1.8085	0.5835	1.9054	2.9407
K	0.197	1.1563	0.362	0.22	1.5379	0.1256	0.7607	0.748	0.1507
L	1.3997	0.3739	0.4571	0.5626	0.7824	0.5037	0.7609	1.2151	0.9007
M	1.7744	0.6172	0.664	0.822	0.5948	0.2893	0.4946	0.9448	1.1468
N	0.6731	1.1284	0.7435	0.8676	0.6801	0.174	0.7691	0.733	0.9208
P	0.4928	0.2115	0.8734	0.2008	0.8586	2.8382	0.326	1.213	0.262
Q	0.622	1.1424	0.6267	0.2997	1.2134	0.1398	2.8524	0.7888	0.9624
R	0.1087	1.0842	0.595	0.1518	1.1411	0.0631	2.5671	0.7691	0.1641
S	0.3644	1.1903	1.1476	1.909	0.8691	1.0735	0.5865	0.4804	0.7138
T	0.4514	1.5682	0.8814	1.4065	1.1152	1.2207	0.4165	0.6992	0.9076
V	1.3641	0.7243	1.1723	1.5122	1.6819	2.8614	0.8565	0.9937	1.826
W	3.2439	0.7712	0.6292	0.3379	0.3102	0.0514	0.5894	0.4573	0.5688
Y	5.3421	1.4546	1.0726	0.289	0.7502	0.1319	1.3929	2.842	0.9917

pepL	alpha	w_s
12	99.5307	0.083	0.1488	0	0.3949	0.3734
13	98.9575	0.0263	0.0764	0.2382	0.4675	0.1916
14	98.3294	0.0043	0.0259	0.161	0	0.4702	0.2977	0.0409
15	98.0139	0.0017	0.0096	0.0839	0.376	0.4093	0.0998	0.0197
16	98.2233	8e-04	0.0022	0.03	0.2337	0	0.5219	0.1563	0.0471	0.0079
17	98.735	8e-04	0.0019	0.0146	0.1152	0.4293	0.2806	0.114	0.0363	0.0072
18	99.2174	5e-04	0.0013	0.0066	0.0433	0.2908	0	0.3312	0.218	0.0767	0.0267	0.005
19	99.5133	0.001	0.0012	0.0074	0.029	0.145	0.2323	0.2918	0.1844	0.0762	0.0263	0.0055
20	99.691	0.001	0.0012	0.0048	0.0176	0.0704	0.1449	0	0.2809	0.2454	0.1596	0.0505	0.0192	0.0045
21	99.7886	0.0013	0.002	0.0054	0.0189	0.0569	0.1038	0.1383	0.2554	0.2215	0.1327	0.043	0.0166	0.0041
