Allele	DQA1_03_02__DQB1_04_01
Type	Standard
n_specificities	1
npep_u	1
npep_t	5000
spec_ids	1
L_core	9
L_N	0
L_C	0
CS_perL	1
pepL_lower	12
pepL_upper	21
n_diff_aa	20

PWM_norm.1	P1	P2	P3	P4	P5	P6	P7	P8	P9
A	0.7851	1.913	1.496	1.7265	1.1683	2.6423	1.3494	1.6177	2.1733
C	0.1044	0.0795	0.261	0.9285	0.1781	0.5429	0.5698	0.1716	0.5149
D	4.7162	0.9181	1.5137	0.8829	0.8439	0.1502	0.6854	0.5142	0.6989
E	2.1467	1.0439	0.6548	0.5928	1.0616	0.326	1.2191	1.2261	0.5793
F	1.1686	0.4548	1.4303	2.0372	0.7884	0.9401	0.8174	0.6187	0.3474
G	0.3678	1.4745	1.6083	1.0375	0.6907	0.4961	0.692	0.877	2.1021
H	0.4744	1.908	1.6075	1.0208	1.1886	0.256	2.3051	0.9366	0.8685
I	1.202	0.5728	0.8211	1.3926	1.0808	2.3704	0.9322	1.0367	1.3723
K	0.2121	1.1233	0.6085	0.5822	1.3874	0.2085	0.925	0.7525	0.3528
L	0.4507	0.3651	0.4237	0.7258	0.9451	1.0353	0.9078	0.5769	0.4418
M	0.4305	0.6358	0.7793	1.7712	0.7898	1.0936	0.8771	0.545	0.7524
N	0.2344	1.1213	0.8632	0.9477	0.8992	0.1857	1.7159	0.9046	1.229
P	1.602	0.2225	0.6	0.398	1.0443	1.7815	0.4394	2.1045	0.4342
Q	0.4263	1.1633	1.174	0.7629	1.2041	0.2512	1.8038	0.9468	0.9546
R	0.1841	1.0809	0.535	0.4372	1.016	0.0985	1.1181	0.9217	0.3223
S	0.6432	1.1961	1.3597	0.8898	0.8156	0.7393	0.718	1.0171	1.8971
T	0.4509	1.5275	1.0242	1.0252	1.14	1.231	0.6046	1.2686	1.053
V	1.4915	0.7243	0.9749	1.237	1.3457	2.9473	0.9895	1.0117	1.3695
W	1.8626	0.778	0.8499	2.5602	0.4285	0.2561	1.1842	0.4964	0.2129
Y	1.2742	1.4189	1.8805	1.8118	1.0177	0.5644	1.1707	0.9943	0.5202

pepL	alpha	w_s
12	99.5307	0.083	0.1488	0	0.3949	0.3733
13	98.9574	0.0263	0.0764	0.2382	0.4675	0.1916
14	98.3293	0.0043	0.0259	0.161	0	0.4702	0.2976	0.0409
15	98.0138	0.0017	0.0096	0.0839	0.3761	0.4093	0.0998	0.0197
16	98.2233	8e-04	0.0022	0.03	0.2337	0	0.522	0.1562	0.0472	0.0079
17	98.7349	8e-04	0.0019	0.0146	0.1152	0.4294	0.2806	0.114	0.0362	0.0072
18	99.2174	5e-04	0.0013	0.0066	0.0433	0.2908	0	0.3312	0.218	0.0767	0.0267	0.005
19	99.5134	0.001	0.0012	0.0074	0.029	0.145	0.2323	0.2917	0.1843	0.0762	0.0263	0.0055
20	99.6911	0.001	0.0012	0.0048	0.0176	0.0704	0.1449	0	0.2809	0.2453	0.1596	0.0505	0.0192	0.0045
21	99.7886	0.0013	0.002	0.0054	0.0189	0.0569	0.1038	0.1384	0.2552	0.2215	0.1327	0.043	0.0166	0.0041
