Allele	DQA1_01_04__DQB1_06_221
Type	Standard
n_specificities	1
npep_u	1
npep_t	5000
spec_ids	1
L_core	9
L_N	0
L_C	0
CS_perL	1
pepL_lower	12
pepL_upper	21
n_diff_aa	20

PWM_norm.1	P1	P2	P3	P4	P5	P6	P7	P8	P9
A	0.9162	1.298	2.371	4.5018	1.4534	0.4366	0.8954	1.6177	3.3874
C	0.2326	0.2391	0.2143	0.5942	0.1385	0.074	0.1977	0.1716	0.2931
D	0.6135	0.7043	0.8656	0.2229	0.7072	14.9362	0.8045	0.5142	1.2683
E	1.1699	1.0247	0.6507	0.114	1.0961	0.4161	0.8986	1.2261	0.5733
F	0.6804	0.4394	0.7037	0.4604	0.7014	0.0559	0.9408	0.6187	0.166
G	0.4475	0.7132	5.2601	0.4968	0.5059	0.1164	0.2209	0.877	2.1187
H	0.8994	2.3334	1.2476	0.3491	1.797	0.0617	2.12	0.9366	0.5711
I	2.1472	0.7881	0.2329	1.4707	0.8774	1.0231	1.0575	1.0367	0.4725
K	0.2452	1.2925	0.2143	0.1101	1.8965	0.0851	0.657	0.7525	0.1812
L	1.2375	0.4882	0.3463	0.4023	0.6503	0.4579	0.5337	0.5769	0.2028
M	0.9027	0.6284	0.421	0.5468	0.4752	0.2009	0.5771	0.545	0.3471
N	2.3915	1.2965	0.5417	0.4706	0.8657	0.3878	0.7275	0.9046	1.2038
P	0.2807	0.1295	1.1687	0.0782	0.322	0.1894	2.8554	2.1045	0.2328
Q	1.8472	1.4317	0.8355	0.1293	1.3602	0.1121	1.2523	0.9468	1.1241
R	0.2486	1.539	0.2242	0.0686	1.048	0.0478	0.7712	0.9217	0.1392
S	1.2687	1.0028	0.7953	1.9546	1.2129	0.1883	0.7952	1.0171	2.593
T	0.9276	1.8356	0.4519	1.9656	1.106	0.3044	1.168	1.2686	1.0423
V	1.8554	0.9647	0.2234	2.7868	1.6095	0.6465	1.6474	1.0117	0.6609
W	0.4232	1.6405	0.1674	0.1547	0.4139	0.0327	1.027	0.4964	0.0873
Y	0.4399	1.1971	0.9051	0.1479	0.648	0.0549	0.9974	0.9943	0.144

pepL	alpha	w_s
12	99.5307	0.083	0.1488	0	0.3949	0.3733
13	98.9574	0.0263	0.0764	0.2382	0.4675	0.1916
14	98.3293	0.0043	0.0259	0.161	0	0.4702	0.2976	0.0409
15	98.0138	0.0017	0.0096	0.0839	0.3761	0.4093	0.0998	0.0197
16	98.2233	8e-04	0.0022	0.03	0.2337	0	0.522	0.1562	0.0472	0.0079
17	98.7349	8e-04	0.0019	0.0146	0.1152	0.4294	0.2806	0.114	0.0362	0.0072
18	99.2174	5e-04	0.0013	0.0066	0.0433	0.2908	0	0.3312	0.218	0.0767	0.0267	0.005
19	99.5134	0.001	0.0012	0.0074	0.029	0.145	0.2323	0.2917	0.1843	0.0762	0.0263	0.0055
20	99.6911	0.001	0.0012	0.0048	0.0176	0.0704	0.1449	0	0.2809	0.2453	0.1596	0.0505	0.0192	0.0045
21	99.7886	0.0013	0.002	0.0054	0.0189	0.0569	0.1038	0.1384	0.2552	0.2215	0.1327	0.043	0.0166	0.0041
