Allele	DQA1_02_03__DQB1_06_14
Type	Standard
n_specificities	1
npep_u	1
npep_t	5000
spec_ids	1
L_core	9
L_N	0
L_C	0
CS_perL	1
pepL_lower	12
pepL_upper	21
n_diff_aa	20

PWM_norm.1	P1	P2	P3	P4	P5	P6	P7	P8	P9
A	0.9559	1.9443	1.0141	3.4512	1.4709	2.5486	0.9606	1.6689	3.1718
C	0.3855	0.0769	0.1293	0.8091	0.1098	0.4658	0.2089	0.1831	0.8516
D	0.8618	0.9028	0.9718	0.5235	0.5987	0.7239	0.8117	0.5241	1.1036
E	1.0395	1.0103	0.6061	0.3997	0.9361	1.0907	0.8448	1.1834	0.3566
F	1.0434	0.4744	0.326	0.9097	0.8705	0.5766	0.9312	0.615	0.3111
G	0.6069	1.4331	0.566	0.9393	0.6554	0.484	0.2335	0.8962	1.8872
H	1.163	1.8955	0.2678	0.8793	1.515	0.1969	2.2216	0.9551	0.3249
I	1.7516	0.5654	0.4104	1.1729	0.9256	1.6023	1.0024	1.05	0.8673
K	0.3592	1.1563	0.2857	0.2518	1.6796	0.1694	0.6363	0.709	0.1999
L	0.8153	0.3739	0.124	0.6346	0.6892	0.8954	0.5595	0.5869	0.4778
M	1.1895	0.6172	0.2089	0.8333	0.5542	0.8721	0.6013	0.5488	0.6231
N	0.7697	1.1284	0.3672	0.8733	0.6158	0.4401	0.7785	0.9225	1.2215
P	1.04	0.2115	0.2478	0.1661	0.7549	1.6147	2.7891	2.1311	0.2653
Q	1.587	1.1424	0.3511	0.3953	1.1107	0.3843	1.3074	0.9514	0.6752
R	0.482	1.0842	0.1555	0.1847	1.1399	0.114	0.8237	0.8988	0.1707
S	0.8743	1.1903	3.145	1.723	1.1325	1.0193	0.7946	0.9943	2.0475
T	1.1654	1.5682	6.8611	1.6673	1.0242	1.062	1.0713	1.2563	1.3417
V	1.9685	0.7243	0.417	1.7553	1.7752	2.5951	1.5809	1.0058	1.2313
W	1.2877	0.7712	0.514	0.426	0.4883	0.2375	1.1172	0.5043	0.1824
Y	1.1932	1.4546	0.2304	0.3478	0.6991	0.4116	1.0417	0.9807	0.2383

pepL	alpha	w_s
12	99.5307	0.083	0.1488	0	0.3949	0.3734
13	98.9575	0.0263	0.0764	0.2382	0.4675	0.1916
14	98.3294	0.0043	0.0259	0.161	0	0.4702	0.2977	0.0409
15	98.0139	0.0017	0.0096	0.0839	0.376	0.4093	0.0998	0.0197
16	98.2233	8e-04	0.0022	0.03	0.2337	0	0.5219	0.1563	0.0471	0.0079
17	98.735	8e-04	0.0019	0.0146	0.1152	0.4293	0.2806	0.114	0.0363	0.0072
18	99.2174	5e-04	0.0013	0.0066	0.0433	0.2908	0	0.3312	0.218	0.0767	0.0267	0.005
19	99.5133	0.001	0.0012	0.0074	0.029	0.145	0.2323	0.2918	0.1844	0.0762	0.0263	0.0055
20	99.691	0.001	0.0012	0.0048	0.0176	0.0704	0.1449	0	0.2809	0.2454	0.1596	0.0505	0.0192	0.0045
21	99.7886	0.0013	0.002	0.0054	0.0189	0.0569	0.1038	0.1383	0.2554	0.2215	0.1327	0.043	0.0166	0.0041
