Allele	DQA1_01_01__DQB1_06_49
Type	Standard
n_specificities	1
npep_u	1
npep_t	5000
spec_ids	1
L_core	9
L_N	0
L_C	0
CS_perL	1
pepL_lower	12
pepL_upper	21
n_diff_aa	20

PWM_norm.1	P1	P2	P3	P4	P5	P6	P7	P8	P9
A	0.9162	1.298	2.6936	5.5984	1.9779	2.0694	1.9391	1.6177	3.8652
C	0.2326	0.2391	0.2265	0.3586	0.0884	0.2419	0.1742	0.1716	0.3045
D	0.6135	0.7043	0.5829	0.142	0.7413	0.4668	0.4353	0.5142	0.5741
E	1.1699	1.0247	0.5198	0.0892	1.0111	0.269	0.9553	1.2261	0.38
F	0.6804	0.4394	0.5748	0.3083	0.3603	0.3269	0.6653	0.6187	0.2516
G	0.4475	0.7132	5.4503	0.6803	0.4699	0.3195	0.4216	0.877	2.9819
H	0.8994	2.3334	1.1345	0.2454	1.4781	0.1727	2.2006	0.9366	0.3866
I	2.1472	0.7881	0.196	1.128	0.9201	3.5074	0.6613	1.0367	0.3812
K	0.2452	1.2925	0.2087	0.0744	1.8766	0.1752	0.7823	0.7525	0.1462
L	1.2375	0.4882	0.282	0.2679	0.7598	1.7612	0.7947	0.5769	0.1634
M	0.9027	0.6284	0.3503	0.3529	0.4576	1.5229	0.5486	0.545	0.4387
N	2.3915	1.2965	0.5583	0.3264	1.0528	0.3282	0.9402	0.9046	0.5332
P	0.2807	0.1295	1.3091	0.0438	0.285	0.9095	0.3897	2.1045	0.2876
Q	1.8472	1.4317	0.7115	0.0936	1.3413	0.2672	2.7733	0.9468	1.7435
R	0.2486	1.539	0.3142	0.0524	1.1843	0.1041	2.4219	0.9217	0.1379
S	1.2687	1.0028	0.8529	2.1612	0.826	0.3961	0.5951	1.0171	2.3719
T	0.9276	1.8356	0.3692	1.6973	1.089	1.3121	0.5092	1.2686	0.7784
V	1.8554	0.9647	0.1932	2.3781	1.7067	3.3973	0.8975	1.0117	0.5032
W	0.4232	1.6405	0.1509	0.0857	0.2423	0.0952	0.7169	0.4964	0.094
Y	0.4399	1.1971	0.8464	0.0746	0.6234	0.2004	1.1909	0.9943	0.1756

pepL	alpha	w_s
12	99.5307	0.083	0.1488	0	0.3949	0.3733
13	98.9574	0.0263	0.0764	0.2382	0.4675	0.1916
14	98.3293	0.0043	0.0259	0.161	0	0.4702	0.2976	0.0409
15	98.0138	0.0017	0.0096	0.0839	0.3761	0.4093	0.0998	0.0197
16	98.2233	8e-04	0.0022	0.03	0.2337	0	0.522	0.1562	0.0472	0.0079
17	98.7349	8e-04	0.0019	0.0146	0.1152	0.4294	0.2806	0.114	0.0362	0.0072
18	99.2174	5e-04	0.0013	0.0066	0.0433	0.2908	0	0.3312	0.218	0.0767	0.0267	0.005
19	99.5134	0.001	0.0012	0.0074	0.029	0.145	0.2323	0.2917	0.1843	0.0762	0.0263	0.0055
20	99.6911	0.001	0.0012	0.0048	0.0176	0.0704	0.1449	0	0.2809	0.2453	0.1596	0.0505	0.0192	0.0045
21	99.7886	0.0013	0.002	0.0054	0.0189	0.0569	0.1038	0.1384	0.2552	0.2215	0.1327	0.043	0.0166	0.0041
