Allele	DQA1_04_02__DQB1_02_62
Type	Standard
n_specificities	1
npep_u	1
npep_t	5000
spec_ids	1
L_core	9
L_N	0
L_C	0
CS_perL	1
pepL_lower	12
pepL_upper	21
n_diff_aa	20

PWM_norm.1	P1	P2	P3	P4	P5	P6	P7	P8	P9
A	1.1922	1.4116	1.6328	0.9735	0.8342	1.9698	0.8467	1.2045	0.6812
C	0.1372	0.0625	0.2923	0.8174	0.0861	0.2726	0.1159	0.1096	0.1205
D	0.1631	1.0885	1.583	3.989	1.4003	2.3321	3.5585	0.8105	1.1898
E	0.3935	1.5996	0.5673	1.7357	2.2011	2.9144	3.4055	1.5575	2.2363
F	2.3087	0.7955	1.9867	0.3306	0.9515	0.2619	0.4355	0.6804	1.4813
G	0.1576	0.5699	1.6922	0.4048	1.1159	0.3628	0.7348	0.8137	0.2911
H	0.2892	1.8546	0.9236	0.1357	0.9501	0.2612	0.7954	0.9832	0.4349
I	3.2157	0.9489	0.6387	2.6045	0.7081	0.8377	0.7404	0.905	1.9986
K	0.1467	0.7633	0.4004	0.0493	1.1656	0.1279	0.2462	0.9584	0.1638
L	0.8856	0.6655	0.3628	1.365	0.4953	0.5056	0.7977	0.8973	1.8924
M	1.4597	0.5484	1.0537	1.2127	0.4713	0.3971	0.2793	0.6251	3.145
N	0.095	1.7189	0.7299	0.6608	1.1051	0.3966	1.2761	0.8107	0.371
P	2.4256	0.0871	0.4958	0.0525	0.6366	1.7136	0.8179	1.507	0.1171
Q	0.2407	0.9778	1.1737	1.0805	1.2265	0.564	1.0618	0.9881	0.7155
R	0.1058	1.711	0.3645	0.044	0.9259	0.0984	0.2516	1.3455	0.4416
S	0.237	1.1629	1.7095	0.3758	1.0343	0.6691	0.5468	0.793	0.4797
T	0.509	1.2644	1.4732	0.7478	1.2982	1.0266	0.5381	0.8986	0.5901
V	2.6441	0.7105	0.8023	1.9945	0.7055	1.9609	0.6879	0.96	1.0863
W	4.1428	0.6149	0.5602	0.1602	0.3273	0.1009	0.2585	0.5459	3.4619
Y	3.0483	1.1165	1.3527	0.1106	1.1747	0.2457	0.9205	1.3694	1.4282

pepL	alpha	w_s
12	99.5307	0.083	0.1488	0	0.3949	0.3733
13	98.9574	0.0263	0.0764	0.2382	0.4675	0.1916
14	98.3293	0.0043	0.0259	0.161	0	0.4702	0.2976	0.0409
15	98.0138	0.0017	0.0096	0.0839	0.3761	0.4093	0.0998	0.0197
16	98.2233	8e-04	0.0022	0.03	0.2337	0	0.522	0.1562	0.0472	0.0079
17	98.7349	8e-04	0.0019	0.0146	0.1152	0.4294	0.2806	0.114	0.0362	0.0072
18	99.2174	5e-04	0.0013	0.0066	0.0433	0.2908	0	0.3312	0.218	0.0767	0.0267	0.005
19	99.5134	0.001	0.0012	0.0074	0.029	0.145	0.2323	0.2917	0.1843	0.0762	0.0263	0.0055
20	99.6911	0.001	0.0012	0.0048	0.0176	0.0704	0.1449	0	0.2809	0.2453	0.1596	0.0505	0.0192	0.0045
21	99.7886	0.0013	0.002	0.0054	0.0189	0.0569	0.1038	0.1384	0.2552	0.2215	0.1327	0.043	0.0166	0.0041
