Allele	DQA1_01_03__DQB1_03_254
Type	Standard
n_specificities	1
npep_u	1
npep_t	5000
spec_ids	1
L_core	9
L_N	0
L_C	0
CS_perL	1
pepL_lower	12
pepL_upper	21
n_diff_aa	20

PWM_norm.1	P1	P2	P3	P4	P5	P6	P7	P8	P9
A	1.0238	1.298	2.0014	4.8586	1.6306	1.839	2.4157	1.4941	2.2968
C	0.4487	0.2391	0.2839	0.2068	0.1164	0.4178	0.2548	0.1665	0.596
D	0.4599	0.7043	0.4154	0.2231	0.8551	1.7113	0.5295	0.5499	0.7125
E	0.6902	1.0247	0.2498	0.0749	1.3503	0.4426	1.1505	1.2993	0.4929
F	1.6118	0.4394	0.2695	0.4909	0.3575	0.2173	0.6814	0.511	0.3087
G	0.385	0.7132	1.938	3.3847	0.4625	0.3981	0.7553	0.8918	1.9952
H	0.8752	2.3334	0.5956	0.3539	1.488	0.2448	1.1374	0.9725	1.0029
I	2.8089	0.7881	0.2321	0.4414	0.8725	2.4604	1.0999	1.0515	1.1173
K	0.449	1.2925	0.2255	0.1195	1.6798	0.329	0.4925	0.7812	0.2964
L	1.2659	0.4882	0.149	0.0952	0.712	1.1778	0.6461	0.4555	0.4103
M	1.6189	0.6284	0.1691	0.1354	0.4078	0.8834	0.6401	0.3912	0.4909
N	1.2991	1.2965	0.3318	0.3518	0.861	0.5235	1.2392	0.8763	1.5521
P	0.7338	0.1295	0.541	0.0623	0.2441	1.4541	0.7091	2.1393	0.5377
Q	0.9526	1.4317	0.34	0.0916	1.51	0.2992	1.59	0.975	0.9436
R	0.289	1.539	0.2178	0.1093	1.0537	0.1902	1.1911	0.8885	0.2397
S	0.7435	1.0028	2.377	2.2962	0.8683	0.6739	1.0449	0.9531	2.0957
T	0.8013	1.8356	6.1133	1.0704	1.2624	1.3345	0.7771	1.4499	1.1276
V	1.8856	0.9647	0.1279	1.2308	1.8139	2.9352	1.2179	1.224	1.2417
W	1.755	1.6405	0.1722	0.1517	0.2318	0.1137	0.623	0.394	0.2969
Y	1.466	1.1971	0.2763	0.1122	0.7184	0.1845	0.6878	0.9915	0.3747

pepL	alpha	w_s
12	99.5307	0.083	0.1488	0	0.3949	0.3733
13	98.9574	0.0263	0.0764	0.2382	0.4675	0.1916
14	98.3293	0.0043	0.0259	0.161	0	0.4702	0.2976	0.0409
15	98.0138	0.0017	0.0096	0.0839	0.3761	0.4093	0.0998	0.0197
16	98.2233	8e-04	0.0022	0.03	0.2337	0	0.522	0.1562	0.0472	0.0079
17	98.7349	8e-04	0.0019	0.0146	0.1152	0.4294	0.2806	0.114	0.0362	0.0072
18	99.2174	5e-04	0.0013	0.0066	0.0433	0.2908	0	0.3312	0.218	0.0767	0.0267	0.005
19	99.5134	0.001	0.0012	0.0074	0.029	0.145	0.2323	0.2917	0.1843	0.0762	0.0263	0.0055
20	99.6911	0.001	0.0012	0.0048	0.0176	0.0704	0.1449	0	0.2809	0.2453	0.1596	0.0505	0.0192	0.0045
21	99.7886	0.0013	0.002	0.0054	0.0189	0.0569	0.1038	0.1384	0.2552	0.2215	0.1327	0.043	0.0166	0.0041
