Allele	DQA1_03_02__DQB1_03_72
Type	Standard
n_specificities	1
npep_u	1
npep_t	5000
spec_ids	1
L_core	9
L_N	0
L_C	0
CS_perL	1
pepL_lower	12
pepL_upper	21
n_diff_aa	20

PWM_norm.1	P1	P2	P3	P4	P5	P6	P7	P8	P9
A	0.8315	1.9443	2.3185	2.8237	1.5824	3.2056	2.1981	1.6689	2.5112
C	0.1103	0.0769	0.2233	0.6346	0.1491	0.5455	0.2806	0.1831	0.5971
D	4.6372	0.9028	1.0941	0.6143	0.6692	0.0896	0.6517	0.5241	0.646
E	2.1242	1.0103	0.8974	0.3783	0.9783	0.2046	1.771	1.1834	0.4759
F	1.1383	0.4744	0.9715	1.5267	0.7346	0.4642	0.8684	0.615	0.2469
G	0.3793	1.4331	2.4171	1.8424	0.6775	0.4608	0.6918	0.8962	2.2087
H	0.475	1.8955	0.7473	0.6384	1.2102	0.1054	1.3034	0.9551	0.6448
I	1.2032	0.5654	0.6675	0.9495	0.9783	2.3192	0.8269	1.05	1.2834
K	0.2076	1.1563	0.362	0.3199	1.3283	0.0922	0.5187	0.709	0.2255
L	0.4456	0.3739	0.4571	0.479	0.773	0.8487	0.6711	0.5869	0.4275
M	0.4479	0.6172	0.664	0.7029	0.5965	0.7565	0.4796	0.5488	0.5251
N	0.2289	1.1284	0.7435	1.0505	0.5962	0.1502	1.1671	0.9225	1.3822
P	1.6916	0.2115	0.8734	0.3419	0.9625	2.165	0.4864	2.1311	0.421
Q	0.4406	1.1424	0.6267	0.343	1.2921	0.1686	1.5083	0.9514	0.8959
R	0.1907	1.0842	0.595	0.2502	1.032	0.0585	1.0397	0.8988	0.2006
S	0.6349	1.1903	1.1476	1.827	0.8865	0.7403	1.1219	0.9943	1.9962
T	0.4729	1.5682	0.8814	1.2926	1.2201	1.226	0.6813	1.2563	1.1238
V	1.4065	0.7243	1.1723	1.3588	1.7238	3.3474	0.9784	1.0058	1.4346
W	1.9388	0.7712	0.6292	0.7598	0.4445	0.0915	0.6854	0.5043	0.1651
Y	1.271	1.4546	1.0726	0.5991	0.8381	0.2482	1.0719	0.9807	0.3016

pepL	alpha	w_s
12	99.5307	0.083	0.1488	0	0.3949	0.3734
13	98.9575	0.0263	0.0764	0.2382	0.4675	0.1916
14	98.3294	0.0043	0.0259	0.161	0	0.4702	0.2977	0.0409
15	98.0139	0.0017	0.0096	0.0839	0.376	0.4093	0.0998	0.0197
16	98.2233	8e-04	0.0022	0.03	0.2337	0	0.5219	0.1563	0.0471	0.0079
17	98.735	8e-04	0.0019	0.0146	0.1152	0.4293	0.2806	0.114	0.0363	0.0072
18	99.2174	5e-04	0.0013	0.0066	0.0433	0.2908	0	0.3312	0.218	0.0767	0.0267	0.005
19	99.5133	0.001	0.0012	0.0074	0.029	0.145	0.2323	0.2918	0.1844	0.0762	0.0263	0.0055
20	99.691	0.001	0.0012	0.0048	0.0176	0.0704	0.1449	0	0.2809	0.2454	0.1596	0.0505	0.0192	0.0045
21	99.7886	0.0013	0.002	0.0054	0.0189	0.0569	0.1038	0.1383	0.2554	0.2215	0.1327	0.043	0.0166	0.0041
