Allele	DQA1_05_03__DQB1_02_102
Type	Standard
n_specificities	1
npep_u	1
npep_t	5000
spec_ids	1
L_core	9
L_N	0
L_C	0
CS_perL	1
pepL_lower	12
pepL_upper	21
n_diff_aa	20

PWM_norm.1	P1	P2	P3	P4	P5	P6	P7	P8	P9
A	1.2353	1.4105	1.6212	1.0269	0.8406	2.1226	0.8359	1.2938	0.6518
C	0.1529	0.072	0.2722	0.8262	0.09	0.2751	0.1099	0.0545	0.1682
D	0.2005	1.0878	1.626	3.628	1.3552	1.9708	3.7327	1.2488	1.1428
E	0.4551	1.5662	0.5279	1.7773	2.1403	3.061	3.4942	1.0539	1.6375
F	2.3143	0.8238	1.9539	0.3271	0.974	0.2351	0.4338	1.3164	1.9051
G	0.1738	0.5663	1.7097	0.4239	1.0936	0.3557	0.7447	0.7689	0.3032
H	0.3213	1.846	0.8188	0.148	0.9832	0.2345	0.7612	0.6674	0.4074
I	2.9822	0.9825	0.5735	2.5693	0.7228	0.8818	0.6984	1.3225	1.8623
K	0.1537	0.7655	0.3937	0.0561	1.164	0.1114	0.2162	0.6807	0.1844
L	0.8466	0.7118	0.3302	1.441	0.5205	0.4932	0.803	1.2596	1.7045
M	1.2837	0.5262	1.1393	1.3271	0.4949	0.3406	0.253	0.549	3.6225
N	0.0921	1.6941	0.6495	0.6717	1.1118	0.3575	1.214	0.7292	0.386
P	2.7237	0.0864	0.4921	0.0525	0.6279	1.7311	0.7868	1.5671	0.1271
Q	0.2449	0.9617	1.2151	1.1411	1.2492	0.5551	0.9711	0.9944	0.7613
R	0.1007	1.7044	0.3706	0.0566	0.9178	0.0904	0.2386	1.1446	0.5872
S	0.2574	1.1242	1.7676	0.3479	1.0058	0.6392	0.5272	0.4892	0.4877
T	0.5474	1.2655	1.6838	0.7604	1.2705	1.0058	0.5213	0.6353	0.6526
V	2.5377	0.7195	0.7742	1.9497	0.7472	2.0589	0.6912	0.8415	1.0433
W	3.832	0.6261	0.4813	0.1664	0.3914	0.0876	0.2439	0.6595	4.7169
Y	2.7999	1.1437	1.214	0.1306	1.2733	0.2055	0.9899	2.0722	2.0262

pepL	alpha	w_s
12	99.5307	0.083	0.1488	0	0.3949	0.3734
13	98.9575	0.0263	0.0764	0.2382	0.4675	0.1916
14	98.3294	0.0043	0.0259	0.161	0	0.4702	0.2977	0.0409
15	98.0139	0.0017	0.0096	0.0839	0.376	0.4093	0.0998	0.0197
16	98.2233	8e-04	0.0022	0.03	0.2337	0	0.5219	0.1563	0.0471	0.0079
17	98.735	8e-04	0.0019	0.0146	0.1152	0.4293	0.2806	0.114	0.0363	0.0072
18	99.2174	5e-04	0.0013	0.0066	0.0433	0.2908	0	0.3312	0.218	0.0767	0.0267	0.005
19	99.5133	0.001	0.0012	0.0074	0.029	0.145	0.2323	0.2918	0.1844	0.0762	0.0263	0.0055
20	99.691	0.001	0.0012	0.0048	0.0176	0.0704	0.1449	0	0.2809	0.2454	0.1596	0.0505	0.0192	0.0045
21	99.7886	0.0013	0.002	0.0054	0.0189	0.0569	0.1038	0.1383	0.2554	0.2215	0.1327	0.043	0.0166	0.0041
