Allele	DQA1_06_01__DQB1_03_72
Type	Standard
n_specificities	1
npep_u	1
npep_t	5000
spec_ids	1
L_core	9
L_N	0
L_C	0
CS_perL	1
pepL_lower	12
pepL_upper	21
n_diff_aa	20

PWM_norm.1	P1	P2	P3	P4	P5	P6	P7	P8	P9
A	1.2353	1.9443	1.0141	2.4812	1.5824	2.853	2.1981	1.6689	2.705
C	0.1529	0.0769	0.1293	0.7328	0.1491	0.5215	0.2806	0.1831	0.9468
D	0.2005	0.9028	0.9718	0.6343	0.6692	0.1289	0.6517	0.5241	0.5814
E	0.4551	1.0103	0.6061	0.4812	0.9783	0.2645	1.771	1.1834	0.3494
F	2.3143	0.4744	0.326	1.5307	0.7346	0.4742	0.8684	0.615	0.3185
G	0.1738	1.4331	0.566	1.54	0.6775	0.4691	0.6918	0.8962	2.1341
H	0.3213	1.8955	0.2678	0.9193	1.2102	0.1353	1.3034	0.9551	0.5104
I	2.9822	0.5654	0.4104	1.063	0.9783	2.1722	0.8269	1.05	1.1094
K	0.1537	1.1563	0.2857	0.3238	1.3283	0.1315	0.5187	0.709	0.2518
L	0.8466	0.3739	0.124	0.515	0.773	0.9249	0.6711	0.5869	0.4706
M	1.2837	0.6172	0.2089	0.7429	0.5965	0.9427	0.4796	0.5488	0.5934
N	0.0921	1.1284	0.3672	1.0606	0.5962	0.2494	1.1671	0.9225	1.2226
P	2.7237	0.2115	0.2478	0.277	0.9625	1.8632	0.4864	2.1311	0.451
Q	0.2449	1.1424	0.3511	0.4091	1.2921	0.2261	1.5083	0.9514	0.6758
R	0.1007	1.0842	0.1555	0.267	1.032	0.0782	1.0397	0.8988	0.2104
S	0.2574	1.1903	3.145	1.698	0.8865	0.842	1.1219	0.9943	2.0148
T	0.5474	1.5682	6.8611	1.5432	1.2201	1.2107	0.6813	1.2563	1.3016
V	2.5377	0.7243	0.417	1.5318	1.7238	3.5529	0.9784	1.0058	1.4137
W	3.832	0.7712	0.514	0.8391	0.4445	0.1238	0.6854	0.5043	0.2132
Y	2.7999	1.4546	0.2304	0.6519	0.8381	0.2775	1.0719	0.9807	0.3244

pepL	alpha	w_s
12	99.5307	0.083	0.1488	0	0.3949	0.3734
13	98.9575	0.0263	0.0764	0.2382	0.4675	0.1916
14	98.3294	0.0043	0.0259	0.161	0	0.4702	0.2977	0.0409
15	98.0139	0.0017	0.0096	0.0839	0.376	0.4093	0.0998	0.0197
16	98.2233	8e-04	0.0022	0.03	0.2337	0	0.5219	0.1563	0.0471	0.0079
17	98.735	8e-04	0.0019	0.0146	0.1152	0.4293	0.2806	0.114	0.0363	0.0072
18	99.2174	5e-04	0.0013	0.0066	0.0433	0.2908	0	0.3312	0.218	0.0767	0.0267	0.005
19	99.5133	0.001	0.0012	0.0074	0.029	0.145	0.2323	0.2918	0.1844	0.0762	0.0263	0.0055
20	99.691	0.001	0.0012	0.0048	0.0176	0.0704	0.1449	0	0.2809	0.2454	0.1596	0.0505	0.0192	0.0045
21	99.7886	0.0013	0.002	0.0054	0.0189	0.0569	0.1038	0.1383	0.2554	0.2215	0.1327	0.043	0.0166	0.0041
