Allele	DQA1_01_14__DQB1_06_130
Type	Standard
n_specificities	1
npep_u	1
npep_t	5000
spec_ids	1
L_core	9
L_N	0
L_C	0
CS_perL	1
pepL_lower	12
pepL_upper	21
n_diff_aa	20

PWM_norm.1	P1	P2	P3	P4	P5	P6	P7	P8	P9
A	0.9954	1.298	0.9442	3.7598	1.9652	1.8632	1.9745	1.0571	1.6284
C	0.1631	0.2391	0.1613	0.7268	0.1113	0.2501	0.1431	0.1218	0.2571
D	0.4258	0.7043	0.4731	0.2513	0.7999	0.4336	0.3967	1.054	3.886
E	0.7749	1.0247	0.229	0.1524	1.0015	0.3194	1.007	1.5012	2.234
F	0.5258	0.4394	0.2306	0.5485	0.3955	0.4031	0.7101	0.8871	0.5425
G	0.3853	0.7132	0.8159	0.4321	0.4862	0.2735	0.393	0.5347	1.5533
H	0.7496	2.3334	0.3293	0.6333	1.3718	0.2005	2.2775	0.5485	0.658
I	2.0746	0.7881	0.2176	1.6898	0.9555	3.1486	0.5954	0.9069	0.8607
K	0.1686	1.2925	0.1666	0.1271	1.8545	0.2134	0.8337	1.6684	0.2102
L	1.4225	0.4882	0.1113	0.4782	0.7306	1.8191	0.7584	0.5067	0.4023
M	0.9164	0.6284	0.1388	0.5867	0.5158	1.9505	0.4602	0.903	0.7683
N	3.7773	1.2965	0.2101	0.4762	1.1469	0.345	0.7798	0.6928	0.5398
P	0.1565	0.1295	0.2389	0.0648	0.2953	0.9531	0.3485	1.2214	0.2865
Q	1.6606	1.4317	0.2665	0.1822	1.433	0.3406	2.8835	0.7923	1.213
R	0.1263	1.539	0.0801	0.0879	1.1412	0.1176	2.5749	1.5084	0.1622
S	1.6147	1.0028	2.1855	1.6995	0.8495	0.4022	0.5713	1.1318	1.0202
T	0.9845	1.8356	10.1231	2.1781	1.1917	1.0772	0.4245	1.205	0.7508
V	1.5737	0.9647	0.1295	3.1863	1.491	3.6048	0.8144	0.8599	0.7598
W	0.2593	1.6405	0.1701	0.2274	0.2469	0.133	0.7005	0.7996	0.2077
Y	0.3119	1.1971	0.1547	0.196	0.5978	0.2627	1.433	1.2102	0.3728

pepL	alpha	w_s
12	99.5307	0.083	0.1488	0	0.3949	0.3733
13	98.9574	0.0263	0.0764	0.2382	0.4675	0.1916
14	98.3293	0.0043	0.0259	0.161	0	0.4702	0.2976	0.0409
15	98.0138	0.0017	0.0096	0.0839	0.3761	0.4093	0.0998	0.0197
16	98.2233	8e-04	0.0022	0.03	0.2337	0	0.522	0.1562	0.0472	0.0079
17	98.7349	8e-04	0.0019	0.0146	0.1152	0.4294	0.2806	0.114	0.0362	0.0072
18	99.2174	5e-04	0.0013	0.0066	0.0433	0.2908	0	0.3312	0.218	0.0767	0.0267	0.005
19	99.5134	0.001	0.0012	0.0074	0.029	0.145	0.2323	0.2917	0.1843	0.0762	0.0263	0.0055
20	99.6911	0.001	0.0012	0.0048	0.0176	0.0704	0.1449	0	0.2809	0.2453	0.1596	0.0505	0.0192	0.0045
21	99.7886	0.0013	0.002	0.0054	0.0189	0.0569	0.1038	0.1384	0.2552	0.2215	0.1327	0.043	0.0166	0.0041
