Allele	DQA1_04_01__DQB1_03_12
Type	Standard
n_specificities	1
npep_u	1
npep_t	5000
spec_ids	1
L_core	9
L_N	0
L_C	0
CS_perL	1
pepL_lower	12
pepL_upper	21
n_diff_aa	20

PWM_norm.1	P1	P2	P3	P4	P5	P6	P7	P8	P9
A	1.2353	1.9443	3.3089	3.9786	1.5664	3.2663	2.5198	1.6689	2.2363
C	0.1529	0.0769	0.2284	0.3512	0.0813	0.7517	0.2569	0.1831	0.6518
D	0.2005	0.9028	0.6175	0.3628	0.6882	0.2768	0.5516	0.5241	0.7548
E	0.4551	1.0103	0.4625	0.2552	1.1613	0.2957	1.2622	1.1834	0.5179
F	2.3143	0.4744	0.6519	0.5592	0.4294	0.2032	0.6577	0.615	0.2236
G	0.1738	1.4331	3.3181	2.9881	0.5555	0.5818	0.7354	0.8962	2.0751
H	0.3213	1.8955	0.8695	0.2458	1.2249	0.1203	1.1971	0.9551	0.7766
I	2.9822	0.5654	0.3341	0.8753	0.9315	1.847	0.8807	1.05	1.0627
K	0.1537	1.1563	0.3005	0.1837	1.5016	0.1207	0.4748	0.709	0.3333
L	0.8466	0.3739	0.2572	0.3936	0.8188	0.5277	0.6324	0.5869	0.373
M	1.2837	0.6172	0.3544	0.4267	0.4635	0.3271	0.5414	0.5488	0.3933
N	0.0921	1.1284	0.7553	0.6307	0.764	0.2467	1.2459	0.9225	1.6262
P	2.7237	0.2115	0.8916	0.0883	0.5027	2.5208	0.7061	2.1311	0.5778
Q	0.2449	1.1424	0.6162	0.2574	1.1312	0.1344	1.5714	0.9514	0.6694
R	0.1007	1.0842	0.9228	0.1658	1.1799	0.0709	1.1245	0.8988	0.2549
S	0.2574	1.1903	1.4039	1.9278	0.8551	1.1063	1.185	0.9943	2.14
T	0.5474	1.5682	0.6066	1.2612	1.0611	1.4749	0.7419	1.2563	1.2416
V	2.5377	0.7243	0.4989	1.2581	2.2811	2.8506	1.0813	1.0058	1.3842
W	3.832	0.7712	0.3333	0.2365	0.2928	0.0604	0.594	0.5043	0.1709
Y	2.7999	1.4546	0.9797	0.1523	0.8133	0.1516	0.7492	0.9807	0.3361

pepL	alpha	w_s
12	99.5307	0.083	0.1488	0	0.3949	0.3734
13	98.9575	0.0263	0.0764	0.2382	0.4675	0.1916
14	98.3294	0.0043	0.0259	0.161	0	0.4702	0.2977	0.0409
15	98.0139	0.0017	0.0096	0.0839	0.376	0.4093	0.0998	0.0197
16	98.2233	8e-04	0.0022	0.03	0.2337	0	0.5219	0.1563	0.0471	0.0079
17	98.735	8e-04	0.0019	0.0146	0.1152	0.4293	0.2806	0.114	0.0363	0.0072
18	99.2174	5e-04	0.0013	0.0066	0.0433	0.2908	0	0.3312	0.218	0.0767	0.0267	0.005
19	99.5133	0.001	0.0012	0.0074	0.029	0.145	0.2323	0.2918	0.1844	0.0762	0.0263	0.0055
20	99.691	0.001	0.0012	0.0048	0.0176	0.0704	0.1449	0	0.2809	0.2454	0.1596	0.0505	0.0192	0.0045
21	99.7886	0.0013	0.002	0.0054	0.0189	0.0569	0.1038	0.1383	0.2554	0.2215	0.1327	0.043	0.0166	0.0041
