Allele	DQA1_02_01__DQB1_02_02
Type	Standard
n_specificities	1
npep_u	1
npep_t	16431
spec_ids	1
L_core	9
L_N	0
L_C	0
CS_perL	1
pepL_lower	12
pepL_upper	21
n_diff_aa	20

PWM_norm.1	P1	P2	P3	P4	P5	P6	P7	P8	P9
A	0.7099	1.3647	0.3535	1.0881	0.8207	1.8073	0.7625	1.0048	0.6837
C	0.0827	0.0097	0.0366	0.7875	0.0371	0.2823	0.0726	0.0262	0.0849
D	0.5879	1.283	1.474	3.4909	1.4235	1.5511	3.4904	0.9153	1.0223
E	0.7663	1.8113	0.1772	1.8405	2.6025	3.2217	3.8807	1.4561	2.4202
F	1.3663	0.6517	0.5532	0.3682	1.2442	0.139	0.4517	0.3907	1.4639
G	0.3972	0.6356	0.2387	0.4757	1.0453	0.315	0.6192	0.5281	0.2299
H	0.7302	1.9627	0.1203	0.2135	0.9565	0.2232	0.7207	1.1131	0.4081
I	2.7634	1.0345	0.21	2.2696	0.7488	0.8685	0.9001	0.8667	2.2949
K	0.0979	1.0044	0.1222	0.0093	0.9405	0.0248	0.1284	0.7337	0.148
L	0.7831	0.5724	0.0534	1.3944	0.6184	0.673	0.5667	1.1981	2.0473
M	1.2494	0.2521	0.3202	0.8813	0.5103	0.1948	0.2512	0.4784	3.0066
N	0.0559	1.6104	0.1396	0.581	0.7678	0.43	1.1155	1.0899	0.3227
P	2.2347	0.0732	0.0864	0.0126	0.5678	1.8193	0.9103	1.531	0.0945
Q	0.9219	0.7929	0.8269	1.5882	1.0063	0.5579	1.3394	0.8826	0.6774
R	0.0256	1.3068	0.0444	0.0082	0.8526	0.0352	0.2454	1.9291	0.3435
S	0.6384	1.2077	4.1797	0.3294	0.9587	0.8965	0.5658	0.8227	0.522
T	1.0362	1.3013	7.3534	0.9067	1.4226	0.997	0.5423	0.7717	0.4424
V	2.707	0.6542	0.1681	2.0353	0.6879	2.1312	0.5539	0.7997	0.9414
W	2.4541	0.9527	0.2088	0.0799	0.2987	0.0943	0.4318	0.5216	3.7027
Y	1.92	1.3389	0.2653	0.0827	1.0383	0.0913	0.8798	1.6224	1.3267

pepL	alpha	w_s
12	99.5307	0.083	0.1488	0	0.3949	0.3733
13	98.9574	0.0263	0.0764	0.2382	0.4675	0.1916
14	98.3293	0.0043	0.0259	0.161	0	0.4702	0.2976	0.0409
15	98.0138	0.0017	0.0096	0.0839	0.3761	0.4093	0.0998	0.0197
16	98.2233	8e-04	0.0022	0.03	0.2337	0	0.522	0.1562	0.0472	0.0079
17	98.7349	8e-04	0.0019	0.0146	0.1152	0.4294	0.2806	0.114	0.0362	0.0072
18	99.2174	5e-04	0.0013	0.0066	0.0433	0.2908	0	0.3312	0.218	0.0767	0.0267	0.005
19	99.5134	0.001	0.0012	0.0074	0.029	0.145	0.2323	0.2917	0.1843	0.0762	0.0263	0.0055
20	99.6911	0.001	0.0012	0.0048	0.0176	0.0704	0.1449	0	0.2809	0.2453	0.1596	0.0505	0.0192	0.0045
21	99.7886	0.0013	0.002	0.0054	0.0189	0.0569	0.1038	0.1384	0.2552	0.2215	0.1327	0.043	0.0166	0.0041
