Allele	DQA1_01_01__DQB1_05_01
Type	Standard
n_specificities	1
npep_u	1
npep_t	430
spec_ids	1
L_core	9
L_N	0
L_C	0
CS_perL	1
pepL_lower	12
pepL_upper	21
n_diff_aa	20

PWM_norm.1	P1	P2	P3	P4	P5	P6	P7	P8	P9
A	0.5417	0.9667	1.3357	0.1712	0.4871	0.3526	0.6149	0.8547	0.9368
C	0.1977	0.1871	0.2572	0.1461	0.357	0.218	0.2632	0.1821	0.1807
D	0.2495	0.621	2.3218	0.1558	1.1673	14.1327	2.8469	0.7336	2.511
E	1.883	1.0925	0.4451	0.1087	1.1115	0.5558	0.569	1.1662	1.175
F	1.1788	0.637	0.5434	6.9983	0.9477	0.1612	0.276	2.0998	1.0367
G	0.222	0.3586	2.3583	0.1317	0.539	0.2149	0.4911	0.3284	0.6921
H	1.1412	0.7473	5.8526	0.9578	1.6506	0.2173	3.341	0.2522	1.0881
I	2.6844	0.844	0.2845	0.3833	1.2408	0.812	1.2182	1.1216	1.8453
K	0.2647	1.7288	0.2574	0.1451	1.3724	0.39	0.4639	1.256	0.278
L	1.5362	0.3203	0.2785	0.403	1.4022	0.2959	0.4154	0.6953	1.0853
M	0.4728	0.2749	0.6823	3.8414	0.6387	0.1826	0.3416	3.4583	0.563
N	0.5544	1.1871	1.1209	0.1694	1.0998	0.5416	1.1785	1.1111	0.6677
P	0.0993	0.1196	0.9977	0.0617	0.5948	0.1097	2.3718	1.1745	0.1655
Q	2.6643	2.2036	1.3728	0.1184	1.2478	0.1924	1.4719	1.0929	3.4842
R	0.3058	1.6812	0.3	0.1398	1.1944	0.1696	0.2959	0.6052	0.2197
S	0.7081	0.9163	0.8702	0.1061	0.8256	0.1893	0.6863	0.3633	0.5238
T	0.4682	2.9667	0.6423	0.1591	0.876	0.2133	0.4944	1.2156	0.4271
V	2.5048	1.0189	0.4869	0.2634	1.1862	0.9017	2.0926	1.0237	1.5195
W	0.1763	0.1673	0.1698	17.8011	0.1734	0.1046	0.6178	0.5435	0.1689
Y	0.8403	1.0734	1.4694	10.1261	1.168	0.1525	0.741	3.2013	0.9559

pepL	alpha	w_s
12	99.5307	0.083	0.1488	0	0.3949	0.3734
13	98.9575	0.0263	0.0764	0.2382	0.4675	0.1916
14	98.3294	0.0043	0.0259	0.161	0	0.4702	0.2977	0.0409
15	98.0139	0.0017	0.0096	0.0839	0.376	0.4093	0.0998	0.0197
16	98.2233	8e-04	0.0022	0.03	0.2337	0	0.5219	0.1563	0.0471	0.0079
17	98.735	8e-04	0.0019	0.0146	0.1152	0.4293	0.2806	0.114	0.0363	0.0072
18	99.2174	5e-04	0.0013	0.0066	0.0433	0.2908	0	0.3312	0.218	0.0767	0.0267	0.005
19	99.5133	0.001	0.0012	0.0074	0.029	0.145	0.2323	0.2918	0.1844	0.0762	0.0263	0.0055
20	99.691	0.001	0.0012	0.0048	0.0176	0.0704	0.1449	0	0.2809	0.2454	0.1596	0.0505	0.0192	0.0045
21	99.7886	0.0013	0.002	0.0054	0.0189	0.0569	0.1038	0.1383	0.2554	0.2215	0.1327	0.043	0.0166	0.0041
