Allele	DQA1_02_01__DQB1_06_11
Type	Standard
n_specificities	1
npep_u	1
npep_t	5000
spec_ids	1
L_core	9
L_N	0
L_C	0
CS_perL	1
pepL_lower	12
pepL_upper	21
n_diff_aa	20

PWM_norm.1	P1	P2	P3	P4	P5	P6	P7	P8	P9
A	0.9559	1.9443	1.0141	3.4512	1.8031	3.2125	2.0556	1.6689	3.2027
C	0.3855	0.0769	0.1293	0.8091	0.0971	0.4628	0.1438	0.1831	0.3194
D	0.8618	0.9028	0.9718	0.5235	0.6483	0.3407	0.4101	0.5241	0.8734
E	1.0395	1.0103	0.6061	0.3997	0.8799	0.3799	1.0414	1.1834	0.5841
F	1.0434	0.4744	0.326	0.9097	0.6338	0.1775	0.6549	0.615	0.2272
G	0.6069	1.4331	0.566	0.9393	0.6301	0.5256	0.3662	0.8962	2.3855
H	1.163	1.8955	0.2678	0.8793	1.2876	0.1227	2.3331	0.9551	0.6653
I	1.7516	0.5654	0.4104	1.1729	0.9887	1.6644	0.5835	1.05	0.509
K	0.3592	1.1563	0.2857	0.2518	1.5379	0.1702	0.7607	0.709	0.2132
L	0.8153	0.3739	0.124	0.6346	0.7824	0.559	0.7609	0.5869	0.1793
M	1.1895	0.6172	0.2089	0.8333	0.5948	0.3502	0.4946	0.5488	0.3199
N	0.7697	1.1284	0.3672	0.8733	0.6801	0.1938	0.7691	0.9225	0.996
P	1.04	0.2115	0.2478	0.1661	0.8586	2.5304	0.326	2.1311	0.3864
Q	1.587	1.1424	0.3511	0.3953	1.2134	0.1589	2.8524	0.9514	1.1387
R	0.482	1.0842	0.1555	0.1847	1.1411	0.0742	2.5671	0.8988	0.1668
S	0.8743	1.1903	3.145	1.723	0.8691	1.2208	0.5865	0.9943	2.6312
T	1.1654	1.5682	6.8611	1.6673	1.1152	1.0828	0.4165	1.2563	1.0106
V	1.9685	0.7243	0.417	1.7553	1.6819	3.1672	0.8565	1.0058	0.6657
W	1.2877	0.7712	0.514	0.426	0.3102	0.0536	0.5894	0.5043	0.0991
Y	1.1932	1.4546	0.2304	0.3478	0.7502	0.1353	1.3929	0.9807	0.2055

pepL	alpha	w_s
12	99.5307	0.083	0.1488	0	0.3949	0.3734
13	98.9575	0.0263	0.0764	0.2382	0.4675	0.1916
14	98.3294	0.0043	0.0259	0.161	0	0.4702	0.2977	0.0409
15	98.0139	0.0017	0.0096	0.0839	0.376	0.4093	0.0998	0.0197
16	98.2233	8e-04	0.0022	0.03	0.2337	0	0.5219	0.1563	0.0471	0.0079
17	98.735	8e-04	0.0019	0.0146	0.1152	0.4293	0.2806	0.114	0.0363	0.0072
18	99.2174	5e-04	0.0013	0.0066	0.0433	0.2908	0	0.3312	0.218	0.0767	0.0267	0.005
19	99.5133	0.001	0.0012	0.0074	0.029	0.145	0.2323	0.2918	0.1844	0.0762	0.0263	0.0055
20	99.691	0.001	0.0012	0.0048	0.0176	0.0704	0.1449	0	0.2809	0.2454	0.1596	0.0505	0.0192	0.0045
21	99.7886	0.0013	0.002	0.0054	0.0189	0.0569	0.1038	0.1383	0.2554	0.2215	0.1327	0.043	0.0166	0.0041
