Allele	DQA1_01_01__DQB1_06_10
Type	Standard
n_specificities	1
npep_u	1
npep_t	5000
spec_ids	1
L_core	9
L_N	0
L_C	0
CS_perL	1
pepL_lower	12
pepL_upper	21
n_diff_aa	20

PWM_norm.1	P1	P2	P3	P4	P5	P6	P7	P8	P9
A	0.9162	1.298	2.371	4.5018	1.9652	1.9509	1.9745	1.0571	1.6284
C	0.2326	0.2391	0.2143	0.5942	0.1113	0.2067	0.1431	0.1218	0.2571
D	0.6135	0.7043	0.8656	0.2229	0.7999	0.4637	0.3967	1.054	3.886
E	1.1699	1.0247	0.6507	0.114	1.0015	0.2575	1.007	1.5012	2.234
F	0.6804	0.4394	0.7037	0.4604	0.3955	0.3224	0.7101	0.8871	0.5425
G	0.4475	0.7132	5.2601	0.4968	0.4862	0.2642	0.393	0.5347	1.5533
H	0.8994	2.3334	1.2476	0.3491	1.3718	0.1629	2.2775	0.5485	0.658
I	2.1472	0.7881	0.2329	1.4707	0.9555	3.6648	0.5954	0.9069	0.8607
K	0.2452	1.2925	0.2143	0.1101	1.8545	0.1813	0.8337	1.6684	0.2102
L	1.2375	0.4882	0.3463	0.4023	0.7306	1.9305	0.7584	0.5067	0.4023
M	0.9027	0.6284	0.421	0.5468	0.5158	1.7502	0.4602	0.903	0.7683
N	2.3915	1.2965	0.5417	0.4706	1.1469	0.2885	0.7798	0.6928	0.5398
P	0.2807	0.1295	1.1687	0.0782	0.2953	0.8362	0.3485	1.2214	0.2865
Q	1.8472	1.4317	0.8355	0.1293	1.433	0.2894	2.8835	0.7923	1.213
R	0.2486	1.539	0.2242	0.0686	1.1412	0.0922	2.5749	1.5084	0.1622
S	1.2687	1.0028	0.7953	1.9546	0.8495	0.3276	0.5713	1.1318	1.0202
T	0.9276	1.8356	0.4519	1.9656	1.1917	1.1304	0.4245	1.205	0.7508
V	1.8554	0.9647	0.2234	2.7868	1.491	3.5078	0.8144	0.8599	0.7598
W	0.4232	1.6405	0.1674	0.1547	0.2469	0.0916	0.7005	0.7996	0.2077
Y	0.4399	1.1971	0.9051	0.1479	0.5978	0.1953	1.433	1.2102	0.3728

pepL	alpha	w_s
12	99.5307	0.083	0.1488	0	0.3949	0.3733
13	98.9574	0.0263	0.0764	0.2382	0.4675	0.1916
14	98.3293	0.0043	0.0259	0.161	0	0.4702	0.2976	0.0409
15	98.0138	0.0017	0.0096	0.0839	0.3761	0.4093	0.0998	0.0197
16	98.2233	8e-04	0.0022	0.03	0.2337	0	0.522	0.1562	0.0472	0.0079
17	98.7349	8e-04	0.0019	0.0146	0.1152	0.4294	0.2806	0.114	0.0362	0.0072
18	99.2174	5e-04	0.0013	0.0066	0.0433	0.2908	0	0.3312	0.218	0.0767	0.0267	0.005
19	99.5134	0.001	0.0012	0.0074	0.029	0.145	0.2323	0.2917	0.1843	0.0762	0.0263	0.0055
20	99.6911	0.001	0.0012	0.0048	0.0176	0.0704	0.1449	0	0.2809	0.2453	0.1596	0.0505	0.0192	0.0045
21	99.7886	0.0013	0.002	0.0054	0.0189	0.0569	0.1038	0.1384	0.2552	0.2215	0.1327	0.043	0.0166	0.0041
