Allele	DQA1_01_19__DQB1_06_206
Type	Standard
n_specificities	1
npep_u	1
npep_t	5000
spec_ids	1
L_core	9
L_N	0
L_C	0
CS_perL	1
pepL_lower	12
pepL_upper	21
n_diff_aa	20

PWM_norm.1	P1	P2	P3	P4	P5	P6	P7	P8	P9
A	0.9954	1.298	2.371	4.5018	1.4534	1.2381	0.8954	0.9301	0.9934
C	0.1631	0.2391	0.2143	0.5942	0.1385	0.1965	0.1977	0.13	0.3148
D	0.4258	0.7043	0.8656	0.2229	0.7072	5.403	0.8045	0.9238	2.1093
E	0.7749	1.0247	0.6507	0.114	1.0961	0.6327	0.8986	1.5244	0.6532
F	0.5258	0.4394	0.7037	0.4604	0.7014	0.2478	0.9408	1.7847	1.5162
G	0.3853	0.7132	5.2601	0.4968	0.5059	0.2168	0.2209	0.3776	0.8525
H	0.7496	2.3334	1.2476	0.3491	1.797	0.1264	2.12	0.3708	0.4652
I	2.0746	0.7881	0.2329	1.4707	0.8774	2.7326	1.0575	1.6406	3.4847
K	0.1686	1.2925	0.2143	0.1101	1.8965	0.1634	0.657	0.9516	0.1384
L	1.4225	0.4882	0.3463	0.4023	0.6503	1.4595	0.5337	0.9065	1.3976
M	0.9164	0.6284	0.421	0.5468	0.4752	1.1365	0.5771	1.5028	1.5773
N	3.7773	1.2965	0.5417	0.4706	0.8657	0.5993	0.7275	0.8983	0.6913
P	0.1565	0.1295	1.1687	0.0782	0.322	0.5004	2.8554	1.0259	0.1671
Q	1.6606	1.4317	0.8355	0.1293	1.3602	0.2916	1.2523	0.9465	1.1005
R	0.1263	1.539	0.2242	0.0686	1.048	0.0862	0.7712	0.8282	0.1097
S	1.6147	1.0028	0.7953	1.9546	1.2129	0.3037	0.7952	0.6148	0.4194
T	0.9845	1.8356	0.4519	1.9656	1.106	0.8119	1.168	0.8825	0.6089
V	1.5737	0.9647	0.2234	2.7868	1.6095	2.2008	1.6474	1.1408	2.0085
W	0.2593	1.6405	0.1674	0.1547	0.4139	0.1155	1.027	0.7129	0.4122
Y	0.3119	1.1971	0.9051	0.1479	0.648	0.1959	0.9974	2.5247	1.2963

pepL	alpha	w_s
12	99.5307	0.083	0.1488	0	0.3949	0.3733
13	98.9574	0.0263	0.0764	0.2382	0.4675	0.1916
14	98.3293	0.0043	0.0259	0.161	0	0.4702	0.2976	0.0409
15	98.0138	0.0017	0.0096	0.0839	0.3761	0.4093	0.0998	0.0197
16	98.2233	8e-04	0.0022	0.03	0.2337	0	0.522	0.1562	0.0472	0.0079
17	98.7349	8e-04	0.0019	0.0146	0.1152	0.4294	0.2806	0.114	0.0362	0.0072
18	99.2174	5e-04	0.0013	0.0066	0.0433	0.2908	0	0.3312	0.218	0.0767	0.0267	0.005
19	99.5134	0.001	0.0012	0.0074	0.029	0.145	0.2323	0.2917	0.1843	0.0762	0.0263	0.0055
20	99.6911	0.001	0.0012	0.0048	0.0176	0.0704	0.1449	0	0.2809	0.2453	0.1596	0.0505	0.0192	0.0045
21	99.7886	0.0013	0.002	0.0054	0.0189	0.0569	0.1038	0.1384	0.2552	0.2215	0.1327	0.043	0.0166	0.0041
