Allele	DQA1_04_02__DQB1_06_217
Type	Standard
n_specificities	1
npep_u	1
npep_t	5000
spec_ids	1
L_core	9
L_N	0
L_C	0
CS_perL	1
pepL_lower	12
pepL_upper	21
n_diff_aa	20

PWM_norm.1	P1	P2	P3	P4	P5	P6	P7	P8	P9
A	0.8517	1.913	2.2163	3.0205	1.3208	2.3678	1.0268	0.9301	0.8224
C	0.25	0.0795	0.278	0.589	0.1398	0.3793	0.3636	0.13	0.2572
D	0.239	0.9181	1.0586	0.6339	0.7775	3.7294	0.5937	0.9238	2.8498
E	0.4664	1.0439	0.9032	0.3776	1.2211	1.0149	1.3496	1.5244	1.0144
F	4.3687	0.4548	1.0487	0.6957	0.8471	0.1628	2.1745	1.7847	1.2567
G	0.1806	1.4745	2.2995	0.9449	0.7908	0.4617	0.2958	0.3776	0.7204
H	1.3691	1.908	0.7646	0.2235	1.3111	0.1097	2.4753	0.3708	0.6875
I	2.5401	0.5728	0.7432	1.9033	0.9024	1.3834	1.0314	1.6406	3.2298
K	0.1722	1.1233	0.3937	0.122	1.3608	0.1089	0.3684	0.9516	0.1807
L	1.4061	0.3651	0.4773	0.7644	0.7168	0.56	0.4777	0.9065	1.3194
M	1.8272	0.6358	0.7244	0.7465	0.5745	0.3416	0.4743	1.5028	1.2389
N	0.6768	1.1213	0.8184	0.6725	0.6314	0.5155	1.3786	0.8983	0.9133
P	0.4535	0.2225	0.8711	0.1737	0.7237	1.6368	2.0874	1.0259	0.1788
Q	0.573	1.1633	0.6661	0.2617	1.2396	0.2434	0.9745	0.9465	1.0428
R	0.1189	1.0809	0.6115	0.0877	1.0633	0.0737	0.5228	0.8282	0.1193
S	0.3258	1.1961	1.0696	1.5845	0.974	0.87	0.7649	0.6148	0.4396
T	0.3602	1.5275	0.7597	1.9451	1.256	1.122	0.8758	0.8825	0.6271
V	1.2475	0.7243	1.3135	2.4695	1.5736	2.1562	1.088	1.1408	1.8049
W	3.6254	0.778	0.6427	0.1632	0.529	0.0702	2.9114	0.7129	0.4724
Y	5.2039	1.4189	1.1628	0.1698	0.9264	0.1604	1.5404	2.5247	0.8925

pepL	alpha	w_s
12	99.5307	0.083	0.1488	0	0.3949	0.3733
13	98.9574	0.0263	0.0764	0.2382	0.4675	0.1916
14	98.3293	0.0043	0.0259	0.161	0	0.4702	0.2976	0.0409
15	98.0138	0.0017	0.0096	0.0839	0.3761	0.4093	0.0998	0.0197
16	98.2233	8e-04	0.0022	0.03	0.2337	0	0.522	0.1562	0.0472	0.0079
17	98.7349	8e-04	0.0019	0.0146	0.1152	0.4294	0.2806	0.114	0.0362	0.0072
18	99.2174	5e-04	0.0013	0.0066	0.0433	0.2908	0	0.3312	0.218	0.0767	0.0267	0.005
19	99.5134	0.001	0.0012	0.0074	0.029	0.145	0.2323	0.2917	0.1843	0.0762	0.0263	0.0055
20	99.6911	0.001	0.0012	0.0048	0.0176	0.0704	0.1449	0	0.2809	0.2453	0.1596	0.0505	0.0192	0.0045
21	99.7886	0.0013	0.002	0.0054	0.0189	0.0569	0.1038	0.1384	0.2552	0.2215	0.1327	0.043	0.0166	0.0041
