Allele	DQA1_03_01__DQB1_05_103
Type	Standard
n_specificities	1
npep_u	1
npep_t	5000
spec_ids	1
L_core	9
L_N	0
L_C	0
CS_perL	1
pepL_lower	12
pepL_upper	21
n_diff_aa	20

PWM_norm.1	P1	P2	P3	P4	P5	P6	P7	P8	P9
A	0.836	1.4116	1.496	0.5883	0.714	2.1946	0.9672	0.9301	1.0403
C	0.1613	0.0625	0.261	0.2217	0.1573	0.4764	0.2039	0.13	0.1255
D	3.1776	1.0885	1.5137	0.3484	1.0831	2.2327	1.8535	0.9238	2.456
E	2.2428	1.5996	0.6548	0.1802	1.2179	1.5726	1.1479	1.5244	1.978
F	0.9902	0.7955	1.4303	5.9975	0.78	0.397	0.4501	1.7847	0.9005
G	0.4694	0.5699	1.6083	0.2769	0.8204	0.62	0.3384	0.3776	0.7438
H	0.7331	1.8546	1.6075	2.1584	1.504	0.2747	2.012	0.3708	0.9891
I	1.3747	0.9489	0.8211	0.617	1.0095	1.5501	0.9764	1.6406	2.4296
K	0.2886	0.7633	0.6085	0.2404	1.386	0.228	0.8015	0.9516	0.1781
L	0.6072	0.6655	0.4237	0.5966	0.8124	0.6147	0.5164	0.9065	0.9637
M	0.5003	0.5484	0.7793	1.9046	0.5428	0.5906	0.4488	1.5028	0.9758
N	0.5925	1.7189	0.8632	0.3588	1.1221	0.5148	0.9646	0.8983	0.8182
P	1.0423	0.0871	0.6	0.1009	1.3294	1.3654	2.2267	1.0259	0.1556
Q	0.8183	0.9778	1.174	0.4891	1.1863	0.4027	1.6773	0.9465	2.0117
R	0.2183	1.711	0.535	0.221	1.0337	0.1751	0.5344	0.8282	0.1656
S	0.9409	1.1629	1.3597	0.176	0.706	0.8587	0.8158	0.6148	0.5364
T	0.6124	1.2644	1.0242	0.182	1.0824	1.2083	0.9158	0.8825	0.5519
V	1.6387	0.7105	0.9749	0.3387	1.313	1.9401	1.3903	1.1408	1.4259
W	1.302	0.6149	0.8499	13.2772	0.2324	0.2032	0.6331	0.7129	0.2286
Y	0.9945	1.1165	1.8805	8.9688	1.2087	0.3717	0.8063	2.5247	0.6544

pepL	alpha	w_s
12	99.5307	0.083	0.1488	0	0.3949	0.3733
13	98.9574	0.0263	0.0764	0.2382	0.4675	0.1916
14	98.3293	0.0043	0.0259	0.161	0	0.4702	0.2976	0.0409
15	98.0138	0.0017	0.0096	0.0839	0.3761	0.4093	0.0998	0.0197
16	98.2233	8e-04	0.0022	0.03	0.2337	0	0.522	0.1562	0.0472	0.0079
17	98.7349	8e-04	0.0019	0.0146	0.1152	0.4294	0.2806	0.114	0.0362	0.0072
18	99.2174	5e-04	0.0013	0.0066	0.0433	0.2908	0	0.3312	0.218	0.0767	0.0267	0.005
19	99.5134	0.001	0.0012	0.0074	0.029	0.145	0.2323	0.2917	0.1843	0.0762	0.0263	0.0055
20	99.6911	0.001	0.0012	0.0048	0.0176	0.0704	0.1449	0	0.2809	0.2453	0.1596	0.0505	0.0192	0.0045
21	99.7886	0.0013	0.002	0.0054	0.0189	0.0569	0.1038	0.1384	0.2552	0.2215	0.1327	0.043	0.0166	0.0041
