Allele	DQA1_02_03__DQB1_06_33
Type	Standard
n_specificities	1
npep_u	1
npep_t	5000
spec_ids	1
L_core	9
L_N	0
L_C	0
CS_perL	1
pepL_lower	12
pepL_upper	21
n_diff_aa	20

PWM_norm.1	P1	P2	P3	P4	P5	P6	P7	P8	P9
A	0.9559	1.9443	1.0141	3.485	1.8112	4.177	1.9481	1.6689	3.6231
C	0.3855	0.0769	0.1293	0.6412	0.0891	0.4221	0.1367	0.1831	0.476
D	0.8618	0.9028	0.9718	0.5949	0.6583	0.0874	0.3875	0.5241	0.6245
E	1.0395	1.0103	0.6061	0.4895	0.892	0.1773	0.8946	1.1834	0.3783
F	1.0434	0.4744	0.326	0.8097	0.5616	0.1949	0.6785	0.615	0.3394
G	0.6069	1.4331	0.566	1.0534	0.5986	0.628	0.2752	0.8962	2.6325
H	1.163	1.8955	0.2678	0.8839	1.1534	0.0679	2.3509	0.9551	0.4315
I	1.7516	0.5654	0.4104	1.0485	1.0555	1.65	0.6561	1.05	0.5559
K	0.3592	1.1563	0.2857	0.2512	1.5538	0.0899	0.9134	0.709	0.1893
L	0.8153	0.3739	0.124	0.5786	0.7909	0.5222	0.8333	0.5869	0.238
M	1.1895	0.6172	0.2089	0.8025	0.6146	0.362	0.5241	0.5488	0.5102
N	0.7697	1.1284	0.3672	1.0556	0.7017	0.1386	0.8691	0.9225	0.7109
P	1.04	0.2115	0.2478	0.1616	0.9875	2.4193	0.4872	2.1311	0.3393
Q	1.587	1.1424	0.3511	0.4114	1.1513	0.0938	2.7068	0.9514	1.1433
R	0.482	1.0842	0.1555	0.1626	1.1062	0.0438	2.2913	0.8988	0.1553
S	0.8743	1.1903	3.145	1.8389	0.8193	0.9873	0.5949	0.9943	2.3936
T	1.1654	1.5682	6.8611	1.5638	1.1056	0.9422	0.5201	1.2563	0.9955
V	1.9685	0.7243	0.417	1.6229	1.7035	3.263	0.9998	1.0058	0.7136
W	1.2877	0.7712	0.514	0.357	0.2879	0.0349	0.6635	0.5043	0.1334
Y	1.1932	1.4546	0.2304	0.2683	0.7867	0.1068	1.2821	0.9807	0.2381

pepL	alpha	w_s
12	99.5307	0.083	0.1488	0	0.3949	0.3734
13	98.9575	0.0263	0.0764	0.2382	0.4675	0.1916
14	98.3294	0.0043	0.0259	0.161	0	0.4702	0.2977	0.0409
15	98.0139	0.0017	0.0096	0.0839	0.376	0.4093	0.0998	0.0197
16	98.2233	8e-04	0.0022	0.03	0.2337	0	0.5219	0.1563	0.0471	0.0079
17	98.735	8e-04	0.0019	0.0146	0.1152	0.4293	0.2806	0.114	0.0363	0.0072
18	99.2174	5e-04	0.0013	0.0066	0.0433	0.2908	0	0.3312	0.218	0.0767	0.0267	0.005
19	99.5133	0.001	0.0012	0.0074	0.029	0.145	0.2323	0.2918	0.1844	0.0762	0.0263	0.0055
20	99.691	0.001	0.0012	0.0048	0.0176	0.0704	0.1449	0	0.2809	0.2454	0.1596	0.0505	0.0192	0.0045
21	99.7886	0.0013	0.002	0.0054	0.0189	0.0569	0.1038	0.1383	0.2554	0.2215	0.1327	0.043	0.0166	0.0041
