Allele	DQA1_01_02__DQB1_06_12
Type	Standard
n_specificities	1
npep_u	1
npep_t	5000
spec_ids	1
L_core	9
L_N	0
L_C	0
CS_perL	1
pepL_lower	12
pepL_upper	21
n_diff_aa	20

PWM_norm.1	P1	P2	P3	P4	P5	P6	P7	P8	P9
A	0.6074	1.3092	2.4352	4.4217	1.9328	1.6694	2.0556	0.9303	1.0065
C	0.1462	0.2173	0.2078	0.5901	0.1196	0.2637	0.1438	0.1478	0.1819
D	0.1986	0.6723	0.8934	0.2236	0.8159	4.1715	0.4101	0.9425	2.1941
E	0.4366	1.0467	0.6016	0.132	1.0231	0.3628	1.0414	1.5197	1.3347
F	2.9223	0.4446	0.687	0.5046	0.4165	0.115	0.6549	1.8624	1.5049
G	0.1598	0.6772	5.3762	0.522	0.4718	0.3555	0.3662	0.3727	1.0511
H	2.4613	2.3114	1.1684	0.4487	1.3957	0.1331	2.3331	0.3635	0.9763
I	2.1479	0.7997	0.2213	1.3725	0.9658	2.7075	0.5835	1.668	2.5531
K	0.172	1.3223	0.2008	0.1148	1.8763	0.2305	0.7607	0.9429	0.1961
L	2.1075	0.5004	0.3393	0.4293	0.709	1.1539	0.7609	0.9276	0.9112
M	1.3969	0.6127	0.4461	0.6237	0.5423	0.6907	0.4946	1.5657	1.2299
N	3.6977	1.2957	0.4901	0.5063	1.1021	0.5824	0.7691	0.8797	0.7275
P	0.078	0.1267	1.1794	0.0925	0.3311	0.9676	0.326	0.9852	0.2039
Q	1.1808	1.3971	0.7566	0.1599	1.3944	0.2214	2.8524	0.9419	1.9545
R	0.1048	1.5742	0.2156	0.0789	1.1852	0.1142	2.5671	0.7939	0.2023
S	0.5099	0.997	0.8192	2.0998	0.8221	0.6059	0.5865	0.5839	0.599
T	0.356	1.8421	0.4639	1.963	1.186	1.1591	0.4165	0.8527	0.5348
V	0.8946	0.9968	0.2017	2.464	1.4832	2.3976	0.8565	1.1451	1.3954
W	0.8954	1.4582	0.1585	0.2078	0.2444	0.0601	0.5894	0.7426	0.4322
Y	2.57	1.1825	0.8516	0.1729	0.6358	0.1011	1.3929	2.587	0.9641

pepL	alpha	w_s
12	99.5307	0.083	0.1488	0	0.3949	0.3734
13	98.9575	0.0263	0.0764	0.2382	0.4675	0.1916
14	98.3294	0.0043	0.0259	0.161	0	0.4702	0.2977	0.0409
15	98.0139	0.0017	0.0096	0.0839	0.376	0.4093	0.0998	0.0197
16	98.2233	8e-04	0.0022	0.03	0.2337	0	0.5219	0.1563	0.0471	0.0079
17	98.735	8e-04	0.0019	0.0146	0.1152	0.4293	0.2806	0.114	0.0363	0.0072
18	99.2174	5e-04	0.0013	0.0066	0.0433	0.2908	0	0.3312	0.218	0.0767	0.0267	0.005
19	99.5133	0.001	0.0012	0.0074	0.029	0.145	0.2323	0.2918	0.1844	0.0762	0.0263	0.0055
20	99.691	0.001	0.0012	0.0048	0.0176	0.0704	0.1449	0	0.2809	0.2454	0.1596	0.0505	0.0192	0.0045
21	99.7886	0.0013	0.002	0.0054	0.0189	0.0569	0.1038	0.1383	0.2554	0.2215	0.1327	0.043	0.0166	0.0041
