Allele	DQA1_01_10__DQB1_06_09
Type	Standard
n_specificities	1
npep_u	1
npep_t	5000
spec_ids	1
L_core	9
L_N	0
L_C	0
CS_perL	1
pepL_lower	12
pepL_upper	21
n_diff_aa	20

PWM_norm.1	P1	P2	P3	P4	P5	P6	P7	P8	P9
A	0.6074	1.3092	0.9717	2.23	1.5299	1.8008	2.1981	0.9303	1.0065
C	0.1462	0.2173	0.1749	0.5033	0.262	0.3455	0.2806	0.1478	0.1819
D	0.1986	0.6723	0.512	0.2618	0.9245	2.3908	0.6517	0.9425	2.1941
E	0.4366	1.0467	0.2438	0.1906	1.3451	0.4544	1.771	1.5197	1.3347
F	2.9223	0.4446	0.2386	0.4855	0.4745	0.1589	0.8684	1.8624	1.5049
G	0.1598	0.6772	0.8622	0.3939	0.4724	0.3774	0.6918	0.3727	1.0511
H	2.4613	2.3114	0.3514	0.3139	1.432	0.1717	1.3034	0.3635	0.9763
I	2.1479	0.7997	0.2453	3.0008	0.9041	2.3243	0.8269	1.668	2.5531
K	0.172	1.3223	0.1745	0.098	1.6059	0.3056	0.5187	0.9429	0.1961
L	2.1075	0.5004	0.1145	0.6541	0.6796	1.1968	0.6711	0.9276	0.9112
M	1.3969	0.6127	0.1455	0.6855	0.4882	0.9211	0.4796	1.5657	1.2299
N	3.6977	1.2957	0.1996	0.4145	0.9695	0.5815	1.1671	0.8797	0.7275
P	0.078	0.1267	0.2343	0.0631	0.2742	1.2348	0.4864	0.9852	0.2039
Q	1.1808	1.3971	0.2491	0.1811	1.6909	0.2852	1.5083	0.9419	1.9545
R	0.1048	1.5742	0.0754	0.0781	0.9732	0.1367	1.0397	0.7939	0.2023
S	0.5099	0.997	2.3572	1.3861	0.9266	0.7197	1.1219	0.5839	0.599
T	0.356	1.8421	9.6944	2.522	1.3909	1.1418	0.6813	0.8527	0.5348
V	0.8946	0.9968	0.1288	4.1305	1.4449	3.0072	0.9784	1.1451	1.3954
W	0.8954	1.4582	0.1747	0.2193	0.3849	0.0814	0.6854	0.7426	0.4322
Y	2.57	1.1825	0.137	0.182	0.7284	0.131	1.0719	2.587	0.9641

pepL	alpha	w_s
12	99.5307	0.083	0.1488	0	0.3949	0.3734
13	98.9575	0.0263	0.0764	0.2382	0.4675	0.1916
14	98.3294	0.0043	0.0259	0.161	0	0.4702	0.2977	0.0409
15	98.0139	0.0017	0.0096	0.0839	0.376	0.4093	0.0998	0.0197
16	98.2233	8e-04	0.0022	0.03	0.2337	0	0.5219	0.1563	0.0471	0.0079
17	98.735	8e-04	0.0019	0.0146	0.1152	0.4293	0.2806	0.114	0.0363	0.0072
18	99.2174	5e-04	0.0013	0.0066	0.0433	0.2908	0	0.3312	0.218	0.0767	0.0267	0.005
19	99.5133	0.001	0.0012	0.0074	0.029	0.145	0.2323	0.2918	0.1844	0.0762	0.0263	0.0055
20	99.691	0.001	0.0012	0.0048	0.0176	0.0704	0.1449	0	0.2809	0.2454	0.1596	0.0505	0.0192	0.0045
21	99.7886	0.0013	0.002	0.0054	0.0189	0.0569	0.1038	0.1383	0.2554	0.2215	0.1327	0.043	0.0166	0.0041
