Allele	DQA1_01_10__DQB1_06_107
Type	Standard
n_specificities	1
npep_u	1
npep_t	5000
spec_ids	1
L_core	9
L_N	0
L_C	0
CS_perL	1
pepL_lower	12
pepL_upper	21
n_diff_aa	20

PWM_norm.1	P1	P2	P3	P4	P5	P6	P7	P8	P9
A	0.9709	1.3092	0.688	2.9604	1.6892	1.865	2.0556	1.6689	3.7675
C	0.1551	0.2173	0.1249	0.9215	0.1484	0.2636	0.1438	0.1831	0.3142
D	0.4195	0.6723	0.8588	0.3935	0.8797	0.2833	0.4101	0.5241	0.6039
E	0.7261	1.0467	0.2272	0.3744	0.9909	0.328	1.0414	1.1834	0.3825
F	0.5309	0.4446	0.3185	1.0059	0.4501	0.3352	0.6549	0.615	0.3203
G	0.3688	0.6772	0.658	0.4662	0.524	0.2662	0.3662	0.8962	2.9572
H	0.7552	2.3114	0.4871	0.7271	1.3228	0.1352	2.3331	0.9551	0.4271
I	2.1248	0.7997	0.2611	2.1337	0.9881	2.9926	0.5835	1.05	0.4066
K	0.1694	1.3223	0.1906	0.1791	1.8665	0.1623	0.7607	0.709	0.1675
L	1.4783	0.5004	0.104	0.928	0.6836	1.9053	0.7609	0.5869	0.1737
M	0.8906	0.6127	0.1674	1.543	0.6369	1.9181	0.4946	0.5488	0.4458
N	3.9275	1.2957	0.1947	0.5566	1.2866	0.3011	0.7691	0.9225	0.5581
P	0.1632	0.1267	0.1581	0.0778	0.4494	0.9372	0.326	2.1311	0.2819
Q	1.657	1.3971	0.4058	0.4497	1.411	0.3053	2.8524	0.9514	1.7663
R	0.1114	1.5742	0.0693	0.1528	1.2174	0.1007	2.5671	0.8988	0.1426
S	1.5987	0.997	2.7294	1.1783	0.8481	0.3939	0.5865	0.9943	2.3547
T	0.9065	1.8421	9.2509	1.6311	1.2096	1.0174	0.4165	1.2563	0.7576
V	1.5782	0.9968	0.139	2.5377	1.3325	3.9959	0.8565	1.0058	0.4986
W	0.2657	1.4582	0.175	0.6169	0.23	0.107	0.5894	0.5043	0.0953
Y	0.3011	1.1825	0.1811	0.484	0.7054	0.2141	1.3929	0.9807	0.195

pepL	alpha	w_s
12	99.5307	0.083	0.1488	0	0.3949	0.3734
13	98.9575	0.0263	0.0764	0.2382	0.4675	0.1916
14	98.3294	0.0043	0.0259	0.161	0	0.4702	0.2977	0.0409
15	98.0139	0.0017	0.0096	0.0839	0.376	0.4093	0.0998	0.0197
16	98.2233	8e-04	0.0022	0.03	0.2337	0	0.5219	0.1563	0.0471	0.0079
17	98.735	8e-04	0.0019	0.0146	0.1152	0.4293	0.2806	0.114	0.0363	0.0072
18	99.2174	5e-04	0.0013	0.0066	0.0433	0.2908	0	0.3312	0.218	0.0767	0.0267	0.005
19	99.5133	0.001	0.0012	0.0074	0.029	0.145	0.2323	0.2918	0.1844	0.0762	0.0263	0.0055
20	99.691	0.001	0.0012	0.0048	0.0176	0.0704	0.1449	0	0.2809	0.2454	0.1596	0.0505	0.0192	0.0045
21	99.7886	0.0013	0.002	0.0054	0.0189	0.0569	0.1038	0.1383	0.2554	0.2215	0.1327	0.043	0.0166	0.0041
