Allele	DQA1_03_01__DQB1_06_33
Type	Standard
n_specificities	1
npep_u	1
npep_t	5000
spec_ids	1
L_core	9
L_N	0
L_C	0
CS_perL	1
pepL_lower	12
pepL_upper	21
n_diff_aa	20

PWM_norm.1	P1	P2	P3	P4	P5	P6	P7	P8	P9
A	0.8435	1.9443	2.3185	4.1358	1.8112	4.3078	1.9481	1.6689	3.3082
C	0.208	0.0769	0.2233	0.5794	0.0891	0.4357	0.1367	0.1831	0.334
D	3.1453	0.9028	1.0941	0.5736	0.6583	0.08	0.3875	0.5241	0.6819
E	2.048	1.0103	0.8974	0.3765	0.892	0.141	0.8946	1.1834	0.5038
F	0.962	0.4744	0.9715	0.6556	0.5616	0.1931	0.6785	0.615	0.2615
G	0.4965	1.4331	2.4171	1.2207	0.5986	0.6841	0.2752	0.8962	2.6616
H	0.6982	1.8955	0.7473	0.501	1.1534	0.0619	2.3509	0.9551	0.5542
I	1.4708	0.5654	0.6675	0.9183	1.0555	1.7558	0.6561	1.05	0.6975
K	0.2764	1.1563	0.362	0.2153	1.5538	0.0667	0.9134	0.709	0.1608
L	0.6554	0.3739	0.4571	0.5109	0.7909	0.4804	0.8333	0.5869	0.2378
M	0.605	0.6172	0.664	0.7753	0.6146	0.3141	0.5241	0.5488	0.456
N	0.6281	1.1284	0.7435	1.0651	0.7017	0.1347	0.8691	0.9225	0.8049
P	1.0869	0.2115	0.8734	0.199	0.9875	2.6099	0.4872	2.1311	0.313
Q	0.8245	1.1424	0.6267	0.3141	1.1513	0.0865	2.7068	0.9514	1.5395
R	0.2311	1.0842	0.595	0.1343	1.1062	0.0379	2.2913	0.8988	0.1418
S	0.9592	1.1903	1.1476	2.0276	0.8193	0.8853	0.5949	0.9943	2.2888
T	0.6002	1.5682	0.8814	1.3283	1.1056	1.0521	0.5201	1.2563	0.8755
V	1.6159	0.7243	1.1723	1.421	1.7035	2.9896	0.9998	1.0058	0.7759
W	1.495	0.7712	0.6292	0.2759	0.2879	0.0335	0.6635	0.5043	0.0931
Y	0.8685	1.4546	1.0726	0.2123	0.7867	0.1032	1.2821	0.9807	0.2218

pepL	alpha	w_s
12	99.5307	0.083	0.1488	0	0.3949	0.3734
13	98.9575	0.0263	0.0764	0.2382	0.4675	0.1916
14	98.3294	0.0043	0.0259	0.161	0	0.4702	0.2977	0.0409
15	98.0139	0.0017	0.0096	0.0839	0.376	0.4093	0.0998	0.0197
16	98.2233	8e-04	0.0022	0.03	0.2337	0	0.5219	0.1563	0.0471	0.0079
17	98.735	8e-04	0.0019	0.0146	0.1152	0.4293	0.2806	0.114	0.0363	0.0072
18	99.2174	5e-04	0.0013	0.0066	0.0433	0.2908	0	0.3312	0.218	0.0767	0.0267	0.005
19	99.5133	0.001	0.0012	0.0074	0.029	0.145	0.2323	0.2918	0.1844	0.0762	0.0263	0.0055
20	99.691	0.001	0.0012	0.0048	0.0176	0.0704	0.1449	0	0.2809	0.2454	0.1596	0.0505	0.0192	0.0045
21	99.7886	0.0013	0.002	0.0054	0.0189	0.0569	0.1038	0.1383	0.2554	0.2215	0.1327	0.043	0.0166	0.0041
