Allele	DQA1_05_14__DQB1_06_107
Type	Standard
n_specificities	1
npep_u	1
npep_t	5000
spec_ids	1
L_core	9
L_N	0
L_C	0
CS_perL	1
pepL_lower	12
pepL_upper	21
n_diff_aa	20

PWM_norm.1	P1	P2	P3	P4	P5	P6	P7	P8	P9
A	1.1885	1.913	1.7847	3.3026	1.5258	3.0795	1.9745	1.785	3.7686
C	0.3471	0.0795	0.265	0.9677	0.1106	0.413	0.1431	0.0674	0.7986
D	0.4909	0.9181	1.3946	0.669	0.7809	0.1213	0.3967	0.6086	0.5692
E	0.7873	1.0439	0.6942	0.4341	0.9439	0.2425	1.007	0.8968	0.2411
F	1.5569	0.4548	1.4565	1.1213	0.7281	0.5654	0.7101	0.9309	0.2173
G	0.4161	1.4745	1.9376	1.1684	0.6738	0.4287	0.393	1.1238	2.5902
H	0.804	1.908	1.0324	0.3935	1.2306	0.1406	2.2775	0.4744	0.2432
I	2.6635	0.5728	0.7546	1.3811	1.084	2.383	0.5954	1.0766	0.7149
K	0.2738	1.1233	0.4549	0.2607	1.5298	0.1189	0.8337	0.8781	0.1006
L	1.0904	0.3651	0.4415	0.7478	0.8121	0.8846	0.7584	0.7911	0.2581
M	1.549	0.6358	0.8358	1.3848	0.66	0.7324	0.4602	0.4211	0.4261
N	0.9219	1.1213	0.7674	0.7759	0.951	0.1347	0.7798	0.7952	0.736
P	0.951	0.2225	0.6442	0.2518	0.8758	2.07	0.3485	2.0323	0.3193
Q	0.8639	1.1633	0.9174	0.3798	1.1683	0.1666	2.8835	0.6894	0.8126
R	0.1864	1.0809	0.4949	0.1749	1.1282	0.0583	2.5749	1.0822	0.0837
S	0.7625	1.1961	1.3924	1.4308	0.8616	0.7397	0.5713	1.0092	2.2817
T	0.9418	1.5275	1.1107	1.3427	1.1237	1.2107	0.4245	1.1004	1.3481
V	2.0313	0.7243	1.0822	1.5576	1.4269	3.3959	0.8144	0.8232	1.0149
W	2.2017	0.778	0.6531	0.5826	0.3251	0.1185	0.7005	0.4045	0.1134
Y	1.6847	1.4189	1.4121	0.5875	0.8466	0.3221	1.433	1.047	0.1642

pepL	alpha	w_s
12	99.5307	0.083	0.1488	0	0.3949	0.3733
13	98.9574	0.0263	0.0764	0.2382	0.4675	0.1916
14	98.3293	0.0043	0.0259	0.161	0	0.4702	0.2976	0.0409
15	98.0138	0.0017	0.0096	0.0839	0.3761	0.4093	0.0998	0.0197
16	98.2233	8e-04	0.0022	0.03	0.2337	0	0.522	0.1562	0.0472	0.0079
17	98.7349	8e-04	0.0019	0.0146	0.1152	0.4294	0.2806	0.114	0.0362	0.0072
18	99.2174	5e-04	0.0013	0.0066	0.0433	0.2908	0	0.3312	0.218	0.0767	0.0267	0.005
19	99.5134	0.001	0.0012	0.0074	0.029	0.145	0.2323	0.2917	0.1843	0.0762	0.0263	0.0055
20	99.6911	0.001	0.0012	0.0048	0.0176	0.0704	0.1449	0	0.2809	0.2453	0.1596	0.0505	0.0192	0.0045
21	99.7886	0.0013	0.002	0.0054	0.0189	0.0569	0.1038	0.1384	0.2552	0.2215	0.1327	0.043	0.0166	0.0041
