Allele	DQA1_05_13__DQB1_05_132Q
Type	Standard
n_specificities	1
npep_u	1
npep_t	5000
spec_ids	1
L_core	9
L_N	0
L_C	0
CS_perL	1
pepL_lower	12
pepL_upper	21
n_diff_aa	20

PWM_norm.1	P1	P2	P3	P4	P5	P6	P7	P8	P9
A	1.1885	1.4116	1.496	1.0187	1.1683	2.8803	1.3494	1.2673	1.8263
C	0.3471	0.0625	0.261	0.7071	0.1781	0.6322	0.5698	0.0625	0.1873
D	0.4909	1.0885	1.5137	0.8693	0.8439	0.4984	0.6854	1.2702	3.8968
E	0.7873	1.5996	0.6548	0.5196	1.0616	0.4369	1.2191	1.1376	2.9505
F	1.5569	0.7955	1.4303	3.2707	0.7884	0.306	0.8174	1.2781	0.4122
G	0.4161	0.5699	1.6083	0.5593	0.6907	0.6456	0.692	0.6324	1.1597
H	0.804	1.8546	1.6075	2.0424	1.1886	0.2116	2.3051	0.4255	0.8218
I	2.6635	0.9489	0.8211	1.3527	1.0808	1.8835	0.9322	1.2233	0.4913
K	0.2738	0.7633	0.6085	0.5398	1.3874	0.2378	0.925	1.2575	0.1381
L	1.0904	0.6655	0.4237	0.8604	0.9451	0.6417	0.9078	0.7636	0.2537
M	1.549	0.5484	0.7793	2.212	0.7898	0.4907	0.8771	0.6609	0.4535
N	0.9219	1.7189	0.8632	0.8084	0.8992	0.2372	1.7159	0.7031	0.7431
P	0.951	0.0871	0.6	0.3456	1.0443	2.4512	0.4394	1.5016	0.2214
Q	0.8639	0.9778	1.174	0.8387	1.2041	0.213	1.8038	0.7732	1.1361
R	0.1864	1.711	0.535	0.4176	1.016	0.122	1.1181	1.3739	0.1082
S	0.7625	1.1629	1.3597	0.4689	0.8156	1.026	0.718	0.846	1.1889
T	0.9418	1.2644	1.0242	0.5835	1.14	1.2828	0.6046	0.9547	0.9213
V	2.0313	0.7105	0.9749	0.8867	1.3457	2.6335	0.9895	0.8063	0.5686
W	2.2017	0.6149	0.8499	5.6697	0.4285	0.1176	1.1842	0.6348	0.1299
Y	1.6847	1.1165	1.8805	3.7405	1.0177	0.2601	1.1707	1.5454	0.2159

pepL	alpha	w_s
12	99.5307	0.083	0.1488	0	0.3949	0.3733
13	98.9574	0.0263	0.0764	0.2382	0.4675	0.1916
14	98.3293	0.0043	0.0259	0.161	0	0.4702	0.2976	0.0409
15	98.0138	0.0017	0.0096	0.0839	0.3761	0.4093	0.0998	0.0197
16	98.2233	8e-04	0.0022	0.03	0.2337	0	0.522	0.1562	0.0472	0.0079
17	98.7349	8e-04	0.0019	0.0146	0.1152	0.4294	0.2806	0.114	0.0362	0.0072
18	99.2174	5e-04	0.0013	0.0066	0.0433	0.2908	0	0.3312	0.218	0.0767	0.0267	0.005
19	99.5134	0.001	0.0012	0.0074	0.029	0.145	0.2323	0.2917	0.1843	0.0762	0.0263	0.0055
20	99.6911	0.001	0.0012	0.0048	0.0176	0.0704	0.1449	0	0.2809	0.2453	0.1596	0.0505	0.0192	0.0045
21	99.7886	0.0013	0.002	0.0054	0.0189	0.0569	0.1038	0.1384	0.2552	0.2215	0.1327	0.043	0.0166	0.0041
