Allele	DQA1_01_14__DQB1_05_01
Type	Standard
n_specificities	1
npep_u	1
npep_t	5000
spec_ids	1
L_core	9
L_N	0
L_C	0
CS_perL	1
pepL_lower	12
pepL_upper	21
n_diff_aa	20

PWM_norm.1	P1	P2	P3	P4	P5	P6	P7	P8	P9
A	0.9709	0.8879	0.6488	0.4085	0.5841	1.0845	1.0067	0.9303	1.0381
C	0.1551	0.1593	0.13	0.1313	0.3089	0.2766	0.1674	0.1478	0.1688
D	0.4195	0.6598	1.4112	0.2455	1.3401	6.7519	1.9639	0.9425	2.1993
E	0.7261	1.2004	0.2694	0.1695	1.2818	1.0918	1.1835	1.5197	1.4218
F	0.5309	0.4534	0.3739	6.7477	0.6861	0.1943	0.4614	1.8624	1.4398
G	0.3688	0.5241	0.6097	0.1259	0.7637	0.3389	0.3228	0.3727	0.7708
H	0.7552	1.7206	1.2149	2.3292	1.5693	0.2245	1.9035	0.3635	1.0679
I	2.1248	0.7006	0.3886	0.7219	1.0422	1.8489	0.9783	1.668	2.2356
K	0.1694	1.5511	0.3396	0.1796	1.3742	0.3013	0.7937	0.9429	0.2099
L	1.4783	0.5257	0.1273	0.5657	0.7686	0.8496	0.4789	0.9276	1.0837
M	0.8906	0.4653	0.1756	1.7275	0.592	0.6348	0.446	1.5657	1.1858
N	3.9275	0.8427	0.2749	0.2384	1.2872	0.7787	0.9321	0.8797	0.8077
P	0.1632	0.0838	0.1595	0.0502	1.098	0.5804	2.2139	0.9852	0.1846
Q	1.657	1.5646	0.7847	0.4249	1.3141	0.3489	1.6977	0.9419	2.2332
R	0.1114	1.8592	0.0972	0.171	0.9955	0.1936	0.5501	0.7939	0.2535
S	1.5987	1.0305	2.9738	0.1317	0.7007	0.5213	0.8275	0.5839	0.5213
T	0.9065	1.9048	7.2113	0.209	1.0849	0.8706	0.8666	0.8527	0.5406
V	1.5782	1.842	0.1632	0.4504	1.2941	1.5472	1.3948	1.1451	1.3392
W	0.2657	0.4249	0.2255	13.4339	0.2838	0.1805	0.5134	0.7426	0.4655
Y	0.3011	0.6904	0.3499	9.4239	1.2858	0.2038	0.8323	2.587	0.8876

pepL	alpha	w_s
12	99.5307	0.083	0.1488	0	0.3949	0.3734
13	98.9575	0.0263	0.0764	0.2382	0.4675	0.1916
14	98.3294	0.0043	0.0259	0.161	0	0.4702	0.2977	0.0409
15	98.0139	0.0017	0.0096	0.0839	0.376	0.4093	0.0998	0.0197
16	98.2233	8e-04	0.0022	0.03	0.2337	0	0.5219	0.1563	0.0471	0.0079
17	98.735	8e-04	0.0019	0.0146	0.1152	0.4293	0.2806	0.114	0.0363	0.0072
18	99.2174	5e-04	0.0013	0.0066	0.0433	0.2908	0	0.3312	0.218	0.0767	0.0267	0.005
19	99.5133	0.001	0.0012	0.0074	0.029	0.145	0.2323	0.2918	0.1844	0.0762	0.0263	0.0055
20	99.691	0.001	0.0012	0.0048	0.0176	0.0704	0.1449	0	0.2809	0.2454	0.1596	0.0505	0.0192	0.0045
21	99.7886	0.0013	0.002	0.0054	0.0189	0.0569	0.1038	0.1383	0.2554	0.2215	0.1327	0.043	0.0166	0.0041
