Allele	DQA1_01_04__DQB1_03_04
Type	Standard
n_specificities	1
npep_u	1
npep_t	5000
spec_ids	1
L_core	9
L_N	0
L_C	0
CS_perL	1
pepL_lower	12
pepL_upper	21
n_diff_aa	20

PWM_norm.1	P1	P2	P3	P4	P5	P6	P7	P8	P9
A	0.8815	1.3092	3.0073	4.7828	1.6481	1.9939	2.5198	1.199	0.6913
C	0.5166	0.2173	0.186	0.1473	0.1291	0.423	0.2569	0.1078	0.0999
D	1.0308	0.6723	0.5141	0.1287	0.8718	2.0697	0.5516	0.8272	4.0662
E	0.9947	1.0467	0.3995	0.0498	1.3892	0.3603	1.2622	1.511	4.851
F	1.4874	0.4446	0.4389	0.394	0.3664	0.1411	0.6577	0.7012	0.582
G	0.5118	0.6772	5.8086	3.9569	0.4243	0.4461	0.7354	0.8009	0.8232
H	1.3917	2.3114	1.1006	0.234	1.4655	0.1679	1.1971	0.9492	0.8739
I	1.9505	0.7997	0.142	0.3907	0.8877	2.9482	0.8807	0.9272	0.645
K	0.5359	1.3223	0.1792	0.1272	1.6944	0.2769	0.4748	0.9709	0.2172
L	0.932	0.5004	0.2085	0.0868	0.7188	1.1737	0.6324	0.8989	0.3823
M	1.1562	0.6127	0.2554	0.1076	0.4085	0.7369	0.5414	0.6277	0.6092
N	1.2651	1.2957	0.5091	0.3042	0.9156	0.5506	1.2459	0.8395	0.4609
P	0.8307	0.1267	1.2108	0.0644	0.2206	1.1304	0.7061	1.4679	0.2125
Q	1.2083	1.3971	0.6315	0.0652	1.5369	0.1933	1.5714	1.0204	1.1587
R	0.7089	1.5742	0.3655	0.1152	1.0618	0.1468	1.1245	1.3689	0.1966
S	0.7357	0.997	0.9341	2.4297	0.8571	0.7641	1.185	0.805	0.4837
T	0.8011	1.8421	0.3103	0.9053	1.2513	1.4702	0.7419	0.8895	0.4276
V	1.5286	0.9968	0.1247	0.9945	1.751	2.5862	1.0813	0.9692	0.5578
W	1.718	1.4582	0.0973	0.1536	0.2337	0.0727	0.594	0.5405	0.3428
Y	1.4138	1.1825	0.7289	0.1061	0.6619	0.1199	0.7492	1.3543	0.6532

pepL	alpha	w_s
12	99.5307	0.083	0.1488	0	0.3949	0.3734
13	98.9575	0.0263	0.0764	0.2382	0.4675	0.1916
14	98.3294	0.0043	0.0259	0.161	0	0.4702	0.2977	0.0409
15	98.0139	0.0017	0.0096	0.0839	0.376	0.4093	0.0998	0.0197
16	98.2233	8e-04	0.0022	0.03	0.2337	0	0.5219	0.1563	0.0471	0.0079
17	98.735	8e-04	0.0019	0.0146	0.1152	0.4293	0.2806	0.114	0.0363	0.0072
18	99.2174	5e-04	0.0013	0.0066	0.0433	0.2908	0	0.3312	0.218	0.0767	0.0267	0.005
19	99.5133	0.001	0.0012	0.0074	0.029	0.145	0.2323	0.2918	0.1844	0.0762	0.0263	0.0055
20	99.691	0.001	0.0012	0.0048	0.0176	0.0704	0.1449	0	0.2809	0.2454	0.1596	0.0505	0.0192	0.0045
21	99.7886	0.0013	0.002	0.0054	0.0189	0.0569	0.1038	0.1383	0.2554	0.2215	0.1327	0.043	0.0166	0.0041
