Allele	DQA1_04_02__DQB1_06_19
Type	Standard
n_specificities	1
npep_u	1
npep_t	5000
spec_ids	1
L_core	9
L_N	0
L_C	0
CS_perL	1
pepL_lower	12
pepL_upper	21
n_diff_aa	20

PWM_norm.1	P1	P2	P3	P4	P5	P6	P7	P8	P9
A	1.1787	1.9443	2.3185	4.1833	1.8031	3.0198	2.0556	1.6689	2.705
C	0.3448	0.0769	0.2233	0.7488	0.0971	0.5683	0.1438	0.1831	0.9468
D	0.6228	0.9028	1.0941	0.498	0.6483	0.1203	0.4101	0.5241	0.5814
E	0.8444	1.0103	0.8974	0.3006	0.8799	0.2195	1.0414	1.1834	0.3494
F	1.3449	0.4744	0.9715	0.7768	0.6338	0.4999	0.6549	0.615	0.3185
G	0.4354	1.4331	2.4171	1.096	0.6301	0.4906	0.3662	0.8962	2.1341
H	0.7341	1.8955	0.7473	0.519	1.2876	0.1235	2.3331	0.9551	0.5104
I	2.5631	0.5654	0.6675	0.994	0.9887	2.3239	0.5835	1.05	1.1094
K	0.2376	1.1563	0.362	0.22	1.5379	0.0999	0.7607	0.709	0.2518
L	1.1524	0.3739	0.4571	0.5626	0.7824	0.8585	0.7609	0.5869	0.4706
M	1.4373	0.6172	0.664	0.822	0.5948	0.825	0.4946	0.5488	0.5934
N	0.9188	1.1284	0.7435	0.8676	0.6801	0.2462	0.7691	0.9225	1.2226
P	0.9513	0.2115	0.8734	0.2008	0.8586	2.0303	0.326	2.1311	0.451
Q	0.9635	1.1424	0.6267	0.2997	1.2134	0.2118	2.8524	0.9514	0.6758
R	0.1522	1.0842	0.595	0.1518	1.1411	0.0694	2.5671	0.8988	0.2104
S	0.901	1.1903	1.1476	1.909	0.8691	0.7326	0.5865	0.9943	2.0148
T	0.9514	1.5682	0.8814	1.4065	1.1152	1.3771	0.4165	1.2563	1.3016
V	2.0886	0.7243	1.1723	1.5122	1.6819	3.2877	0.8565	1.0058	1.4137
W	1.7207	0.7712	0.6292	0.3379	0.3102	0.1215	0.5894	0.5043	0.2132
Y	1.25	1.4546	1.0726	0.289	0.7502	0.2876	1.3929	0.9807	0.3244

pepL	alpha	w_s
12	99.5307	0.083	0.1488	0	0.3949	0.3734
13	98.9575	0.0263	0.0764	0.2382	0.4675	0.1916
14	98.3294	0.0043	0.0259	0.161	0	0.4702	0.2977	0.0409
15	98.0139	0.0017	0.0096	0.0839	0.376	0.4093	0.0998	0.0197
16	98.2233	8e-04	0.0022	0.03	0.2337	0	0.5219	0.1563	0.0471	0.0079
17	98.735	8e-04	0.0019	0.0146	0.1152	0.4293	0.2806	0.114	0.0363	0.0072
18	99.2174	5e-04	0.0013	0.0066	0.0433	0.2908	0	0.3312	0.218	0.0767	0.0267	0.005
19	99.5133	0.001	0.0012	0.0074	0.029	0.145	0.2323	0.2918	0.1844	0.0762	0.0263	0.0055
20	99.691	0.001	0.0012	0.0048	0.0176	0.0704	0.1449	0	0.2809	0.2454	0.1596	0.0505	0.0192	0.0045
21	99.7886	0.0013	0.002	0.0054	0.0189	0.0569	0.1038	0.1383	0.2554	0.2215	0.1327	0.043	0.0166	0.0041
