Allele	DQA1_03_01__DQB1_03_02
Type	Standard
n_specificities	1
npep_u	1
npep_t	5150
spec_ids	1
L_core	9
L_N	0
L_C	0
CS_perL	1
pepL_lower	12
pepL_upper	21
n_diff_aa	20

PWM_norm.1	P1	P2	P3	P4	P5	P6	P7	P8	P9
A	0.9499	1.6851	2.2746	3.5556	1.5761	3.3101	2.3792	1.3964	0.5223
C	0.0547	0.0306	0.0586	0.3174	0.0847	0.0454	0.0839	0.0218	0.0153
D	5.1007	1.3586	1.2842	0.7592	0.7462	0.3332	0.8775	0.5771	3.6956
E	2.309	1.5688	0.9633	0.4225	1.1088	0.1962	2.2355	1.9779	7.8078
F	1.0768	0.6363	1.0089	1.2185	0.8237	0.1874	1.164	0.8011	0.1371
G	0.6779	1.2318	2.5644	0.6178	0.7188	0.666	0.8091	1.1718	0.7005
H	0.2684	1.4219	0.5894	0.1091	1.1399	0.0781	0.5492	0.7897	0.5467
I	1.1513	0.6358	0.8009	2.1667	1.3546	2.0786	0.8973	0.7388	0.111
K	0.1089	1.2363	0.3526	0.0522	1.0187	0.0253	0.5438	1.0792	0.0445
L	0.5155	0.5272	0.5039	0.7183	0.8359	0.5109	0.5976	0.6594	0.1234
M	0.3037	0.2713	0.5887	0.7076	0.5683	0.4044	0.2213	0.7012	0.5206
N	0.2674	0.8148	0.6491	0.562	0.3696	0.0548	1.08	0.418	0.3029
P	1.4372	0.5646	0.8772	0.1612	0.9072	3.3318	0.4562	1.4947	0.1589
Q	0.4203	1.0799	0.4721	0.2386	1.3322	0.0843	1.3779	1.0209	0.9592
R	0.2161	0.8071	0.564	0.0201	0.8656	0.0186	0.6785	0.8764	0.0756
S	0.7182	0.9621	1.0151	1.5966	0.9243	1.0917	1.1656	0.8354	0.2636
T	0.6155	1.3332	0.6794	1.9946	0.9877	1.322	0.5731	0.9763	0.1264
V	0.8905	0.8255	1.4374	2.0412	1.936	2.4797	0.8306	1.1207	0.2905
W	1.141	0.1294	0.5808	0.0185	0.6429	0.0158	0.379	0.4093	0.0167
Y	0.8823	1.5495	0.9482	0.0449	0.6101	0.2208	1.2106	1.1007	0.328

pepL	alpha	w_s
12	99.5307	0.083	0.1488	0	0.3949	0.3734
13	98.9575	0.0263	0.0764	0.2382	0.4675	0.1916
14	98.3294	0.0043	0.0259	0.161	0	0.4702	0.2977	0.0409
15	98.0139	0.0017	0.0096	0.0839	0.376	0.4093	0.0998	0.0197
16	98.2233	8e-04	0.0022	0.03	0.2337	0	0.5219	0.1563	0.0471	0.0079
17	98.735	8e-04	0.0019	0.0146	0.1152	0.4293	0.2806	0.114	0.0363	0.0072
18	99.2174	5e-04	0.0013	0.0066	0.0433	0.2908	0	0.3312	0.218	0.0767	0.0267	0.005
19	99.5133	0.001	0.0012	0.0074	0.029	0.145	0.2323	0.2918	0.1844	0.0762	0.0263	0.0055
20	99.691	0.001	0.0012	0.0048	0.0176	0.0704	0.1449	0	0.2809	0.2454	0.1596	0.0505	0.0192	0.0045
21	99.7886	0.0013	0.002	0.0054	0.0189	0.0569	0.1038	0.1383	0.2554	0.2215	0.1327	0.043	0.0166	0.0041
