Allele	DQA1_06_01__DQB1_02_102
Type	Standard
n_specificities	1
npep_u	1
npep_t	5000
spec_ids	1
L_core	9
L_N	0
L_C	0
CS_perL	1
pepL_lower	12
pepL_upper	21
n_diff_aa	20

PWM_norm.1	P1	P2	P3	P4	P5	P6	P7	P8	P9
A	1.1922	1.4116	0.5495	1.0296	0.8342	1.8811	0.8467	1.2045	0.6812
C	0.1372	0.0625	0.1092	0.9311	0.0861	0.2778	0.1159	0.1096	0.1205
D	0.1631	1.0885	1.3162	3.4815	1.4003	1.8362	3.5585	0.8105	1.1898
E	0.3935	1.5996	0.2696	1.7967	2.2011	2.851	3.4055	1.5575	2.2363
F	2.3087	0.7955	0.529	0.3717	0.9515	0.2312	0.4355	0.6804	1.4813
G	0.1576	0.5699	0.3566	0.456	1.1159	0.3701	0.7348	0.8137	0.2911
H	0.2892	1.8546	0.2385	0.1894	0.9501	0.2679	0.7954	0.9832	0.4349
I	3.2157	0.9489	0.2466	2.4212	0.7081	0.9176	0.7404	0.905	1.9986
K	0.1467	0.7633	0.1934	0.0592	1.1656	0.1314	0.2462	0.9584	0.1638
L	0.8856	0.6655	0.0783	1.3279	0.4953	0.5744	0.7977	0.8973	1.8924
M	1.4597	0.5484	0.2543	1.236	0.4713	0.4383	0.2793	0.6251	3.145
N	0.095	1.7189	0.2318	0.7068	1.1051	0.447	1.2761	0.8107	0.371
P	2.4256	0.0871	0.1012	0.0567	0.6366	1.6869	0.8179	1.507	0.1171
Q	0.2407	0.9778	0.5859	1.3373	1.2265	0.5835	1.0618	0.9881	0.7155
R	0.1058	1.711	0.0808	0.0541	0.9259	0.1013	0.2516	1.3455	0.4416
S	0.237	1.1629	3.9377	0.4281	1.0343	0.786	0.5468	0.793	0.4797
T	0.509	1.2644	7.2189	0.8178	1.2982	1.0623	0.5381	0.8986	0.5901
V	2.6441	0.7105	0.2209	1.889	0.7055	2.1431	0.6879	0.96	1.0863
W	4.1428	0.6149	0.2804	0.209	0.3273	0.1051	0.2585	0.5459	3.4619
Y	3.0483	1.1165	0.193	0.1417	1.1747	0.2321	0.9205	1.3694	1.4282

pepL	alpha	w_s
12	99.5307	0.083	0.1488	0	0.3949	0.3733
13	98.9574	0.0263	0.0764	0.2382	0.4675	0.1916
14	98.3293	0.0043	0.0259	0.161	0	0.4702	0.2976	0.0409
15	98.0138	0.0017	0.0096	0.0839	0.3761	0.4093	0.0998	0.0197
16	98.2233	8e-04	0.0022	0.03	0.2337	0	0.522	0.1562	0.0472	0.0079
17	98.7349	8e-04	0.0019	0.0146	0.1152	0.4294	0.2806	0.114	0.0362	0.0072
18	99.2174	5e-04	0.0013	0.0066	0.0433	0.2908	0	0.3312	0.218	0.0767	0.0267	0.005
19	99.5134	0.001	0.0012	0.0074	0.029	0.145	0.2323	0.2917	0.1843	0.0762	0.0263	0.0055
20	99.6911	0.001	0.0012	0.0048	0.0176	0.0704	0.1449	0	0.2809	0.2453	0.1596	0.0505	0.0192	0.0045
21	99.7886	0.0013	0.002	0.0054	0.0189	0.0569	0.1038	0.1384	0.2552	0.2215	0.1327	0.043	0.0166	0.0041
