Allele	DQA1_02_01__DQB1_03_254
Type	Standard
n_specificities	1
npep_u	1
npep_t	5000
spec_ids	1
L_core	9
L_N	0
L_C	0
CS_perL	1
pepL_lower	12
pepL_upper	21
n_diff_aa	20

PWM_norm.1	P1	P2	P3	P4	P5	P6	P7	P8	P9
A	1.0809	1.913	1.8985	4.434	1.5764	3.3468	2.4157	1.4941	2.2044
C	0.1901	0.0795	0.2639	0.1536	0.087	0.5667	0.2548	0.1665	0.7602
D	0.5098	0.9181	0.7437	0.2321	0.6756	0.204	0.5295	0.5499	0.7273
E	0.7738	1.0439	0.5058	0.0842	1.1648	0.3044	1.1505	1.2993	0.4498
F	1.4793	0.4548	0.3861	0.484	0.4278	0.1876	0.6814	0.511	0.2852
G	0.4485	1.4745	1.172	5.4169	0.5686	0.4891	0.7553	0.8918	1.7358
H	0.7179	1.908	0.4824	0.2329	1.267	0.1099	1.1374	0.9725	0.8872
I	1.9497	0.5728	0.4414	0.2032	0.9231	1.8243	1.0999	1.0515	1.2624
K	0.2675	1.1233	0.3541	0.1189	1.513	0.1308	0.4925	0.7812	0.301
L	0.6806	0.3651	0.1707	0.0698	0.8431	0.5693	0.6461	0.4555	0.4606
M	1.0761	0.6358	0.2637	0.1047	0.4919	0.3257	0.6401	0.3912	0.4825
N	0.1697	1.1213	0.5426	0.3596	0.7756	0.1372	1.2392	0.8763	1.6905
P	2.2919	0.2225	0.4375	0.0921	0.4935	2.476	0.7091	2.1393	0.5969
Q	0.8174	1.1633	0.4525	0.0852	1.1114	0.1115	1.59	0.975	0.626
R	0.4291	1.0809	0.4374	0.1146	1.1555	0.0794	1.1911	0.8885	0.2189
S	0.479	1.1961	3.0544	2.0458	0.8605	1.0455	1.0449	0.9531	2.0827
T	1.2851	1.5275	4.2796	0.6393	1.034	1.2272	0.7771	1.4499	1.2922
V	2.4859	0.7243	0.4084	0.5099	2.2333	3.3626	1.2179	1.224	1.4904
W	1.9429	0.778	0.5839	0.1421	0.3063	0.0551	0.623	0.394	0.287
Y	1.9771	1.4189	0.4056	0.1061	0.8354	0.1444	0.6878	0.9915	0.3592

pepL	alpha	w_s
12	99.5307	0.083	0.1488	0	0.3949	0.3733
13	98.9574	0.0263	0.0764	0.2382	0.4675	0.1916
14	98.3293	0.0043	0.0259	0.161	0	0.4702	0.2976	0.0409
15	98.0138	0.0017	0.0096	0.0839	0.3761	0.4093	0.0998	0.0197
16	98.2233	8e-04	0.0022	0.03	0.2337	0	0.522	0.1562	0.0472	0.0079
17	98.7349	8e-04	0.0019	0.0146	0.1152	0.4294	0.2806	0.114	0.0362	0.0072
18	99.2174	5e-04	0.0013	0.0066	0.0433	0.2908	0	0.3312	0.218	0.0767	0.0267	0.005
19	99.5134	0.001	0.0012	0.0074	0.029	0.145	0.2323	0.2917	0.1843	0.0762	0.0263	0.0055
20	99.6911	0.001	0.0012	0.0048	0.0176	0.0704	0.1449	0	0.2809	0.2453	0.1596	0.0505	0.0192	0.0045
21	99.7886	0.0013	0.002	0.0054	0.0189	0.0569	0.1038	0.1384	0.2552	0.2215	0.1327	0.043	0.0166	0.0041
