Allele	DQA1_04_05__DQB1_06_218
Type	Standard
n_specificities	1
npep_u	1
npep_t	5000
spec_ids	1
L_core	9
L_N	0
L_C	0
CS_perL	1
pepL_lower	12
pepL_upper	21
n_diff_aa	20

PWM_norm.1	P1	P2	P3	P4	P5	P6	P7	P8	P9
A	1.1885	1.913	2.2163	4.3734	1.4934	2.3678	0.8954	1.6177	3.1854
C	0.3471	0.0795	0.278	0.6824	0.0979	0.3793	0.1977	0.1716	0.402
D	0.4909	0.9181	1.0586	0.405	0.6298	3.7294	0.8045	0.5142	1.2149
E	0.7873	1.0439	0.9032	0.2215	0.9234	1.0149	0.8986	1.2261	0.554
F	1.5569	0.4548	1.0487	0.7757	0.851	0.1628	0.9408	0.6187	0.1528
G	0.4161	1.4745	2.2995	1.2691	0.6895	0.4617	0.2209	0.877	1.8059
H	0.804	1.908	0.7646	0.3785	1.4923	0.1097	2.12	0.9366	0.6305
I	2.6635	0.5728	0.7432	0.9574	0.95	1.3834	1.0575	1.0367	0.5845
K	0.2738	1.1233	0.3937	0.1837	1.6653	0.1089	0.657	0.7525	0.2126
L	1.0904	0.3651	0.4773	0.4557	0.7423	0.56	0.5337	0.5769	0.2638
M	1.549	0.6358	0.7244	0.6854	0.5643	0.3416	0.5771	0.545	0.3642
N	0.9219	1.1213	0.8184	0.7201	0.6937	0.5155	0.7275	0.9046	1.5259
P	0.951	0.2225	0.8711	0.2017	0.7737	1.6368	2.8554	2.1045	0.2732
Q	0.8639	1.1633	0.6661	0.2081	1.0409	0.2434	1.2523	0.9468	0.8075
R	0.1864	1.0809	0.6115	0.1186	1.0919	0.0737	0.7712	0.9217	0.154
S	0.7625	1.1961	1.0696	2.0522	1.0679	0.87	0.7952	1.0171	2.5866
T	0.9418	1.5275	0.7597	1.5414	1.0236	1.122	1.168	1.2686	1.2135
V	2.0313	0.7243	1.3135	1.5513	1.7323	2.1562	1.6474	1.0117	0.8769
W	2.2017	0.778	0.6427	0.2571	0.4628	0.0702	1.027	0.4964	0.1033
Y	1.6847	1.4189	1.1628	0.2441	0.7727	0.1604	0.9974	0.9943	0.1472

pepL	alpha	w_s
12	99.5307	0.083	0.1488	0	0.3949	0.3733
13	98.9574	0.0263	0.0764	0.2382	0.4675	0.1916
14	98.3293	0.0043	0.0259	0.161	0	0.4702	0.2976	0.0409
15	98.0138	0.0017	0.0096	0.0839	0.3761	0.4093	0.0998	0.0197
16	98.2233	8e-04	0.0022	0.03	0.2337	0	0.522	0.1562	0.0472	0.0079
17	98.7349	8e-04	0.0019	0.0146	0.1152	0.4294	0.2806	0.114	0.0362	0.0072
18	99.2174	5e-04	0.0013	0.0066	0.0433	0.2908	0	0.3312	0.218	0.0767	0.0267	0.005
19	99.5134	0.001	0.0012	0.0074	0.029	0.145	0.2323	0.2917	0.1843	0.0762	0.0263	0.0055
20	99.6911	0.001	0.0012	0.0048	0.0176	0.0704	0.1449	0	0.2809	0.2453	0.1596	0.0505	0.0192	0.0045
21	99.7886	0.0013	0.002	0.0054	0.0189	0.0569	0.1038	0.1384	0.2552	0.2215	0.1327	0.043	0.0166	0.0041
