Allele	DQA1_06_01__DQB1_03_239
Type	Standard
n_specificities	1
npep_u	1
npep_t	5000
spec_ids	1
L_core	9
L_N	0
L_C	0
CS_perL	1
pepL_lower	12
pepL_upper	21
n_diff_aa	20

PWM_norm.1	P1	P2	P3	P4	P5	P6	P7	P8	P9
A	1.1922	1.913	0.9598	2.644	1.5953	3.1035	2.1362	1.6177	2.2223
C	0.1372	0.0795	0.1663	0.7179	0.1331	0.4859	0.2784	0.1716	0.6191
D	0.1631	0.9181	0.9906	0.6064	0.6714	0.5388	0.652	0.5142	0.8494
E	0.3935	1.0439	0.5908	0.4798	0.993	0.37	1.7718	1.2261	0.5656
F	2.3087	0.4548	0.3225	0.7806	0.7154	0.1615	0.9125	0.6187	0.3118
G	0.1576	1.4745	0.5619	0.9325	0.7114	0.6069	0.7338	0.877	1.9766
H	0.2892	1.908	0.2686	0.4339	1.2157	0.1238	1.267	0.9366	0.9206
I	3.2157	0.5728	0.4203	1.7075	0.9474	1.6435	0.8402	1.0367	1.0653
K	0.1467	1.1233	0.2842	0.1607	1.3061	0.1494	0.5682	0.7525	0.4682
L	0.8856	0.3651	0.1234	0.7772	0.7823	0.5198	0.7095	0.5769	0.3302
M	1.4597	0.6358	0.212	0.7544	0.5992	0.3431	0.4948	0.545	0.4799
N	0.095	1.1213	0.3731	0.7359	0.6246	0.283	1.2055	0.9046	1.4811
P	2.4256	0.2225	0.2292	0.1599	0.9189	2.5111	0.5476	2.1045	0.6263
Q	0.2407	1.1633	0.3679	0.3807	1.3048	0.1652	1.4868	0.9468	0.7371
R	0.1058	1.0809	0.1642	0.1227	0.9967	0.0862	0.9213	0.9217	0.3249
S	0.237	1.1961	3.1705	1.5546	0.8965	1.2224	1.086	1.0171	2.0226
T	0.509	1.5275	6.8695	2.1432	1.2402	1.2745	0.7028	1.2686	1.2247
V	2.6441	0.7243	0.422	2.3703	1.6991	2.9291	0.9454	1.0117	1.2508
W	4.1428	0.778	0.5608	0.2646	0.4826	0.0604	0.7124	0.4964	0.2447
Y	3.0483	1.4189	0.2066	0.2383	0.8568	0.1451	1.0466	0.9943	0.3559

pepL	alpha	w_s
12	99.5307	0.083	0.1488	0	0.3949	0.3733
13	98.9574	0.0263	0.0764	0.2382	0.4675	0.1916
14	98.3293	0.0043	0.0259	0.161	0	0.4702	0.2976	0.0409
15	98.0138	0.0017	0.0096	0.0839	0.3761	0.4093	0.0998	0.0197
16	98.2233	8e-04	0.0022	0.03	0.2337	0	0.522	0.1562	0.0472	0.0079
17	98.7349	8e-04	0.0019	0.0146	0.1152	0.4294	0.2806	0.114	0.0362	0.0072
18	99.2174	5e-04	0.0013	0.0066	0.0433	0.2908	0	0.3312	0.218	0.0767	0.0267	0.005
19	99.5134	0.001	0.0012	0.0074	0.029	0.145	0.2323	0.2917	0.1843	0.0762	0.0263	0.0055
20	99.6911	0.001	0.0012	0.0048	0.0176	0.0704	0.1449	0	0.2809	0.2453	0.1596	0.0505	0.0192	0.0045
21	99.7886	0.0013	0.002	0.0054	0.0189	0.0569	0.1038	0.1384	0.2552	0.2215	0.1327	0.043	0.0166	0.0041
