Allele	DQA1_06_01__DQB1_03_05
Type	Standard
n_specificities	1
npep_u	1
npep_t	5000
spec_ids	1
L_core	9
L_N	0
L_C	0
CS_perL	1
pepL_lower	12
pepL_upper	21
n_diff_aa	20

PWM_norm.1	P1	P2	P3	P4	P5	P6	P7	P8	P9
A	1.1922	1.913	0.9598	2.6213	1.5953	3.1035	2.1362	1.2045	0.6341
C	0.1372	0.0795	0.1663	0.6994	0.1331	0.4859	0.2784	0.1096	0.119
D	0.1631	0.9181	0.9906	0.594	0.6714	0.5388	0.652	0.8105	4.7171
E	0.3935	1.0439	0.5908	0.4556	0.993	0.37	1.7718	1.5575	5.177
F	2.3087	0.4548	0.3225	1.4707	0.7154	0.1615	0.9125	0.6804	0.5981
G	0.1576	1.4745	0.5619	1.5581	0.7114	0.6069	0.7338	0.8137	0.6582
H	0.2892	1.908	0.2686	0.7823	1.2157	0.1238	1.267	0.9832	0.8219
I	3.2157	0.5728	0.4203	1.1756	0.9474	1.6435	0.8402	0.905	0.477
K	0.1467	1.1233	0.2842	0.28	1.3061	0.1494	0.5682	0.9584	0.2294
L	0.8856	0.3651	0.1234	0.5453	0.7823	0.5198	0.7095	0.8973	0.3377
M	1.4597	0.6358	0.212	0.8008	0.5992	0.3431	0.4948	0.6251	0.5809
N	0.095	1.1213	0.3731	0.8504	0.6246	0.283	1.2055	0.8107	0.411
P	2.4256	0.2225	0.2292	0.2623	0.9189	2.5111	0.5476	1.507	0.2274
Q	0.2407	1.1633	0.3679	0.4493	1.3048	0.1652	1.4868	0.9881	0.763
R	0.1058	1.0809	0.1642	0.2231	0.9967	0.0862	0.9213	1.3455	0.1999
S	0.237	1.1961	3.1705	1.5839	0.8965	1.2224	1.086	0.793	0.429
T	0.509	1.5275	6.8695	1.6606	1.2402	1.2745	0.7028	0.8986	0.394
V	2.6441	0.7243	0.422	1.6316	1.6991	2.9291	0.9454	0.96	0.4834
W	4.1428	0.778	0.5608	0.8183	0.4826	0.0604	0.7124	0.5459	0.3477
Y	3.0483	1.4189	0.2066	0.6214	0.8568	0.1451	1.0466	1.3694	0.7395

pepL	alpha	w_s
12	99.5307	0.083	0.1488	0	0.3949	0.3733
13	98.9574	0.0263	0.0764	0.2382	0.4675	0.1916
14	98.3293	0.0043	0.0259	0.161	0	0.4702	0.2976	0.0409
15	98.0138	0.0017	0.0096	0.0839	0.3761	0.4093	0.0998	0.0197
16	98.2233	8e-04	0.0022	0.03	0.2337	0	0.522	0.1562	0.0472	0.0079
17	98.7349	8e-04	0.0019	0.0146	0.1152	0.4294	0.2806	0.114	0.0362	0.0072
18	99.2174	5e-04	0.0013	0.0066	0.0433	0.2908	0	0.3312	0.218	0.0767	0.0267	0.005
19	99.5134	0.001	0.0012	0.0074	0.029	0.145	0.2323	0.2917	0.1843	0.0762	0.0263	0.0055
20	99.6911	0.001	0.0012	0.0048	0.0176	0.0704	0.1449	0	0.2809	0.2453	0.1596	0.0505	0.0192	0.0045
21	99.7886	0.0013	0.002	0.0054	0.0189	0.0569	0.1038	0.1384	0.2552	0.2215	0.1327	0.043	0.0166	0.0041
