Allele	DRB1_12_01
Type	Standard
n_specificities	1
npep_u	1
npep_t	47659
spec_ids	1
L_core	9
L_N	0
L_C	0
CS_perL	1
pepL_lower	12
pepL_upper	21
n_diff_aa	20

PWM_norm.1	P1	P2	P3	P4	P5	P6	P7	P8	P9
A	0.0868	1.1342	1.2894	0.091	0.7747	2.5388	0.5756	0.8912	0.4563
C	0.0791	0.137	0.6437	0.0453	0.3204	0.29	0.1291	0.2985	0.1168
D	0.0097	0.6436	0.4012	0.0337	0.9003	0.3366	0.4176	0.7621	0.5759
E	0.007	1.0962	0.6556	0.2277	0.8491	0.9897	0.9879	0.5958	0.4168
F	0.719	0.6603	1.323	0.6737	0.4133	0.7536	1.3819	0.9015	6.3864
G	0.0326	0.279	0.4919	0.0173	0.5859	1.1228	0.5522	0.8416	0.0902
H	0.0105	1.5882	1.2442	0.1341	2.0089	1.0232	3.2835	1.4356	0.2861
I	8.5924	0.9999	2.244	2.4264	0.838	0.6466	1.2456	1.0139	2.0289
K	0.0098	2.2342	1.0286	0.1095	2.7298	0.5094	1.4142	1.5739	0.0846
L	3.0303	0.6539	0.9897	7.1076	0.434	0.3172	1.4055	1.2465	0.6113
M	2.4156	0.4083	0.9953	2.0436	0.6206	1.1671	0.6586	0.6736	3.1064
N	0.0129	1.0762	0.8125	0.1141	1.4671	2.6204	1.8504	1.1328	0.3325
P	0.0596	0.016	0.9867	0.007	1.06	0.3125	0.9724	1.2911	0.0345
Q	0.0092	1.1347	1.2338	0.6961	1.0598	2.5848	1.1369	0.8752	0.277
R	0.0109	2.4415	0.902	0.0298	1.768	0.5549	1.0834	1.377	0.0831
S	0.0041	0.7417	0.6526	0.0743	0.7919	1.3495	0.3373	0.9425	0.1206
T	0.063	1.3147	0.9751	0.0853	1.0881	1.0116	0.3382	0.8561	0.2303
V	3.7086	1.4466	1.1638	0.3755	1.0049	0.4841	0.817	0.7478	1.4931
W	0.2063	0.2286	0.8102	0.0557	0.7239	0.6726	0.7382	0.359	0.9294
Y	0.1503	0.9288	2.0388	0.6528	0.5418	0.5426	2.2579	1.4761	11.1276

pepL	alpha	w_s
12	99.5307	0.083	0.1488	0	0.3949	0.3733
13	98.9574	0.0263	0.0764	0.2382	0.4675	0.1916
14	98.3293	0.0043	0.0259	0.161	0	0.4702	0.2976	0.0409
15	98.0138	0.0017	0.0096	0.0839	0.3761	0.4093	0.0998	0.0197
16	98.2233	8e-04	0.0022	0.03	0.2337	0	0.522	0.1562	0.0472	0.0079
17	98.7349	8e-04	0.0019	0.0146	0.1152	0.4294	0.2806	0.114	0.0362	0.0072
18	99.2174	5e-04	0.0013	0.0066	0.0433	0.2908	0	0.3312	0.218	0.0767	0.0267	0.005
19	99.5134	0.001	0.0012	0.0074	0.029	0.145	0.2323	0.2917	0.1843	0.0762	0.0263	0.0055
20	99.6911	0.001	0.0012	0.0048	0.0176	0.0704	0.1449	0	0.2809	0.2453	0.1596	0.0505	0.0192	0.0045
21	99.7886	0.0013	0.002	0.0054	0.0189	0.0569	0.1038	0.1384	0.2552	0.2215	0.1327	0.043	0.0166	0.0041
