Allele	DRB1_04_03
Type	Standard
n_specificities	1
npep_u	1
npep_t	3755
spec_ids	1
L_core	9
L_N	0
L_C	0
CS_perL	1
pepL_lower	12
pepL_upper	21
n_diff_aa	20

PWM_norm.1	P1	P2	P3	P4	P5	P6	P7	P8	P9
A	0.2157	1.5832	1.7279	3.2959	1.3753	0.9745	2.0506	1.7939	3.7999
C	0.0388	0.0441	0.0316	0.0645	0.0892	0.0473	0.0321	0.0303	0.0359
D	0.0185	0.3407	0.3564	0.3448	1.0218	2.6594	0.9181	0.5501	0.3511
E	0.0147	0.8223	0.3131	0.4461	0.7539	0.1041	0.6574	0.9159	0.2405
F	0.9473	0.9213	0.9251	0.2356	0.2105	0.0614	0.5449	1.2618	0.0804
G	0.054	0.3733	0.6458	0.4561	0.7263	0.2376	0.7051	0.6494	2.2042
H	0.0193	1.8002	0.7224	0.3179	1.0929	0.0332	0.4058	1.0616	0.6734
I	8.4878	1.8001	1.4819	1.4785	0.3873	0.3289	0.599	0.6929	0.2833
K	0.0269	1.1973	0.9734	0.1122	1.3886	0.0658	0.3265	1.3714	0.1866
L	2.6969	0.7539	0.8379	0.6346	0.4384	0.0728	0.9263	0.9901	0.2632
M	1.2363	0.3776	0.4073	0.3659	0.2847	0.0413	0.4177	0.4421	0.1319
N	0.0224	0.9141	1.554	0.3238	0.9614	3.492	3.2535	0.5941	0.8737
P	0.1107	0.0499	2.1948	0.0275	2.3966	0.573	1.2154	1.8465	0.5412
Q	0.0165	1.1746	0.7042	0.2505	0.9254	0.0397	1.5556	1.175	2.3953
R	0.0193	1.4634	1.1833	0.0513	1.0229	0.0304	0.4334	1.3821	0.1116
S	0.0417	0.6587	0.9323	2.2359	1.3182	2.1964	1.2624	0.8618	2.76
T	0.2672	1.4802	1.2036	2.6151	0.9324	4.7316	0.9997	0.541	0.944
V	4.06	2.1964	0.9697	2.8088	1.2362	2.3541	1.1269	1.0205	0.2279
W	0.4097	0.0287	0.1751	0.024	1.0017	0.0424	0.3219	0.1954	0.0225
Y	0.1929	1.4112	1.3284	0.2338	1.2762	0.0327	0.7358	0.5145	0.0636

pepL	alpha	w_s
12	99.5307	0.083	0.1488	0	0.3949	0.3734
13	98.9575	0.0263	0.0764	0.2382	0.4675	0.1916
14	98.3294	0.0043	0.0259	0.161	0	0.4702	0.2977	0.0409
15	98.0139	0.0017	0.0096	0.0839	0.376	0.4093	0.0998	0.0197
16	98.2233	8e-04	0.0022	0.03	0.2337	0	0.5219	0.1563	0.0471	0.0079
17	98.735	8e-04	0.0019	0.0146	0.1152	0.4293	0.2806	0.114	0.0363	0.0072
18	99.2174	5e-04	0.0013	0.0066	0.0433	0.2908	0	0.3312	0.218	0.0767	0.0267	0.005
19	99.5133	0.001	0.0012	0.0074	0.029	0.145	0.2323	0.2918	0.1844	0.0762	0.0263	0.0055
20	99.691	0.001	0.0012	0.0048	0.0176	0.0704	0.1449	0	0.2809	0.2454	0.1596	0.0505	0.0192	0.0045
21	99.7886	0.0013	0.002	0.0054	0.0189	0.0569	0.1038	0.1383	0.2554	0.2215	0.1327	0.043	0.0166	0.0041
