Allele	DRB1_14_04
Type	Standard
n_specificities	1
npep_u	1
npep_t	5000
spec_ids	1
L_core	9
L_N	0
L_C	0
CS_perL	1
pepL_lower	12
pepL_upper	21
n_diff_aa	20

PWM_norm.1	P1	P2	P3	P4	P5	P6	P7	P8	P9
A	0.1598	0.9786	1.4148	1.6995	0.9059	0.5722	1.3116	0.9162	0.5981
C	0.0686	0.1182	0.3168	0.4966	0.2635	0.0746	0.1801	0.0927	0.156
D	0.0465	0.5555	0.3842	0.4463	1.7337	0.2738	0.9373	0.6166	0.1409
E	0.0361	1.1065	0.6135	0.4788	1.4009	0.4498	1.3248	0.7327	0.1792
F	1.2075	0.8442	1.2901	1.0172	0.5621	0.1142	0.5632	0.2443	0.8582
G	0.0913	0.3341	0.4771	0.2115	0.6453	0.2729	1.1146	0.7801	0.0978
H	0.0557	1.4506	0.9777	0.5612	1.148	2.8139	0.6664	0.9705	0.0951
I	8.8482	1.5874	2.0506	2.5594	0.99	0.2228	1.1247	1.5146	5.4164
K	0.0511	1.7251	0.976	0.2622	1.799	6.6617	0.7384	1.6041	0.0547
L	2.6807	0.856	0.9521	1.4229	0.4823	0.0907	1.2547	1.2326	3.1144
M	1.5984	0.5286	1.2608	0.8336	0.555	0.2855	1.0174	0.7715	0.8459
N	0.0572	1.0179	0.8048	1.5249	1.1745	0.5446	2.0257	1.0745	0.197
P	0.0827	0.0529	1.0836	0.1495	1.0959	0.5578	0.6692	1.7534	0.0643
Q	0.0401	1.1967	1.1656	0.3398	1.0838	0.6747	1.2359	1.138	0.2558
R	0.0421	1.746	0.9304	0.1327	1.1349	3.9186	0.3993	1.2046	0.1082
S	0.0434	0.7128	0.739	1.5892	0.7936	0.3563	0.9882	0.4978	0.1271
T	0.1511	1.1169	0.819	1.0759	1.2012	0.6307	0.7262	0.9604	0.4001
V	3.5484	1.9381	1.5145	2.8747	0.9412	0.5036	1.0699	1.2654	4.1325
W	0.3015	0.5113	0.8567	0.1549	0.6669	0.1258	0.3604	0.1237	0.111
Y	0.2197	1.1473	1.8853	0.4329	0.9273	0.1855	1.11	1.0328	0.8006

pepL	alpha	w_s
12	99.5307	0.083	0.1488	0	0.3949	0.3734
13	98.9575	0.0263	0.0764	0.2382	0.4675	0.1916
14	98.3294	0.0043	0.0259	0.161	0	0.4702	0.2977	0.0409
15	98.0139	0.0017	0.0096	0.0839	0.376	0.4093	0.0998	0.0197
16	98.2233	8e-04	0.0022	0.03	0.2337	0	0.5219	0.1563	0.0471	0.0079
17	98.735	8e-04	0.0019	0.0146	0.1152	0.4293	0.2806	0.114	0.0363	0.0072
18	99.2174	5e-04	0.0013	0.0066	0.0433	0.2908	0	0.3312	0.218	0.0767	0.0267	0.005
19	99.5133	0.001	0.0012	0.0074	0.029	0.145	0.2323	0.2918	0.1844	0.0762	0.0263	0.0055
20	99.691	0.001	0.0012	0.0048	0.0176	0.0704	0.1449	0	0.2809	0.2454	0.1596	0.0505	0.0192	0.0045
21	99.7886	0.0013	0.002	0.0054	0.0189	0.0569	0.1038	0.1383	0.2554	0.2215	0.1327	0.043	0.0166	0.0041
