Allele	DRB1_14_17
Type	Standard
n_specificities	1
npep_u	1
npep_t	5000
spec_ids	1
L_core	9
L_N	0
L_C	0
CS_perL	1
pepL_lower	12
pepL_upper	21
n_diff_aa	20

PWM_norm.1	P1	P2	P3	P4	P5	P6	P7	P8	P9
A	0.1598	0.9786	1.5907	1.0676	0.9355	0.2454	1.3318	1.1812	0.6952
C	0.0686	0.1182	0.2804	0.4206	0.1822	0.0246	0.1699	0.116	0.2359
D	0.0465	0.5555	0.5111	0.3974	1.2859	0.1273	0.5563	0.5499	0.2087
E	0.0361	1.1065	0.795	0.8758	1.101	0.2537	1.2388	0.9164	0.5438
F	1.2075	0.8442	1.0454	1.3353	0.5987	0.0402	0.6667	0.6052	1.4868
G	0.0913	0.3341	0.7087	0.1541	0.9337	0.128	0.992	0.9468	0.5702
H	0.0557	1.4506	0.8247	0.3459	1.196	1.5124	0.7555	1.5282	0.4759
I	8.8482	1.5874	2.3246	3.2505	0.8192	0.1074	1.3472	1.0162	0.6413
K	0.0511	1.7251	0.8812	0.2683	1.7336	6.5854	0.7219	1.5537	1.5501
L	2.6807	0.856	0.9193	2.5674	0.4498	0.045	1.6551	1.0855	0.7683
M	1.5984	0.5286	1.1058	2.9792	0.6003	0.0683	1.3314	0.5538	1.446
N	0.0572	1.0179	0.8488	0.8363	1.3776	0.2975	1.5922	0.9038	0.3774
P	0.0827	0.0529	1.0026	0.0567	1.3792	0.2135	0.5201	1.2759	0.0907
Q	0.0401	1.1967	0.8584	0.748	1.1182	0.3015	1.218	1.0813	0.5843
R	0.0421	1.746	0.7923	0.1323	1.0429	7.4072	0.5335	1.4304	5.4685
S	0.0434	0.7128	0.7845	0.4851	1.0935	0.1954	0.7014	0.746	0.4365
T	0.1511	1.1169	0.8781	0.5864	1.3181	0.5253	0.7419	0.863	0.385
V	3.5484	1.9381	1.4068	1.9656	0.6953	0.2434	1.2867	0.997	0.8366
W	0.3015	0.5113	0.5362	0.4013	0.5856	0.0432	0.3507	0.3334	0.2969
Y	0.2197	1.1473	1.7551	0.7956	0.8342	0.0597	1.0752	1.0766	3.9359

pepL	alpha	w_s
12	99.5307	0.083	0.1488	0	0.3949	0.3734
13	98.9575	0.0263	0.0764	0.2382	0.4675	0.1916
14	98.3294	0.0043	0.0259	0.161	0	0.4702	0.2977	0.0409
15	98.0139	0.0017	0.0096	0.0839	0.376	0.4093	0.0998	0.0197
16	98.2233	8e-04	0.0022	0.03	0.2337	0	0.5219	0.1563	0.0471	0.0079
17	98.735	8e-04	0.0019	0.0146	0.1152	0.4293	0.2806	0.114	0.0363	0.0072
18	99.2174	5e-04	0.0013	0.0066	0.0433	0.2908	0	0.3312	0.218	0.0767	0.0267	0.005
19	99.5133	0.001	0.0012	0.0074	0.029	0.145	0.2323	0.2918	0.1844	0.0762	0.0263	0.0055
20	99.691	0.001	0.0012	0.0048	0.0176	0.0704	0.1449	0	0.2809	0.2454	0.1596	0.0505	0.0192	0.0045
21	99.7886	0.0013	0.002	0.0054	0.0189	0.0569	0.1038	0.1383	0.2554	0.2215	0.1327	0.043	0.0166	0.0041
