Allele	DRB1_14_54
Type	Standard
n_specificities	1
npep_u	1
npep_t	7245
spec_ids	1
L_core	9
L_N	0
L_C	0
CS_perL	1
pepL_lower	12
pepL_upper	21
n_diff_aa	20

PWM_norm.1	P1	P2	P3	P4	P5	P6	P7	P8	P9
A	0.0215	1.2479	1.4859	2.0393	0.8675	0.1488	0.6905	0.8008	0.5006
C	0.0326	0.0734	0.5171	1.0013	0.1642	0.0172	0.1345	0.0534	0.345
D	0.0126	0.2025	0.1189	0.4219	2.117	0.1101	0.6647	0.649	0.118
E	0.0676	1.4539	0.4796	0.2018	1.7651	0.0443	1.4714	0.7212	0.2098
F	1.7853	0.7876	1.7008	0.4146	0.5563	0.0212	0.3776	0.1365	0.6895
G	0.0448	0.0969	0.1771	0.0762	0.6668	0.137	1.3664	0.7405	0.09
H	0.0314	1.4471	0.6483	0.7935	0.7396	1.9973	0.4982	0.911	0.0485
I	10.0207	2.1628	2.3662	2.0638	0.9013	0.0764	1.1829	1.4305	5.9715
K	0.0398	1.2624	0.761	0.0424	2.0614	6.5748	0.6852	1.527	0.0205
L	2.3951	0.7343	1.0797	0.6577	0.3468	0.0127	1.265	1.2014	3.1469
M	2.0138	0.8102	1.7328	0.2435	0.1933	0.0194	0.8011	0.9124	0.6718
N	0.0379	0.7402	1.0432	2.4105	0.9229	0.2444	3.4748	1.2033	0.2199
P	0.0084	0.0175	1.2314	0.0333	1.3271	0.0938	0.3039	1.9528	0.0779
Q	0.0086	1.0067	1.1671	0.1238	0.8207	0.1194	1.1329	1.0284	0.3724
R	0.0101	1.263	0.6977	0.0247	1.1144	7.9873	0.2867	1.1121	0.1097
S	0.0087	0.5882	1.055	2.977	0.8051	0.0916	1.095	0.4889	0.0263
T	0.0293	0.8445	0.5892	0.9865	1.2606	0.8097	0.9044	1.0395	0.2678
V	3.2822	3.1486	1.4035	3.2954	0.6739	0.1746	1.1602	1.48	4.1106
W	0.3719	0.0374	0.6847	0.0124	0.615	0.0124	0.1258	0.0468	0.1598
Y	0.0264	1.387	1.5909	0.0415	0.9325	0.0511	1.3526	1.1034	0.6766

pepL	alpha	w_s
12	99.5307	0.083	0.1488	0	0.3949	0.3734
13	98.9575	0.0263	0.0764	0.2382	0.4675	0.1916
14	98.3294	0.0043	0.0259	0.161	0	0.4702	0.2977	0.0409
15	98.0139	0.0017	0.0096	0.0839	0.376	0.4093	0.0998	0.0197
16	98.2233	8e-04	0.0022	0.03	0.2337	0	0.5219	0.1563	0.0471	0.0079
17	98.735	8e-04	0.0019	0.0146	0.1152	0.4293	0.2806	0.114	0.0363	0.0072
18	99.2174	5e-04	0.0013	0.0066	0.0433	0.2908	0	0.3312	0.218	0.0767	0.0267	0.005
19	99.5133	0.001	0.0012	0.0074	0.029	0.145	0.2323	0.2918	0.1844	0.0762	0.0263	0.0055
20	99.691	0.001	0.0012	0.0048	0.0176	0.0704	0.1449	0	0.2809	0.2454	0.1596	0.0505	0.0192	0.0045
21	99.7886	0.0013	0.002	0.0054	0.0189	0.0569	0.1038	0.1383	0.2554	0.2215	0.1327	0.043	0.0166	0.0041
