Allele	DRB1_11_14
Type	Standard
n_specificities	1
npep_u	1
npep_t	5000
spec_ids	1
L_core	9
L_N	0
L_C	0
CS_perL	1
pepL_lower	12
pepL_upper	21
n_diff_aa	20

PWM_norm.1	P1	P2	P3	P4	P5	P6	P7	P8	P9
A	0.0934	0.9786	1.5907	0.6836	0.7736	0.4625	0.6576	1.1812	2.8823
C	0.049	0.1182	0.2804	0.1101	0.1866	0.0387	0.1038	0.116	0.236
D	0.0361	0.5555	0.5111	0.1727	0.5797	0.2599	0.3363	0.5499	0.4497
E	0.0576	1.1065	0.795	0.2853	0.7598	0.3856	0.5679	0.9164	0.4846
F	8.2964	0.8442	1.0454	2.8097	0.5445	0.0958	1.2672	0.6052	0.2476
G	0.0619	0.3341	0.7087	0.2182	1.0105	0.2062	0.495	0.9468	2.954
H	0.1244	1.4506	0.8247	5.7377	1.4824	1.0809	3.5053	1.5282	0.883
I	2.7704	1.5874	2.3246	1.1966	0.7869	0.2378	1.0404	1.0162	0.3248
K	0.0618	1.7251	0.8812	2.0173	2.5549	6.777	2.2407	1.5537	0.2833
L	1.3527	0.856	0.9193	1.029	0.5311	0.1056	1.4805	1.0855	0.1751
M	0.9209	0.5286	1.1058	1.3109	0.839	0.1306	0.613	0.5538	0.3138
N	0.0713	1.0179	0.8488	0.9203	1.4526	0.3876	1.5186	0.9038	0.9326
P	0.0388	0.0529	1.0026	0.0536	1.3502	0.2566	0.5186	1.2759	0.3804
Q	0.0536	1.1967	0.8584	0.8759	1.2937	0.4752	1.2551	1.0813	2.8359
R	0.0379	1.746	0.7923	1.2675	1.2127	5.6545	1.6507	1.4304	0.2655
S	0.0414	0.7128	0.7845	0.2659	0.7939	0.3445	0.3238	0.746	2.1883
T	0.0773	1.1169	0.8781	0.44	1.2332	0.7064	0.4138	0.863	0.6405
V	0.9818	1.9381	1.4068	0.9248	0.8199	0.3751	0.704	0.997	0.4338
W	4.5203	0.5113	0.5362	3.3474	0.8825	0.162	1.0319	0.3334	0.0731
Y	10.5593	1.1473	1.7551	2.6021	0.832	0.1246	1.8441	1.0766	0.2052

pepL	alpha	w_s
12	99.5307	0.083	0.1488	0	0.3949	0.3734
13	98.9575	0.0263	0.0764	0.2382	0.4675	0.1916
14	98.3294	0.0043	0.0259	0.161	0	0.4702	0.2977	0.0409
15	98.0139	0.0017	0.0096	0.0839	0.376	0.4093	0.0998	0.0197
16	98.2233	8e-04	0.0022	0.03	0.2337	0	0.5219	0.1563	0.0471	0.0079
17	98.735	8e-04	0.0019	0.0146	0.1152	0.4293	0.2806	0.114	0.0363	0.0072
18	99.2174	5e-04	0.0013	0.0066	0.0433	0.2908	0	0.3312	0.218	0.0767	0.0267	0.005
19	99.5133	0.001	0.0012	0.0074	0.029	0.145	0.2323	0.2918	0.1844	0.0762	0.0263	0.0055
20	99.691	0.001	0.0012	0.0048	0.0176	0.0704	0.1449	0	0.2809	0.2454	0.1596	0.0505	0.0192	0.0045
21	99.7886	0.0013	0.002	0.0054	0.0189	0.0569	0.1038	0.1383	0.2554	0.2215	0.1327	0.043	0.0166	0.0041
