Allele	DRB1_04_05
Type	Standard
n_specificities	1
npep_u	1
npep_t	25055
spec_ids	1
L_core	9
L_N	0
L_C	0
CS_perL	1
pepL_lower	12
pepL_upper	21
n_diff_aa	20

PWM_norm.1	P1	P2	P3	P4	P5	P6	P7	P8	P9
A	0.0104	0.6565	1.4613	0.9842	0.8808	0.4874	1.8214	1.2354	0.1988
C	0.0062	0.0904	0.3827	0.177	0.1304	0.1327	0.1455	0.0812	0.045
D	0.0078	0.6674	0.4277	0.5063	1.8565	4.3304	0.6102	0.345	10.076
E	0.008	1.1787	0.6285	1.0138	1.0414	0.1104	0.678	1.4019	4.8388
F	8.6155	0.4954	1.0013	2.1339	0.7473	0.0092	0.4131	0.7708	0.0574
G	0.006	0.1638	0.4894	0.0471	1.074	0.1082	0.3446	0.5922	0.5298
H	0.0101	0.8996	0.6207	0.0597	0.8517	0.0197	0.4254	1.0486	0.4065
I	3.5091	1.5083	2.0243	4.4977	0.7694	0.1608	1.1129	0.9445	0.1398
K	0.0055	1.9324	0.7864	0.0098	1.412	0.016	0.3975	1.5588	0.0359
L	1.1796	0.8463	0.7705	2.2293	0.5092	0.0103	1.3871	1.4245	0.0461
M	1.397	0.2721	1.1255	3.7166	0.5146	0.0184	1.0675	0.4764	0.1164
N	0.0116	1.1376	1.4599	0.0911	1.447	5.7575	3.7833	0.6415	0.3897
P	0.0231	0.0033	1.1294	0.006	1.6483	0.2709	1.8708	1.2351	0.0482
Q	0.0043	1.3091	1.0771	1.0218	0.9208	0.0271	0.7658	1.2942	0.499
R	0.0053	1.5716	0.9143	0.0047	0.6514	0.0064	0.2087	1.3395	0.0117
S	0.021	0.6734	0.9689	0.3622	1.0885	2.185	0.9262	0.6173	0.2876
T	0.0219	1.1627	1.098	0.6824	1.3703	4.0248	0.7544	0.6053	0.1577
V	0.6783	2.4132	1.4785	1.9495	0.9139	1.6517	1.0786	0.9853	0.2096
W	4.9717	1.0983	1.2577	0.2814	0.2512	0.0097	1.0715	0.8572	0.003
Y	10.9214	1.7758	1.3169	0.4623	0.5835	0.0246	0.5046	1.0295	0.0211

pepL	alpha	w_s
12	99.5307	0.083	0.1488	0	0.3949	0.3734
13	98.9575	0.0263	0.0764	0.2382	0.4675	0.1916
14	98.3294	0.0043	0.0259	0.161	0	0.4702	0.2977	0.0409
15	98.0139	0.0017	0.0096	0.0839	0.376	0.4093	0.0998	0.0197
16	98.2233	8e-04	0.0022	0.03	0.2337	0	0.5219	0.1563	0.0471	0.0079
17	98.735	8e-04	0.0019	0.0146	0.1152	0.4293	0.2806	0.114	0.0363	0.0072
18	99.2174	5e-04	0.0013	0.0066	0.0433	0.2908	0	0.3312	0.218	0.0767	0.0267	0.005
19	99.5133	0.001	0.0012	0.0074	0.029	0.145	0.2323	0.2918	0.1844	0.0762	0.0263	0.0055
20	99.691	0.001	0.0012	0.0048	0.0176	0.0704	0.1449	0	0.2809	0.2454	0.1596	0.0505	0.0192	0.0045
21	99.7886	0.0013	0.002	0.0054	0.0189	0.0569	0.1038	0.1383	0.2554	0.2215	0.1327	0.043	0.0166	0.0041
