Allele	DRB1_04_14
Type	Standard
n_specificities	1
npep_u	1
npep_t	5000
spec_ids	1
L_core	9
L_N	0
L_C	0
CS_perL	1
pepL_lower	12
pepL_upper	21
n_diff_aa	20

PWM_norm.1	P1	P2	P3	P4	P5	P6	P7	P8	P9
A	0.0896	0.971	1.457	1.5004	1.1137	0.8961	0.9673	1.1786	2.9915
C	0.0511	0.118	0.3832	0.145	0.1619	0.1491	0.1147	0.1131	0.2264
D	0.0347	0.5546	0.4347	0.1898	1.0447	2.9134	0.4498	0.5371	0.4185
E	0.0549	1.1045	0.574	0.4388	0.6756	0.1267	0.4679	0.9166	0.4532
F	8.5177	0.8507	1.0002	2.7702	0.3388	0.0681	1.1681	0.6046	0.2364
G	0.0609	0.3361	0.7236	0.3802	0.8334	0.2961	0.3017	0.9621	2.9595
H	0.1257	1.4432	0.6647	2.8214	1.506	0.083	3.799	1.5437	0.8422
I	2.7942	1.5947	2.0351	1.5714	0.7019	0.3701	0.786	1.0119	0.3293
K	0.0562	1.7443	0.9083	2.1237	1.9975	0.0777	1.2783	1.5625	0.2691
L	1.3764	0.8388	0.7798	0.7353	0.5802	0.1114	1.0411	1.0918	0.1742
M	0.9048	0.5271	0.9672	1.7692	0.8379	0.0762	0.5125	0.5453	0.3262
N	0.0706	1.0223	1.5518	0.378	1.2627	3.3094	1.7693	0.8962	0.8888
P	0.0383	0.0548	0.9836	0.0461	1.8217	0.3574	0.378	1.2711	0.3627
Q	0.0511	1.2417	0.8747	1.1523	1.0397	0.0923	2.1482	1.0865	2.897
R	0.0397	1.734	1.2494	0.8925	1.3653	0.0625	2.6336	1.4361	0.2309
S	0.0409	0.7046	0.9741	0.4654	0.834	2.6476	0.4477	0.7431	2.2102
T	0.0763	1.109	0.9811	0.6645	0.923	4.65	0.7097	0.862	0.635
V	0.9921	1.94	1.2461	1.005	0.974	1.6637	0.6404	0.984	0.4172
W	4.4804	0.5062	0.5201	4.5495	0.3812	0.0385	1.1499	0.333	0.071
Y	10.1766	1.153	1.6314	1.5576	0.8646	0.0688	0.9952	1.0692	0.1724

pepL	alpha	w_s
12	99.5307	0.083	0.1488	0	0.3949	0.3733
13	98.9574	0.0263	0.0764	0.2382	0.4675	0.1916
14	98.3293	0.0043	0.0259	0.161	0	0.4702	0.2976	0.0409
15	98.0138	0.0017	0.0096	0.0839	0.3761	0.4093	0.0998	0.0197
16	98.2233	8e-04	0.0022	0.03	0.2337	0	0.522	0.1562	0.0472	0.0079
17	98.7349	8e-04	0.0019	0.0146	0.1152	0.4294	0.2806	0.114	0.0362	0.0072
18	99.2174	5e-04	0.0013	0.0066	0.0433	0.2908	0	0.3312	0.218	0.0767	0.0267	0.005
19	99.5134	0.001	0.0012	0.0074	0.029	0.145	0.2323	0.2917	0.1843	0.0762	0.0263	0.0055
20	99.6911	0.001	0.0012	0.0048	0.0176	0.0704	0.1449	0	0.2809	0.2453	0.1596	0.0505	0.0192	0.0045
21	99.7886	0.0013	0.002	0.0054	0.0189	0.0569	0.1038	0.1384	0.2552	0.2215	0.1327	0.043	0.0166	0.0041
