Allele	DRB1_11_03
Type	Standard
n_specificities	1
npep_u	1
npep_t	1186
spec_ids	1
L_core	9
L_N	0
L_C	0
CS_perL	1
pepL_lower	12
pepL_upper	21
n_diff_aa	20

PWM_norm.1	P1	P2	P3	P4	P5	P6	P7	P8	P9
A	0.1085	0.7676	1.1407	0.3215	0.9461	0.1544	0.9436	0.5172	3.1618
C	0.11	0.0906	0.3076	0.0732	0.0805	0.0584	0.0767	0.1141	0.0898
D	0.1336	0.404	0.1766	0.1657	0.1917	0.1271	0.2294	0.1088	0.2818
E	0.0409	0.7332	0.7268	0.1416	0.5337	0.1332	0.286	0.7826	0.5662
F	0.3269	0.2945	1.0301	2.8896	0.6825	0.1133	1.2217	0.5074	0.2681
G	0.2775	0.0809	1.6486	0.0725	0.9299	0.2666	1.2101	0.7882	4.6472
H	0.0524	1.336	0.5313	10.2647	0.812	1.3879	6.0716	3.5328	0.3409
I	11.7	2.5985	4.4688	2.2857	0.692	0.094	1.4073	1.1619	0.1142
K	0.0766	1.7853	0.7671	1.0334	3.0968	8.6545	2.3071	1.5076	0.3121
L	1.8604	0.8151	0.5712	1.1886	0.7554	0.0672	1.031	1.2139	0.0638
M	0.8482	1.0684	0.6233	0.8967	1.3698	0.1036	0.4413	0.1433	0.2313
N	0.066	1.3599	0.9747	0.6552	1.2675	0.1629	1.3986	0.8894	1.4955
P	0.0351	0.2444	0.7729	0.0398	2.171	0.0922	0.0463	1.3907	0.2272
Q	0.0457	1.4069	0.5718	0.3655	1.4434	0.1477	0.4378	2.2458	3.0569
R	0.0527	1.369	0.7543	1.6674	0.5813	5.6745	1.9262	1.2395	0.3004
S	0.0584	0.3546	0.6878	0.1443	0.864	0.158	0.4667	0.6258	1.1391
T	0.5315	1.2354	0.8638	0.2247	0.864	0.5664	0.209	0.4607	0.5949
V	3.0713	2.9614	1.6682	0.6981	0.4879	0.2537	0.7184	1.1031	0.0981
W	0.3281	0.0727	0.0772	2.7253	1.0928	0.1293	0.6602	0.2061	0.065
Y	0.1174	0.6664	1.0437	2.0183	0.722	0.1045	1.2285	1.3464	0.091

pepL	alpha	w_s
12	99.5307	0.083	0.1488	0	0.3949	0.3734
13	98.9575	0.0263	0.0764	0.2382	0.4675	0.1916
14	98.3294	0.0043	0.0259	0.161	0	0.4702	0.2977	0.0409
15	98.0139	0.0017	0.0096	0.0839	0.376	0.4093	0.0998	0.0197
16	98.2233	8e-04	0.0022	0.03	0.2337	0	0.5219	0.1563	0.0471	0.0079
17	98.735	8e-04	0.0019	0.0146	0.1152	0.4293	0.2806	0.114	0.0363	0.0072
18	99.2174	5e-04	0.0013	0.0066	0.0433	0.2908	0	0.3312	0.218	0.0767	0.0267	0.005
19	99.5133	0.001	0.0012	0.0074	0.029	0.145	0.2323	0.2918	0.1844	0.0762	0.0263	0.0055
20	99.691	0.001	0.0012	0.0048	0.0176	0.0704	0.1449	0	0.2809	0.2454	0.1596	0.0505	0.0192	0.0045
21	99.7886	0.0013	0.002	0.0054	0.0189	0.0569	0.1038	0.1383	0.2554	0.2215	0.1327	0.043	0.0166	0.0041
