Allele	DRB1_11_05
Type	Standard
n_specificities	2
npep_u	0.951	0.049
npep_t	5000	5000
spec_ids	1	2
L_core	9
L_N	0
L_C	0
CS_perL	1
pepL_lower	12
pepL_upper	21
n_diff_aa	20

PWM_norm.1	P1	P2	P3	P4	P5	P6	P7	P8	P9
A	0.0934	0.9786	1.4552	0.9606	0.9687	0.5722	1.6979	1.1812	2.8823
C	0.049	0.1182	0.4118	0.2798	0.2084	0.0746	0.0868	0.116	0.236
D	0.0361	0.5555	0.5316	0.341	0.9929	0.2738	0.3649	0.5499	0.4497
E	0.0576	1.1065	0.7194	0.6346	0.7517	0.4498	0.7959	0.9164	0.4846
F	8.2964	0.8442	1.1792	1.4829	0.5994	0.1142	0.6767	0.6052	0.2476
G	0.0619	0.3341	0.6833	0.1446	0.809	0.2729	1.3653	0.9468	2.954
H	0.1244	1.4506	1.1744	0.3823	1.1979	2.8139	1.377	1.5282	0.883
I	2.7704	1.5874	2.0279	2.9747	0.8771	0.2228	1.1917	1.0162	0.3248
K	0.0618	1.7251	0.9939	0.5771	2.2645	6.6617	1.535	1.5537	0.2833
L	1.3527	0.856	0.8792	2.9905	0.4319	0.0907	1.4993	1.0855	0.1751
M	0.9209	0.5286	1.1193	2.9859	0.7574	0.2855	0.809	0.5538	0.3138
N	0.0713	1.0179	0.7694	0.5433	1.5922	0.5446	0.999	0.9038	0.9326
P	0.0388	0.0529	0.9355	0.0578	0.9412	0.5578	1.0621	1.2759	0.3804
Q	0.0536	1.1967	1.0643	0.6815	1.1381	0.6747	0.8904	1.0813	2.8359
R	0.0379	1.746	0.8885	0.2449	1.3491	3.9186	1.2148	1.4304	0.2655
S	0.0414	0.7128	0.7196	0.3236	1.0089	0.3563	0.4894	0.746	2.1883
T	0.0773	1.1169	1.0508	0.4921	1.2497	0.6307	0.3962	0.863	0.6405
V	0.9818	1.9381	1.3045	1.8911	0.9695	0.5036	0.6919	0.997	0.4338
W	4.5203	0.5113	0.8669	0.4146	0.603	0.1258	0.45	0.3334	0.0731
Y	10.5593	1.1473	1.7102	1.0946	1.0454	0.1855	1.0425	1.0766	0.2052

PWM_norm.2	P1	P2	P3	P4	P5	P6	P7	P8	P9
A	0.0984	0.9964	1.3849	0.8008	1.0438	1.6853	2.3202	1.2011	3.2254
C	0.0569	0.1071	0.4602	0.2518	0.2552	0.1642	0.1036	0.1193	0.2318
D	0.0413	0.5211	0.4877	0.1803	1.0284	0.8247	0.313	0.5598	0.3953
E	0.0653	1.0976	0.7173	0.6278	0.854	0.8464	0.6697	0.9417	0.4446
F	8.0022	0.7549	1.2054	1.9289	0.5571	0.2439	0.9454	0.6195	0.1654
G	0.0697	0.3464	0.6967	0.1942	0.7759	0.6313	1.584	0.9228	2.8672
H	0.1444	1.4618	1.1736	0.6034	1.2669	1.3074	1.2402	1.5512	0.7402
I	2.8398	1.5697	1.9415	2.2521	0.925	1.0784	1.1272	0.9433	0.2923
K	0.0624	1.7089	0.964	1.4544	1.9713	1.0811	0.9795	1.5021	0.2198
L	1.4316	0.8619	0.8469	2.5539	0.5023	0.4595	1.5713	1.0898	0.1754
M	0.9366	0.5487	1.1567	2.8642	0.7816	0.4687	0.8867	0.5832	0.307
N	0.0767	1.0274	0.8766	0.4411	1.3579	1.1803	0.8278	0.889	0.7576
P	0.0412	0.0542	0.9928	0.096	1.1891	1.2073	0.9414	1.2971	0.3631
Q	0.0576	1.2117	1.0733	0.7314	1.0628	2.0977	0.7536	1.1004	2.8339
R	0.0434	1.767	0.9361	0.6568	1.3125	0.6365	0.9656	1.4148	0.2023
S	0.046	0.719	0.759	0.3178	0.9094	0.7933	0.4903	0.7474	2.3455
T	0.0809	1.1041	1.0089	0.4859	1.1418	2.0508	0.5235	0.8561	0.6172
V	1.0146	1.9942	1.2668	1.5522	1.0229	1.4783	0.8352	1.0053	0.4247
W	4.8497	0.4582	0.9924	0.6691	0.575	0.1695	0.3707	0.3568	0.0599
Y	10.1586	1.1165	1.7576	1.6785	1.1896	0.2209	0.801	1.0926	0.1718

pepL	alpha	w_s
12	99.5307	0.083	0.1488	0	0.3949	0.3734	0.083	0.1488	0	0.3949	0.3734
13	98.9575	0.0263	0.0764	0.2382	0.4675	0.1916	0.0263	0.0764	0.2382	0.4675	0.1916
14	98.3294	0.0043	0.0259	0.161	0	0.4702	0.2977	0.0409	0.0043	0.0259	0.161	0	0.4702	0.2977	0.0409
15	98.0139	0.0017	0.0096	0.0839	0.376	0.4093	0.0998	0.0197	0.0017	0.0096	0.0839	0.376	0.4093	0.0998	0.0197
16	98.2233	8e-04	0.0022	0.03	0.2337	0	0.5219	0.1563	0.0471	0.0079	8e-04	0.0022	0.03	0.2337	0	0.5219	0.1563	0.0471	0.0079
17	98.735	8e-04	0.0019	0.0146	0.1152	0.4293	0.2806	0.114	0.0363	0.0072	8e-04	0.0019	0.0146	0.1152	0.4293	0.2806	0.114	0.0363	0.0072
18	99.2174	5e-04	0.0013	0.0066	0.0433	0.2908	0	0.3312	0.218	0.0767	0.0267	0.005	5e-04	0.0013	0.0066	0.0433	0.2908	0	0.3312	0.218	0.0767	0.0267	0.005
19	99.5133	0.001	0.0012	0.0074	0.029	0.145	0.2323	0.2918	0.1844	0.0762	0.0263	0.0055	0.001	0.0012	0.0074	0.029	0.145	0.2323	0.2918	0.1844	0.0762	0.0263	0.0055
20	99.691	0.001	0.0012	0.0048	0.0176	0.0704	0.1449	0	0.2809	0.2454	0.1596	0.0505	0.0192	0.0045	0.001	0.0012	0.0048	0.0176	0.0704	0.1449	0	0.2809	0.2454	0.1596	0.0505	0.0192	0.0045
21	99.7886	0.0013	0.002	0.0054	0.0189	0.0569	0.1038	0.1383	0.2554	0.2215	0.1327	0.043	0.0166	0.0041	0.0013	0.002	0.0054	0.0189	0.0569	0.1038	0.1383	0.2554	0.2215	0.1327	0.043	0.0166	0.0041
