Allele	DRB1_04_10
Type	Standard
n_specificities	1
npep_u	1
npep_t	5000
spec_ids	1
L_core	9
L_N	0
L_C	0
CS_perL	1
pepL_lower	12
pepL_upper	21
n_diff_aa	20

PWM_norm.1	P1	P2	P3	P4	P5	P6	P7	P8	P9
A	0.1598	0.9786	1.418	1.1625	1.0591	0.6399	1.8667	0.988	0.4739
C	0.0686	0.1182	0.3642	0.4197	0.1446	0.1191	0.1515	0.0887	0.0817
D	0.0465	0.5555	0.4349	0.532	2.1268	3.6069	1.1533	0.6084	7.7542
E	0.0361	1.1065	0.5749	1.0508	0.9409	0.1426	0.7122	1.0961	4.4551
F	1.2075	0.8442	1.015	2.3007	0.4478	0.0469	0.5439	0.5982	0.1699
G	0.0913	0.3341	0.7418	0.138	0.8381	0.2152	0.5737	0.7079	0.7673
H	0.0557	1.4506	0.674	0.1395	0.9671	0.0815	0.4507	1.0988	0.6679
I	8.8482	1.5874	2.0028	4.1361	0.7453	0.2954	1.1083	1.2147	0.2194
K	0.0511	1.7251	0.9312	0.1043	1.1498	0.0725	0.2758	1.572	0.1589
L	2.6807	0.856	0.7904	1.9488	0.4482	0.0798	1.0596	1.3329	0.2221
M	1.5984	0.5286	0.9507	3.7622	0.4226	0.0645	0.802	0.8079	0.2287
N	0.0572	1.0179	1.5138	0.1892	1.3302	4.4597	3.1956	0.8244	0.6707
P	0.0827	0.0529	1.0211	0.0325	1.783	0.3206	1.6079	1.2362	0.1479
Q	0.0401	1.1967	0.8683	0.9765	0.9487	0.0843	1.2341	1.2449	0.7672
R	0.0421	1.746	1.2335	0.0586	0.8468	0.0591	0.3051	1.1846	0.1142
S	0.0434	0.7128	0.9464	0.4052	1.4539	2.5055	1.047	0.6369	0.4236
T	0.1511	1.1169	1.0167	0.6669	1.2427	4.1853	0.8205	0.8109	0.2849
V	3.5484	1.9381	1.2573	1.7481	0.6948	1.5985	1.037	1.1319	0.3079
W	0.3015	0.5113	0.5496	0.5362	0.2663	0.0294	0.4512	0.3553	0.0679
Y	0.2197	1.1473	1.6326	0.5213	0.6338	0.0489	0.4746	1.0973	0.1443

pepL	alpha	w_s
12	99.5307	0.083	0.1488	0	0.3949	0.3734
13	98.9575	0.0263	0.0764	0.2382	0.4675	0.1916
14	98.3294	0.0043	0.0259	0.161	0	0.4702	0.2977	0.0409
15	98.0139	0.0017	0.0096	0.0839	0.376	0.4093	0.0998	0.0197
16	98.2233	8e-04	0.0022	0.03	0.2337	0	0.5219	0.1563	0.0471	0.0079
17	98.735	8e-04	0.0019	0.0146	0.1152	0.4293	0.2806	0.114	0.0363	0.0072
18	99.2174	5e-04	0.0013	0.0066	0.0433	0.2908	0	0.3312	0.218	0.0767	0.0267	0.005
19	99.5133	0.001	0.0012	0.0074	0.029	0.145	0.2323	0.2918	0.1844	0.0762	0.0263	0.0055
20	99.691	0.001	0.0012	0.0048	0.0176	0.0704	0.1449	0	0.2809	0.2454	0.1596	0.0505	0.0192	0.0045
21	99.7886	0.0013	0.002	0.0054	0.0189	0.0569	0.1038	0.1383	0.2554	0.2215	0.1327	0.043	0.0166	0.0041
