Allele	DRB1_13_05
Type	Standard
n_specificities	1
npep_u	1
npep_t	14471
spec_ids	1
L_core	9
L_N	0
L_C	0
CS_perL	1
pepL_lower	12
pepL_upper	21
n_diff_aa	20

PWM_norm.1	P1	P2	P3	P4	P5	P6	P7	P8	P9
A	0.022	0.8039	2.1833	1.1125	1.0079	0.1463	1.3751	0.8689	0.8807
C	0.0077	0.0078	0.0844	0.1799	0.0235	0.0055	0.0178	0.033	0.1298
D	0.0065	0.7842	0.4951	0.0648	0.7671	0.11	0.2643	0.4541	0.2783
E	0.0839	1.3608	0.7933	1.1412	0.802	0.5052	0.6179	0.865	0.5706
F	8.3291	0.352	0.7622	0.4428	0.4401	0.0106	0.6685	0.4302	1.4163
G	0.0188	0.3746	0.566	0.0404	0.9955	0.069	1.818	0.9473	0.6539
H	0.0305	1.3208	0.949	0.0443	1.1775	1.1365	1.76	1.6337	0.3358
I	3.2193	1.3038	1.9646	4.0301	0.8903	0.0368	1.2334	1.0927	0.5495
K	0.006	2.0455	0.7912	0.356	2.2415	5.7754	0.9814	1.4836	0.8921
L	1.5554	0.8424	0.8522	2.8759	0.4064	0.0237	2.5279	1.3929	0.6921
M	0.9399	0.4775	1.2067	3.0046	0.8246	0.0221	0.8415	0.9952	1.6762
N	0.0067	0.8529	0.9483	0.5746	1.0603	0.3342	0.8526	0.6962	0.2305
P	0.0333	0.008	0.8209	0.0192	0.9719	0.3783	0.4731	0.9173	0.0194
Q	0.0331	1.2876	1.1137	0.3753	0.9954	0.2683	0.712	1.4573	0.4978
R	0.0068	2.2683	0.8062	0.1635	1.546	8.5956	1.0313	1.67	6.1164
S	0.0159	0.6632	1.0267	0.395	1.0221	0.0666	0.3747	0.5978	0.3494
T	0.0253	1.189	0.7727	0.717	1.3838	0.5441	0.4978	0.8246	0.2113
V	0.7669	1.6367	1.0319	2.3477	0.9448	0.0973	0.5787	0.919	0.7017
W	4.0863	0.1365	0.6261	0.1646	0.8389	0.0062	0.3224	0.3111	0.0106
Y	10.6149	1.0513	2.0295	0.1999	1.3342	0.0306	1.2198	1.6177	5.2749

pepL	alpha	w_s
12	99.5307	0.083	0.1488	0	0.3949	0.3733
13	98.9574	0.0263	0.0764	0.2382	0.4675	0.1916
14	98.3293	0.0043	0.0259	0.161	0	0.4702	0.2976	0.0409
15	98.0138	0.0017	0.0096	0.0839	0.3761	0.4093	0.0998	0.0197
16	98.2233	8e-04	0.0022	0.03	0.2337	0	0.522	0.1562	0.0472	0.0079
17	98.7349	8e-04	0.0019	0.0146	0.1152	0.4294	0.2806	0.114	0.0362	0.0072
18	99.2174	5e-04	0.0013	0.0066	0.0433	0.2908	0	0.3312	0.218	0.0767	0.0267	0.005
19	99.5134	0.001	0.0012	0.0074	0.029	0.145	0.2323	0.2917	0.1843	0.0762	0.0263	0.0055
20	99.6911	0.001	0.0012	0.0048	0.0176	0.0704	0.1449	0	0.2809	0.2453	0.1596	0.0505	0.0192	0.0045
21	99.7886	0.0013	0.002	0.0054	0.0189	0.0569	0.1038	0.1384	0.2552	0.2215	0.1327	0.043	0.0166	0.0041
