Allele	DRB1_04_15
Type	Standard
n_specificities	1
npep_u	1
npep_t	5000
spec_ids	1
L_core	9
L_N	0
L_C	0
CS_perL	1
pepL_lower	12
pepL_upper	21
n_diff_aa	20

PWM_norm.1	P1	P2	P3	P4	P5	P6	P7	P8	P9
A	0.1514	0.971	1.457	1.6468	1.2077	0.6289	1.6928	1.1786	2.9915
C	0.0752	0.118	0.3832	0.2652	0.1336	0.1282	0.1172	0.1131	0.2264
D	0.0461	0.5546	0.4347	0.2883	1.5519	3.3482	0.6291	0.5371	0.4185
E	0.034	1.1045	0.574	0.8418	0.7491	0.1408	0.5557	0.9166	0.4532
F	1.2848	0.8507	1.0002	1.6476	0.4295	0.0514	0.8092	0.6046	0.2364
G	0.0928	0.3361	0.7236	0.1638	0.7969	0.2387	0.9828	0.9621	2.9595
H	0.0565	1.4432	0.6647	0.1403	1.1951	0.0887	1.4262	1.5437	0.8422
I	8.7075	1.5947	2.0351	3.9432	0.7648	0.3076	1.2927	1.0119	0.3293
K	0.0468	1.7443	0.9083	0.174	1.6646	0.0697	0.9613	1.5625	0.2691
L	2.8025	0.8388	0.7798	1.9075	0.5165	0.0865	1.3179	1.0918	0.1742
M	1.498	0.5271	0.9672	3.6678	0.6038	0.0704	0.7858	0.5453	0.3262
N	0.0555	1.0223	1.5518	0.1613	1.433	4.1619	1.7031	0.8962	0.8888
P	0.0887	0.0548	0.9836	0.0227	1.3736	0.3457	1.1125	1.2711	0.3627
Q	0.0383	1.2417	0.8747	0.8292	0.9752	0.0867	1.2368	1.0865	2.897
R	0.0451	1.734	1.2494	0.0676	1.1692	0.066	1.1043	1.4361	0.2309
S	0.0404	0.7046	0.9741	0.5124	1.1304	2.5418	0.6635	0.7431	2.2102
T	0.1519	1.109	0.9811	0.8647	1.1473	4.4333	0.6582	0.862	0.635
V	3.4569	1.94	1.2461	2.1246	0.9701	1.6327	0.8335	0.984	0.4172
W	0.3205	0.5062	0.5201	0.5261	0.3173	0.031	0.6034	0.333	0.071
Y	0.1975	1.153	1.6314	0.3118	0.8498	0.0551	0.7357	1.0692	0.1724

pepL	alpha	w_s
12	99.5307	0.083	0.1488	0	0.3949	0.3733
13	98.9574	0.0263	0.0764	0.2382	0.4675	0.1916
14	98.3293	0.0043	0.0259	0.161	0	0.4702	0.2976	0.0409
15	98.0138	0.0017	0.0096	0.0839	0.3761	0.4093	0.0998	0.0197
16	98.2233	8e-04	0.0022	0.03	0.2337	0	0.522	0.1562	0.0472	0.0079
17	98.7349	8e-04	0.0019	0.0146	0.1152	0.4294	0.2806	0.114	0.0362	0.0072
18	99.2174	5e-04	0.0013	0.0066	0.0433	0.2908	0	0.3312	0.218	0.0767	0.0267	0.005
19	99.5134	0.001	0.0012	0.0074	0.029	0.145	0.2323	0.2917	0.1843	0.0762	0.0263	0.0055
20	99.6911	0.001	0.0012	0.0048	0.0176	0.0704	0.1449	0	0.2809	0.2453	0.1596	0.0505	0.0192	0.0045
21	99.7886	0.0013	0.002	0.0054	0.0189	0.0569	0.1038	0.1384	0.2552	0.2215	0.1327	0.043	0.0166	0.0041
