Allele	DRB1_04_01
Type	Standard
n_specificities	1
npep_u	1
npep_t	40740
spec_ids	1
L_core	9
L_N	0
L_C	0
CS_perL	1
pepL_lower	12
pepL_upper	21
n_diff_aa	20

PWM_norm.1	P1	P2	P3	P4	P5	P6	P7	P8	P9
A	0.0096	0.6678	1.3742	1.441	1.1425	0.4385	2.5259	2.5932	3.2462
C	0.0083	0.2098	0.5538	0.0914	0.3828	0.0145	0.1033	0.1649	0.2203
D	0.0084	0.2022	0.2254	6.3123	1.6416	3.7351	0.9368	0.4077	0.1547
E	0.0053	0.7717	0.4389	3.0224	0.7507	0.0408	1.2361	0.7659	0.4352
F	8.7485	0.5244	1.4315	0.8768	0.393	0.0174	0.2095	0.5846	0.1674
G	0.0086	0.3387	0.6798	0.0721	0.7105	0.0434	0.2805	0.5201	2.6426
H	0.0178	0.7856	0.3996	0.1212	0.7333	0.0328	0.2365	0.7703	0.4054
I	2.7803	1.9112	2.3425	1.2293	1.0542	0.0603	0.8218	0.6255	0.2816
K	0.0136	1.1773	1.218	0.0137	1.1029	0.0214	0.0289	1.6285	0.0981
L	1.0112	0.8719	0.7267	0.2041	0.4891	0.0412	1.2449	0.8031	0.1048
M	0.743	0.4746	0.898	1.3296	0.4222	0.0059	0.4073	0.5474	0.3126
N	0.0085	1.1885	1.6168	0.5479	1.0887	3.7281	3.1611	1.0311	0.3687
P	0.0169	0.0039	1.04	0.0057	1.9755	0.1092	1.6897	1.5812	0.1178
Q	0.0047	0.9815	0.7665	1.2936	0.8532	0.0142	0.7232	0.9898	2.9393
R	0.0055	2.3787	1.3734	0.0179	1.0535	0.0317	0.1749	1.6193	0.0268
S	0.0194	0.7654	0.9469	0.7134	1.4367	2.9627	1.0086	0.8073	3.5176
T	0.0122	1.4985	0.8556	0.8869	1.3878	5.6321	0.7552	0.6872	0.3554
V	1.0691	2.4591	1.2829	0.6171	0.9898	1.2233	1.4877	0.8193	0.4434
W	5.5793	0.8771	0.3456	0.2709	0.1847	0.0121	0.1706	0.596	0.0062
Y	11.9699	1.784	1.3654	0.0475	0.4026	0.0228	0.1974	0.6642	0.1045

pepL	alpha	w_s
12	99.5307	0.083	0.1488	0	0.3949	0.3733
13	98.9574	0.0263	0.0764	0.2382	0.4675	0.1916
14	98.3293	0.0043	0.0259	0.161	0	0.4702	0.2976	0.0409
15	98.0138	0.0017	0.0096	0.0839	0.3761	0.4093	0.0998	0.0197
16	98.2233	8e-04	0.0022	0.03	0.2337	0	0.522	0.1562	0.0472	0.0079
17	98.7349	8e-04	0.0019	0.0146	0.1152	0.4294	0.2806	0.114	0.0362	0.0072
18	99.2174	5e-04	0.0013	0.0066	0.0433	0.2908	0	0.3312	0.218	0.0767	0.0267	0.005
19	99.5134	0.001	0.0012	0.0074	0.029	0.145	0.2323	0.2917	0.1843	0.0762	0.0263	0.0055
20	99.6911	0.001	0.0012	0.0048	0.0176	0.0704	0.1449	0	0.2809	0.2453	0.1596	0.0505	0.0192	0.0045
21	99.7886	0.0013	0.002	0.0054	0.0189	0.0569	0.1038	0.1384	0.2552	0.2215	0.1327	0.043	0.0166	0.0041
