Allele	DRB1_14_11
Type	Standard
n_specificities	2
npep_u	0.989	0.011
npep_t	5000	5000
spec_ids	1	2
L_core	9
L_N	0
L_C	0
CS_perL	1
pepL_lower	12
pepL_upper	21
n_diff_aa	20

PWM_norm.1	P1	P2	P3	P4	P5	P6	P7	P8	P9
A	0.1598	0.9786	1.4148	1.6995	0.9059	0.5722	1.3116	1.1812	1.092
C	0.0686	0.1182	0.3168	0.4966	0.2635	0.0746	0.1801	0.116	0.542
D	0.0465	0.5555	0.3842	0.4463	1.7337	0.2738	0.9373	0.5499	0.1885
E	0.0361	1.1065	0.6135	0.4788	1.4009	0.4498	1.3248	0.9164	0.2375
F	1.2075	0.8442	1.2901	1.0172	0.5621	0.1142	0.5632	0.6052	1.4774
G	0.0913	0.3341	0.4771	0.2115	0.6453	0.2729	1.1146	0.9468	0.4496
H	0.0557	1.4506	0.9777	0.5612	1.148	2.8139	0.6664	1.5282	0.3514
I	8.8482	1.5874	2.0506	2.5594	0.99	0.2228	1.1247	1.0162	1.9125
K	0.0511	1.7251	0.976	0.2622	1.799	6.6617	0.7384	1.5537	0.212
L	2.6807	0.856	0.9521	1.4229	0.4823	0.0907	1.2547	1.0855	2.2623
M	1.5984	0.5286	1.2608	0.8336	0.555	0.2855	1.0174	0.5538	1.4762
N	0.0572	1.0179	0.8048	1.5249	1.1745	0.5446	2.0257	0.9038	0.6783
P	0.0827	0.0529	1.0836	0.1495	1.0959	0.5578	0.6692	1.2759	0.1227
Q	0.0401	1.1967	1.1656	0.3398	1.0838	0.6747	1.2359	1.0813	0.55
R	0.0421	1.746	0.9304	0.1327	1.1349	3.9186	0.3993	1.4304	0.375
S	0.0434	0.7128	0.739	1.5892	0.7936	0.3563	0.9882	0.746	0.6773
T	0.1511	1.1169	0.819	1.0759	1.2012	0.6307	0.7262	0.863	0.8719
V	3.5484	1.9381	1.5145	2.8747	0.9412	0.5036	1.0699	0.997	3.0834
W	0.3015	0.5113	0.8567	0.1549	0.6669	0.1258	0.3604	0.3334	0.2168
Y	0.2197	1.1473	1.8853	0.4329	0.9273	0.1855	1.11	1.0766	2.7968

PWM_norm.2	P1	P2	P3	P4	P5	P6	P7	P8	P9
A	0.1665	0.9964	1.392	1.5872	0.9124	1.6853	1.4807	1.2011	1.1115
C	0.0731	0.1071	0.303	0.4769	0.2546	0.1642	0.1667	0.1193	0.5762
D	0.0503	0.5211	0.3156	0.3272	1.8105	0.8247	0.8107	0.5598	0.2093
E	0.0404	1.0976	0.6213	0.4816	1.5149	0.8464	1.3652	0.9417	0.2527
F	1.2969	0.7549	1.2778	1.2796	0.5069	0.2439	0.6307	0.6195	1.6712
G	0.0938	0.3464	0.497	0.2813	0.6468	0.6313	1.3001	0.9228	0.5096
H	0.0554	1.4618	0.997	0.9808	1.0639	1.3074	0.5994	1.5512	0.3824
I	8.6458	1.5697	1.9189	1.7637	1.0206	1.0784	1.0641	0.9433	1.9333
K	0.0512	1.7089	0.9487	0.8152	1.7472	1.0811	0.5928	1.5021	0.1934
L	2.7129	0.8619	0.9504	1.0659	0.4755	0.4595	1.2388	1.0898	2.1608
M	1.5569	0.5487	1.1653	0.6702	0.5122	0.4687	0.9765	0.5832	1.4453
N	0.0652	1.0274	0.8429	1.5659	1.0656	1.1803	1.9863	0.889	0.7393
P	0.1	0.0542	1.2572	0.1863	1.2101	1.2073	0.633	1.2971	0.1316
Q	0.0426	1.2117	1.1567	0.4704	1.0287	2.0977	1.1708	1.1004	0.5825
R	0.0471	1.767	0.9768	0.3749	1.1448	0.6365	0.3284	1.4148	0.3401
S	0.0434	0.719	0.7741	1.7194	0.7479	0.7933	0.9487	0.7474	0.702
T	0.1555	1.1041	0.8259	1.1842	1.1797	2.0508	0.8492	0.8561	0.8567
V	3.54	1.9942	1.453	2.5988	0.9606	1.4783	1.1607	1.0053	2.934
W	0.3687	0.4582	0.8097	0.3484	0.5258	0.1695	0.2699	0.3568	0.2514
Y	0.2121	1.1165	1.8564	0.5874	0.9069	0.2209	0.9421	1.0926	2.7963

pepL	alpha	w_s
12	99.5307	0.083	0.1488	0	0.3949	0.3734	0.083	0.1488	0	0.3949	0.3734
13	98.9575	0.0263	0.0764	0.2382	0.4675	0.1916	0.0263	0.0764	0.2382	0.4675	0.1916
14	98.3294	0.0043	0.0259	0.161	0	0.4702	0.2977	0.0409	0.0043	0.0259	0.161	0	0.4702	0.2977	0.0409
15	98.0139	0.0017	0.0096	0.0839	0.376	0.4093	0.0998	0.0197	0.0017	0.0096	0.0839	0.376	0.4093	0.0998	0.0197
16	98.2233	8e-04	0.0022	0.03	0.2337	0	0.5219	0.1563	0.0471	0.0079	8e-04	0.0022	0.03	0.2337	0	0.5219	0.1563	0.0471	0.0079
17	98.735	8e-04	0.0019	0.0146	0.1152	0.4293	0.2806	0.114	0.0363	0.0072	8e-04	0.0019	0.0146	0.1152	0.4293	0.2806	0.114	0.0363	0.0072
18	99.2174	5e-04	0.0013	0.0066	0.0433	0.2908	0	0.3312	0.218	0.0767	0.0267	0.005	5e-04	0.0013	0.0066	0.0433	0.2908	0	0.3312	0.218	0.0767	0.0267	0.005
19	99.5133	0.001	0.0012	0.0074	0.029	0.145	0.2323	0.2918	0.1844	0.0762	0.0263	0.0055	0.001	0.0012	0.0074	0.029	0.145	0.2323	0.2918	0.1844	0.0762	0.0263	0.0055
20	99.691	0.001	0.0012	0.0048	0.0176	0.0704	0.1449	0	0.2809	0.2454	0.1596	0.0505	0.0192	0.0045	0.001	0.0012	0.0048	0.0176	0.0704	0.1449	0	0.2809	0.2454	0.1596	0.0505	0.0192	0.0045
21	99.7886	0.0013	0.002	0.0054	0.0189	0.0569	0.1038	0.1383	0.2554	0.2215	0.1327	0.043	0.0166	0.0041	0.0013	0.002	0.0054	0.0189	0.0569	0.1038	0.1383	0.2554	0.2215	0.1327	0.043	0.0166	0.0041
