Allele	DRB1_08_18
Type	Standard
n_specificities	2
npep_u	0.953	0.047
npep_t	5000	5000
spec_ids	1	2
L_core	9
L_N	0
L_C	0
CS_perL	1
pepL_lower	12
pepL_upper	21
n_diff_aa	20

PWM_norm.1	P1	P2	P3	P4	P5	P6	P7	P8	P9
A	0.0896	0.971	1.4481	0.8139	0.9102	0.5932	1.2189	0.9909	0.505
C	0.0511	0.118	0.4518	0.2418	0.1779	0.0734	0.1317	0.0866	0.0751
D	0.0347	0.5546	0.5746	0.331	0.8957	0.2805	0.329	0.6026	7.962
E	0.0549	1.1045	0.7427	0.59	0.7371	0.4518	1.2215	1.1136	4.2632
F	8.5177	0.8507	1.1331	1.5064	0.6068	0.1365	0.8509	0.5806	0.171
G	0.0609	0.3361	0.6728	0.1348	0.8411	0.2944	0.766	0.719	0.7671
H	0.1257	1.4432	1.1636	0.2658	1.2381	2.7782	1.1252	1.065	0.6706
I	2.7942	1.5947	1.9725	3.0558	0.8836	0.2394	1.1614	1.1982	0.2546
K	0.0562	1.7443	0.9915	0.4876	2.3577	6.4495	1.008	1.5647	0.1564
L	1.3764	0.8388	0.8704	3.464	0.4677	0.0975	1.9005	1.3762	0.2279
M	0.9048	0.5271	1.1143	2.8833	0.7819	0.2889	1.0808	0.7545	0.2425
N	0.0706	1.0223	0.8013	0.4906	1.5945	0.519	1.6938	0.8248	0.6274
P	0.0383	0.0548	0.936	0.0572	0.9301	0.6142	0.8635	1.2557	0.1533
Q	0.0511	1.2417	1.0451	0.5812	1.1854	0.6895	1.1654	1.2326	0.7457
R	0.0397	1.734	0.9132	0.2064	1.3361	3.9073	0.5783	1.1932	0.1091
S	0.0409	0.7046	0.7236	0.2549	0.9787	0.3396	0.5427	0.6399	0.4219
T	0.0763	1.109	1.0454	0.3994	1.2777	0.7266	0.4318	0.8056	0.302
V	0.9921	1.94	1.3196	1.8308	0.961	0.5073	1.1455	1.1018	0.3309
W	4.4804	0.5062	0.8184	0.355	0.5481	0.1575	0.676	0.32	0.0618
Y	10.1766	1.153	1.709	1.0538	0.9933	0.2032	1.1456	1.0527	0.1392

PWM_norm.2	P1	P2	P3	P4	P5	P6	P7	P8	P9
A	0.0948	0.9925	1.3929	0.7756	1.037	1.6111	1.198	1.0261	0.4979
C	0.0551	0.1071	0.4382	0.2269	0.2688	0.1971	0.1409	0.0939	0.0817
D	0.0383	0.5233	0.5062	0.1798	1.045	0.8737	0.2941	0.6323	7.8452
E	0.0612	1.103	0.7288	0.5954	0.8618	0.8197	1.2601	1.1098	4.2877
F	8.3233	0.7468	1.1723	2.0324	0.5273	0.2223	1.0326	0.5445	0.1947
G	0.0711	0.3521	0.7127	0.1785	0.7792	0.5855	0.82	0.7584	0.7338
H	0.1338	1.5039	1.1763	0.5425	1.2571	1.3731	1.1828	1.0633	0.6019
I	2.7874	1.56	1.9917	2.4588	0.8945	0.9901	1.0837	1.0959	0.256
K	0.0634	1.7348	0.9605	1.1366	1.9469	1.256	0.8284	1.5437	0.1543
L	1.4127	0.8645	0.8733	2.7068	0.4882	0.4122	1.9605	1.3123	0.2336
M	0.9032	0.5469	1.0937	3.0028	0.7941	0.4558	1.1265	0.6974	0.2217
N	0.0767	1.0144	0.8625	0.5088	1.3888	1.1862	1.7478	0.825	0.5593
P	0.0407	0.0541	0.9544	0.071	1.2298	1.2052	0.7261	1.2986	0.1403
Q	0.0534	1.2075	1.0766	0.7422	1.0711	1.9029	1.1003	1.2338	0.83
R	0.0419	1.7865	0.906	0.6223	1.2637	0.8136	0.5767	1.1299	0.1106
S	0.0436	0.7161	0.7437	0.2798	0.9329	0.8246	0.5532	0.6896	0.4607
T	0.0823	1.0825	1.017	0.4316	1.1686	2.0102	0.4711	0.7462	0.3301
V	0.9861	1.9691	1.2987	1.5329	1.0242	1.5287	1.2162	1.2587	0.3389
W	4.7227	0.466	0.97	0.9015	0.5927	0.1965	0.5684	0.3965	0.088
Y	10.0822	1.1057	1.7097	1.6737	1.1399	0.2287	1.1275	0.9633	0.1714

pepL	alpha	w_s
12	99.5307	0.083	0.1488	0	0.3949	0.3733	0.083	0.1488	0	0.3949	0.3733
13	98.9574	0.0263	0.0764	0.2382	0.4675	0.1916	0.0263	0.0764	0.2382	0.4675	0.1916
14	98.3293	0.0043	0.0259	0.161	0	0.4702	0.2976	0.0409	0.0043	0.0259	0.161	0	0.4702	0.2976	0.0409
15	98.0138	0.0017	0.0096	0.0839	0.3761	0.4093	0.0998	0.0197	0.0017	0.0096	0.0839	0.3761	0.4093	0.0998	0.0197
16	98.2233	8e-04	0.0022	0.03	0.2337	0	0.522	0.1562	0.0472	0.0079	8e-04	0.0022	0.03	0.2337	0	0.522	0.1562	0.0472	0.0079
17	98.7349	8e-04	0.0019	0.0146	0.1152	0.4294	0.2806	0.114	0.0362	0.0072	8e-04	0.0019	0.0146	0.1152	0.4294	0.2806	0.114	0.0362	0.0072
18	99.2174	5e-04	0.0013	0.0066	0.0433	0.2908	0	0.3312	0.218	0.0767	0.0267	0.005	5e-04	0.0013	0.0066	0.0433	0.2908	0	0.3312	0.218	0.0767	0.0267	0.005
19	99.5134	0.001	0.0012	0.0074	0.029	0.145	0.2323	0.2917	0.1843	0.0762	0.0263	0.0055	0.001	0.0012	0.0074	0.029	0.145	0.2323	0.2917	0.1843	0.0762	0.0263	0.0055
20	99.6911	0.001	0.0012	0.0048	0.0176	0.0704	0.1449	0	0.2809	0.2453	0.1596	0.0505	0.0192	0.0045	0.001	0.0012	0.0048	0.0176	0.0704	0.1449	0	0.2809	0.2453	0.1596	0.0505	0.0192	0.0045
21	99.7886	0.0013	0.002	0.0054	0.0189	0.0569	0.1038	0.1384	0.2552	0.2215	0.1327	0.043	0.0166	0.0041	0.0013	0.002	0.0054	0.0189	0.0569	0.1038	0.1384	0.2552	0.2215	0.1327	0.043	0.0166	0.0041
