Allele	DRB1_15_02
Type	Standard
n_specificities	1
npep_u	1
npep_t	1779
spec_ids	1
L_core	9
L_N	0
L_C	0
CS_perL	1
pepL_lower	12
pepL_upper	21
n_diff_aa	20

PWM_norm.1	P1	P2	P3	P4	P5	P6	P7	P8	P9
A	0.0752	0.7466	1.2848	0.267	1.3733	2.1056	0.6614	1.2934	3.0152
C	0.0574	0.0601	0.0624	0.0529	0.1554	0.0656	0.1029	0.0577	0.0755
D	0.0471	0.5241	0.3002	0.2999	1.027	1.35	1.4259	0.4193	0.2038
E	0.0306	0.743	0.6197	0.1889	0.9736	0.4119	0.677	1.2497	0.3894
F	10.7309	0.7884	0.4427	7.5102	0.3394	0.196	2.7443	0.7479	0.561
G	0.0378	0.756	0.7241	0.1196	0.7519	2.4161	0.3871	1.9433	0.9164
H	0.1245	1.5974	0.8626	2.0634	1.556	0.2205	1.5997	0.8417	0.4426
I	2.4211	0.8149	1.9213	1.1016	0.5056	0.3698	0.7994	0.6499	1.4627
K	0.0425	1.3711	1.0398	0.402	1.5461	0.0954	1.0826	1.3566	0.2359
L	1.4519	0.5318	0.7508	0.637	0.4019	0.1248	0.7447	0.795	1.9266
M	0.8111	0.4011	0.5424	1.3948	0.2217	0.0678	0.6528	0.2732	0.589
N	0.0491	1.3417	0.8698	0.3148	0.7647	4.0544	1.5701	0.9924	0.4542
P	0.0212	0.0594	1.3558	0.126	2.124	0.2162	1.7331	1.6346	0.2869
Q	0.032	1.7952	0.8128	0.7536	1.0118	0.4488	1.403	1.0107	0.8032
R	0.0399	1.9072	1.6761	0.5622	1.2211	0.3417	1.1146	1.2739	0.6947
S	0.0329	0.984	1.1296	0.2071	0.7072	3.5013	0.5528	0.8452	0.8826
T	0.057	1.0011	0.754	0.4113	1.4148	0.4698	0.803	0.6077	1.1073
V	1.2731	2.6705	1.5674	1.032	1.0741	0.1739	0.7954	0.904	2.1784
W	1.6577	0.403	0.7968	3.6978	0.6616	0.0903	0.6723	0.3972	0.0499
Y	8.5901	0.965	1.738	8.6476	1.3958	0.7836	1.6427	0.396	0.099

pepL	alpha	w_s
12	99.5307	0.083	0.1488	0	0.3949	0.3734
13	98.9575	0.0263	0.0764	0.2382	0.4675	0.1916
14	98.3294	0.0043	0.0259	0.161	0	0.4702	0.2977	0.0409
15	98.0139	0.0017	0.0096	0.0839	0.376	0.4093	0.0998	0.0197
16	98.2233	8e-04	0.0022	0.03	0.2337	0	0.5219	0.1563	0.0471	0.0079
17	98.735	8e-04	0.0019	0.0146	0.1152	0.4293	0.2806	0.114	0.0363	0.0072
18	99.2174	5e-04	0.0013	0.0066	0.0433	0.2908	0	0.3312	0.218	0.0767	0.0267	0.005
19	99.5133	0.001	0.0012	0.0074	0.029	0.145	0.2323	0.2918	0.1844	0.0762	0.0263	0.0055
20	99.691	0.001	0.0012	0.0048	0.0176	0.0704	0.1449	0	0.2809	0.2454	0.1596	0.0505	0.0192	0.0045
21	99.7886	0.0013	0.002	0.0054	0.0189	0.0569	0.1038	0.1383	0.2554	0.2215	0.1327	0.043	0.0166	0.0041
