Allele	DRB1_09_01
Type	Standard
n_specificities	1
npep_u	1
npep_t	7387
spec_ids	1
L_core	9
L_N	0
L_C	0
CS_perL	1
pepL_lower	12
pepL_upper	21
n_diff_aa	20

PWM_norm.1	P1	P2	P3	P4	P5	P6	P7	P8	P9
A	0.0775	1.1441	1.6734	4.7356	0.8922	1.9766	1.7678	1.1469	1.1429
C	0.0339	0.1258	0.2056	0.0942	0.2051	0.1026	0.1192	0.0774	0.1152
D	0.0179	0.4756	0.1712	0.0642	0.6974	0.4015	0.7662	0.7667	1.0565
E	0.0081	0.9519	0.6965	0.0468	1.5136	1.6134	1.3683	0.9852	1.0236
F	9.4787	0.482	0.7811	1.6946	0.7417	0.1701	1.5844	0.6527	1.3004
G	0.0962	0.578	0.9967	1.3194	0.6107	1.4759	0.9722	0.9158	0.5265
H	0.0351	3.8586	1.8843	2.4648	1.8074	1.2816	2.4625	0.5221	0.7228
I	2.414	1.0655	0.7779	0.0584	0.6489	0.4076	0.5635	1.5976	4.0773
K	0.016	1.1923	1.0294	0.0206	1.6384	0.0677	1.2954	1.3485	0.1815
L	1.9845	0.8253	0.632	0.0702	0.5	0.2257	0.5659	0.9246	1.2925
M	1.098	0.4478	0.5416	0.1293	0.3913	0.462	0.7531	0.5925	0.6468
N	0.0202	1.1248	0.809	0.1241	0.6087	0.8314	1.1025	0.6689	0.7651
P	0.1091	0.0133	2.5391	0.1165	1.1181	0.8865	0.6534	1.7534	0.3924
Q	0.0471	1.5347	0.9924	0.1116	1.5077	2.6649	1.8132	0.6175	0.8272
R	0.0106	1.5064	0.9846	0.0181	1.0671	0.0513	0.8784	1.0105	0.3248
S	0.0985	0.8666	1.1482	4.1591	0.9912	1.6064	0.5617	1.011	0.4688
T	0.0251	1.349	0.3758	0.6526	1.325	2.0618	0.9857	0.9966	0.7279
V	1.2902	1.4373	0.9005	0.584	1.5256	1.0697	0.6799	1.4544	2.0489
W	4.0766	0.6923	0.2329	0.0243	0.265	0.0341	0.2988	0.1002	0.1799
Y	6.7383	0.945	1.7514	0.0547	0.8408	0.2684	0.8284	0.5286	1.9362

pepL	alpha	w_s
12	99.5307	0.083	0.1488	0	0.3949	0.3734
13	98.9575	0.0263	0.0764	0.2382	0.4675	0.1916
14	98.3294	0.0043	0.0259	0.161	0	0.4702	0.2977	0.0409
15	98.0139	0.0017	0.0096	0.0839	0.376	0.4093	0.0998	0.0197
16	98.2233	8e-04	0.0022	0.03	0.2337	0	0.5219	0.1563	0.0471	0.0079
17	98.735	8e-04	0.0019	0.0146	0.1152	0.4293	0.2806	0.114	0.0363	0.0072
18	99.2174	5e-04	0.0013	0.0066	0.0433	0.2908	0	0.3312	0.218	0.0767	0.0267	0.005
19	99.5133	0.001	0.0012	0.0074	0.029	0.145	0.2323	0.2918	0.1844	0.0762	0.0263	0.0055
20	99.691	0.001	0.0012	0.0048	0.0176	0.0704	0.1449	0	0.2809	0.2454	0.1596	0.0505	0.0192	0.0045
21	99.7886	0.0013	0.002	0.0054	0.0189	0.0569	0.1038	0.1383	0.2554	0.2215	0.1327	0.043	0.0166	0.0041
