Allele	DRB1_01_02
Type	Standard
n_specificities	1
npep_u	1
npep_t	11729
spec_ids	1
L_core	9
L_N	0
L_C	0
CS_perL	1
pepL_lower	12
pepL_upper	21
n_diff_aa	20

PWM_norm.1	P1	P2	P3	P4	P5	P6	P7	P8	P9
A	0.1356	1.1719	2.0216	1.5691	1.3243	5.3437	1.7755	1.3102	3.3949
C	0.0131	0.0762	0.2587	0.0892	0.1839	0.0316	0.1264	0.0679	1.0842
D	0.0201	0.2992	0.3953	0.025	0.927	0.1085	0.2804	0.5788	0.0523
E	0.0223	1.2607	0.9361	1.8024	1.5801	0.2014	1.6944	1.0041	0.0337
F	0.2579	0.5835	0.5001	0.1086	0.2761	0.0565	0.5701	0.421	0.1228
G	0.0409	0.3122	0.7375	0.3251	0.4511	4.5558	0.3834	0.8885	1.1027
H	0.0191	0.9656	1.2564	0.0424	1.6819	0.0295	1.5446	1.2825	0.0699
I	9.8204	2.2658	1.2157	0.9979	0.5995	0.0325	1.3828	1.1205	2.1147
K	0.0103	1.5756	1.2591	0.0585	1.8684	0.043	0.8529	1.7193	0.077
L	2.3008	1.0655	0.8251	4.5065	0.2267	0.0293	0.5758	1.0628	2.2619
M	0.9447	0.4316	0.9778	3.8779	0.3619	0.0109	0.5675	0.6214	0.5204
N	0.012	0.6068	0.6981	0.3383	0.9319	0.6776	2.363	0.8384	0.2892
P	0.0923	0.0391	1.1222	0.0385	1.5798	1.6256	0.7331	1.6194	0.0923
Q	0.0404	1.2213	1.1767	1.3628	1.7266	0.0769	1.9881	1.1894	0.0877
R	0.0107	2.0888	0.965	0.0366	1.3503	0.0179	0.8013	1.431	0.0348
S	0.0106	0.8609	1.1125	0.2412	1.0142	1.4962	0.5917	0.5341	0.5509
T	0.0358	1.1577	0.7872	0.1804	1.354	0.4946	0.7314	0.8234	0.9281
V	4.7837	1.3833	0.9158	0.7347	0.6068	0.2953	1.5068	0.8453	3.458
W	0.0569	0.0504	0.8395	0.0366	0.0631	0.0208	0.7075	0.0638	0.015
Y	0.0429	0.846	1.2524	0.0165	0.3868	0.0097	0.5397	0.9066	0.0253

pepL	alpha	w_s
12	99.5307	0.083	0.1488	0	0.3949	0.3734
13	98.9575	0.0263	0.0764	0.2382	0.4675	0.1916
14	98.3294	0.0043	0.0259	0.161	0	0.4702	0.2977	0.0409
15	98.0139	0.0017	0.0096	0.0839	0.376	0.4093	0.0998	0.0197
16	98.2233	8e-04	0.0022	0.03	0.2337	0	0.5219	0.1563	0.0471	0.0079
17	98.735	8e-04	0.0019	0.0146	0.1152	0.4293	0.2806	0.114	0.0363	0.0072
18	99.2174	5e-04	0.0013	0.0066	0.0433	0.2908	0	0.3312	0.218	0.0767	0.0267	0.005
19	99.5133	0.001	0.0012	0.0074	0.029	0.145	0.2323	0.2918	0.1844	0.0762	0.0263	0.0055
20	99.691	0.001	0.0012	0.0048	0.0176	0.0704	0.1449	0	0.2809	0.2454	0.1596	0.0505	0.0192	0.0045
21	99.7886	0.0013	0.002	0.0054	0.0189	0.0569	0.1038	0.1383	0.2554	0.2215	0.1327	0.043	0.0166	0.0041
