Allele	DRB1_08_01
Type	Standard
n_specificities	2
npep_u	0.568	0.432
npep_t	15414	11726
spec_ids	1	2
L_core	9
L_N	0
L_C	0
CS_perL	1
pepL_lower	12
pepL_upper	21
n_diff_aa	20

PWM_norm.1	P1	P2	P3	P4	P5	P6	P7	P8	P9
A	0.0141	0.8627	1.8104	1.9783	0.7417	0.1481	1.7652	0.9747	0.4085
C	0.0101	0.0932	0.2951	0.4589	0.0397	0.0231	0.0401	0.043	0.1002
D	0.01	0.8325	0.8313	1.7204	0.7624	0.0558	0.4527	0.2999	8.3669
E	0.02	1.4137	1.0275	0.7085	0.8499	0.288	1.2684	1.3388	3.626
F	8.4647	0.5913	1.1071	0.6502	0.9196	0.0087	0.4902	0.5655	0.0356
G	0.0206	0.24	0.3104	0.0539	1.0181	0.0535	1.3485	0.5294	1.0302
H	0.0313	1.2927	0.5745	0.0793	1.1635	2.4706	1.7064	1.0433	0.9748
I	3.8487	2.3352	2.2096	2.3113	0.7524	0.0416	1.4141	1.51	0.192
K	0.0313	2.3799	0.9726	0.0393	2.8787	9.4904	1.0899	1.8055	0.0433
L	1.2281	0.7195	1.0112	2.4023	0.4575	0.0107	0.9779	1.619	0.1648
M	1.0467	0.5075	1.5706	1.3663	0.3475	0.0386	0.7349	0.807	0.3853
N	0.0064	0.7241	0.6549	0.7072	1.9206	0.7656	1.6336	0.407	0.8461
P	0.014	0.0074	0.7229	0.0162	0.4837	0.1079	1.0278	0.9645	0.1168
Q	0.031	1.2576	0.7656	0.3792	0.9823	0.1051	0.8649	1.0364	0.9873
R	0.0564	1.7678	1.019	0.0202	1.4769	4.27	0.7452	1.4527	0.1315
S	0.0126	0.5534	0.5229	0.5841	0.887	0.1269	0.6362	0.4346	0.4305
T	0.0379	1.0203	0.9755	0.582	1.3814	0.2815	0.4766	0.6355	0.3604
V	0.7134	1.5836	1.4343	2.985	1.137	0.497	0.8206	1.2261	0.3753
W	3.7167	0.1756	0.2027	0.0173	0.2124	0.1063	1.0201	0.1443	0.0632
Y	10.8775	0.7367	1.6924	0.5716	0.6972	0.3595	1.1109	1.4679	0.1259

PWM_norm.2	P1	P2	P3	P4	P5	P6	P7	P8	P9
A	0.0415	1.0057	1.1613	0.3	1.3195	1.4779	2.7032	1.2319	0.24
C	0.0092	0.0139	0.247	0.0265	0.1928	0.0492	0.0535	0.0683	0.1196
D	0.0132	0.2514	0.5276	0.0271	0.5443	1.1168	0.3228	0.4811	8.6777
E	0.0346	1.6803	0.8625	0.0369	1.2023	1.9282	0.837	1.4487	3.8019
F	7.7997	0.3267	0.696	0.0472	0.4551	0.0774	0.8352	0.3743	0.1344
G	0.0181	0.5186	0.6159	0.0131	0.7227	0.4304	1.4238	0.756	0.7428
H	0.0577	1.2175	1.2403	0.1477	0.8186	0.1758	1.4713	0.851	0.6148
I	2.2093	1.8084	2.2986	0.0917	1.479	1.7045	1.5433	0.8748	0.1857
K	0.104	2.1971	0.7321	11.9933	1.9422	0.0344	1.0536	1.4943	0.0322
L	1.7897	1.0251	0.8747	0.0837	0.7747	0.2133	1.2613	1.285	0.1301
M	0.539	0.2512	1.079	0.4036	0.3692	0.0763	0.7952	0.4693	0.0524
N	0.0716	1.2548	0.6626	0.0276	1.3694	2.2715	0.8348	0.5618	0.6673
P	0.0156	0.0084	1.1904	0.012	0.3428	0.6574	1.0193	1.391	0.0423
Q	0.0864	0.9033	1.6247	0.0523	0.5767	3.1373	0.5369	0.9356	1.3393
R	0.0817	1.3888	0.9197	3.4962	1.0508	0.0342	0.7239	1.1249	0.0577
S	0.0156	0.629	0.819	0.0772	0.5766	0.6649	0.3074	0.7037	0.5349
T	0.014	0.8597	1.147	0.0522	1.5319	2.4195	0.6521	0.3141	0.4029
V	0.6529	2.0551	1.1668	0.3595	2.115	1.7104	0.9762	1.9909	0.4539
W	6.1014	0.1747	0.4871	0.4857	0.1264	0.0075	0.3896	0.5	0.166
Y	11.3374	0.5877	1.5856	0.6507	1.065	0.1149	0.7658	0.8197	0.165

pepL	alpha	w_s
12	99.5307	0.083	0.1488	0	0.3949	0.3734	0.083	0.1488	0	0.3949	0.3734
13	98.9575	0.0263	0.0764	0.2382	0.4675	0.1916	0.0263	0.0764	0.2382	0.4675	0.1916
14	98.3294	0.0043	0.0259	0.161	0	0.4702	0.2977	0.0409	0.0043	0.0259	0.161	0	0.4702	0.2977	0.0409
15	98.0139	0.0017	0.0096	0.0839	0.376	0.4093	0.0998	0.0197	0.0017	0.0096	0.0839	0.376	0.4093	0.0998	0.0197
16	98.2233	8e-04	0.0022	0.03	0.2337	0	0.5219	0.1563	0.0471	0.0079	8e-04	0.0022	0.03	0.2337	0	0.5219	0.1563	0.0471	0.0079
17	98.735	8e-04	0.0019	0.0146	0.1152	0.4293	0.2806	0.114	0.0363	0.0072	8e-04	0.0019	0.0146	0.1152	0.4293	0.2806	0.114	0.0363	0.0072
18	99.2174	5e-04	0.0013	0.0066	0.0433	0.2908	0	0.3312	0.218	0.0767	0.0267	0.005	5e-04	0.0013	0.0066	0.0433	0.2908	0	0.3312	0.218	0.0767	0.0267	0.005
19	99.5133	0.001	0.0012	0.0074	0.029	0.145	0.2323	0.2918	0.1844	0.0762	0.0263	0.0055	0.001	0.0012	0.0074	0.029	0.145	0.2323	0.2918	0.1844	0.0762	0.0263	0.0055
20	99.691	0.001	0.0012	0.0048	0.0176	0.0704	0.1449	0	0.2809	0.2454	0.1596	0.0505	0.0192	0.0045	0.001	0.0012	0.0048	0.0176	0.0704	0.1449	0	0.2809	0.2454	0.1596	0.0505	0.0192	0.0045
21	99.7886	0.0013	0.002	0.0054	0.0189	0.0569	0.1038	0.1383	0.2554	0.2215	0.1327	0.043	0.0166	0.0041	0.0013	0.002	0.0054	0.0189	0.0569	0.1038	0.1383	0.2554	0.2215	0.1327	0.043	0.0166	0.0041
