Allele	DRB1_04_25
Type	Standard
n_specificities	2
npep_u	0.96	0.04
npep_t	5000	5000
spec_ids	1	2
L_core	9
L_N	0
L_C	0
CS_perL	1
pepL_lower	12
pepL_upper	21
n_diff_aa	20

PWM_norm.1	P1	P2	P3	P4	P5	P6	P7	P8	P9
A	0.1514	0.971	1.6635	2.6758	1.1908	0.6289	1.6928	1.1786	2.9915
C	0.0752	0.118	0.214	0.211	0.0947	0.1282	0.1172	0.1131	0.2264
D	0.0461	0.5546	0.6484	0.5272	1.4607	3.3482	0.6291	0.5371	0.4185
E	0.034	1.1045	0.5291	0.5692	0.7424	0.1408	0.5557	0.9166	0.4532
F	1.2848	0.8507	0.7364	1.3517	0.4598	0.0514	0.8092	0.6046	0.2364
G	0.0928	0.3361	0.7531	0.3422	0.7876	0.2387	0.9828	0.9621	2.9595
H	0.0565	1.4432	0.6603	0.1742	1.061	0.0887	1.4262	1.5437	0.8422
I	8.7075	1.5947	1.7324	2.4543	0.7389	0.3076	1.2927	1.0119	0.3293
K	0.0468	1.7443	0.9877	0.4457	1.8202	0.0697	0.9613	1.5625	0.2691
L	2.8025	0.8388	0.7831	1.3705	0.5502	0.0865	1.3179	1.0918	0.1742
M	1.498	0.5271	0.7719	1.9341	0.5329	0.0704	0.7858	0.5453	0.3262
N	0.0555	1.0223	1.2019	0.2326	1.5705	4.1619	1.7031	0.8962	0.8888
P	0.0887	0.0548	1.2554	0.0417	1.0599	0.3457	1.1125	1.2711	0.3627
Q	0.0383	1.2417	0.8692	0.417	0.9955	0.0867	1.2368	1.0865	2.897
R	0.0451	1.734	1.2969	0.1609	1.2069	0.066	1.1043	1.4361	0.2309
S	0.0404	0.7046	0.9591	0.8417	1.1875	2.5418	0.6635	0.7431	2.2102
T	0.1519	1.109	1.0473	1.2807	1.1782	4.4333	0.6582	0.862	0.635
V	3.4569	1.94	1.2603	2.7383	1.0706	1.6327	0.8335	0.984	0.4172
W	0.3205	0.5062	0.2288	0.3436	0.2731	0.031	0.6034	0.333	0.071
Y	0.1975	1.153	1.4688	0.3717	0.8527	0.0551	0.7357	1.0692	0.1724

PWM_norm.2	P1	P2	P3	P4	P5	P6	P7	P8	P9
A	0.1621	0.9925	1.767	2.311	1.3132	0.653	1.8442	1.199	3.1525
C	0.0712	0.1071	0.1635	0.1839	0.1043	0.1159	0.1304	0.1165	0.2526
D	0.0473	0.5233	0.4516	0.2815	1.299	3.6614	0.6082	0.542	0.3821
E	0.0364	1.103	0.4618	0.6533	0.8504	0.1392	0.562	0.9271	0.4141
F	1.1669	0.7468	0.6642	1.4258	0.356	0.0486	0.9524	0.6065	0.177
G	0.0949	0.3521	0.971	0.4314	0.7948	0.2417	1.0868	0.9244	2.8165
H	0.053	1.5039	0.695	0.3399	1.1748	0.095	1.5656	1.5907	0.7495
I	8.8341	1.56	1.3203	1.4438	0.7404	0.3038	1.2455	0.9361	0.3054
K	0.0463	1.7348	0.832	2.2114	1.4298	0.069	0.8078	1.5422	0.2304
L	2.7632	0.8645	0.7316	0.7969	0.5941	0.0918	1.2464	1.0951	0.1875
M	1.4995	0.5469	0.6584	1.419	0.5667	0.0656	0.7813	0.561	0.336
N	0.0665	1.0144	1.2634	0.2327	1.2008	4.2026	1.6784	0.8863	0.7656
P	0.0985	0.0541	1.7109	0.0817	1.6449	0.348	0.9902	1.2856	0.3802
Q	0.0419	1.2075	0.9173	0.5709	0.9227	0.0895	1.1519	1.113	2.9652
R	0.0435	1.7865	1.5146	0.8326	1.1587	0.0584	1.1222	1.4256	0.2172
S	0.0413	0.7161	1.0701	0.972	1.0857	2.4952	0.6483	0.7474	2.3192
T	0.156	1.0825	0.9371	1.4863	0.9477	4.1637	0.7405	0.8472	0.6184
V	3.4743	1.9691	0.9145	1.9265	1.2291	1.642	0.8771	1.0056	0.43
W	0.325	0.466	0.2177	0.7585	0.1832	0.0254	0.5508	0.3406	0.063
Y	0.1636	1.1057	1.5522	0.4666	1.0145	0.0515	0.6912	1.0806	0.1847

pepL	alpha	w_s
12	99.5307	0.083	0.1488	0	0.3949	0.3733	0.083	0.1488	0	0.3949	0.3733
13	98.9574	0.0263	0.0764	0.2382	0.4675	0.1916	0.0263	0.0764	0.2382	0.4675	0.1916
14	98.3293	0.0043	0.0259	0.161	0	0.4702	0.2976	0.0409	0.0043	0.0259	0.161	0	0.4702	0.2976	0.0409
15	98.0138	0.0017	0.0096	0.0839	0.3761	0.4093	0.0998	0.0197	0.0017	0.0096	0.0839	0.3761	0.4093	0.0998	0.0197
16	98.2233	8e-04	0.0022	0.03	0.2337	0	0.522	0.1562	0.0472	0.0079	8e-04	0.0022	0.03	0.2337	0	0.522	0.1562	0.0472	0.0079
17	98.7349	8e-04	0.0019	0.0146	0.1152	0.4294	0.2806	0.114	0.0362	0.0072	8e-04	0.0019	0.0146	0.1152	0.4294	0.2806	0.114	0.0362	0.0072
18	99.2174	5e-04	0.0013	0.0066	0.0433	0.2908	0	0.3312	0.218	0.0767	0.0267	0.005	5e-04	0.0013	0.0066	0.0433	0.2908	0	0.3312	0.218	0.0767	0.0267	0.005
19	99.5134	0.001	0.0012	0.0074	0.029	0.145	0.2323	0.2917	0.1843	0.0762	0.0263	0.0055	0.001	0.0012	0.0074	0.029	0.145	0.2323	0.2917	0.1843	0.0762	0.0263	0.0055
20	99.6911	0.001	0.0012	0.0048	0.0176	0.0704	0.1449	0	0.2809	0.2453	0.1596	0.0505	0.0192	0.0045	0.001	0.0012	0.0048	0.0176	0.0704	0.1449	0	0.2809	0.2453	0.1596	0.0505	0.0192	0.0045
21	99.7886	0.0013	0.002	0.0054	0.0189	0.0569	0.1038	0.1384	0.2552	0.2215	0.1327	0.043	0.0166	0.0041	0.0013	0.002	0.0054	0.0189	0.0569	0.1038	0.1384	0.2552	0.2215	0.1327	0.043	0.0166	0.0041
