Allele	DRB1_13_17
Type	Standard
n_specificities	2
npep_u	0.99	0.01
npep_t	5000	5000
spec_ids	1	2
L_core	9
L_N	0
L_C	0
CS_perL	1
pepL_lower	12
pepL_upper	21
n_diff_aa	20

PWM_norm.1	P1	P2	P3	P4	P5	P6	P7	P8	P9
A	0.1598	0.9786	1.4552	0.6104	0.8114	0.8745	0.7376	1.1812	2.8823
C	0.0686	0.1182	0.4118	0.1086	0.2361	0.1356	0.1097	0.116	0.236
D	0.0465	0.5555	0.5316	0.1973	0.6876	0.5223	0.3558	0.5499	0.4497
E	0.0361	1.1065	0.7194	0.2793	0.7827	0.609	0.5792	0.9164	0.4846
F	1.2075	0.8442	1.1792	2.9907	0.5182	0.2828	1.281	0.6052	0.2476
G	0.0913	0.3341	0.6833	0.2135	0.8754	0.3823	0.4888	0.9468	2.954
H	0.0557	1.4506	1.1744	4.6831	1.4946	1.8744	3.3771	1.5282	0.883
I	8.8482	1.5874	2.0279	1.2373	0.7889	0.4199	0.9374	1.0162	0.3248
K	0.0511	1.7251	0.9939	1.9126	2.4971	5.6755	2.1617	1.5537	0.2833
L	2.6807	0.856	0.8792	1.3494	0.5022	0.1984	1.4315	1.0855	0.1751
M	1.5984	0.5286	1.1193	1.5427	0.8302	0.5323	0.6295	0.5538	0.3138
N	0.0572	1.0179	0.7694	0.7628	1.5186	0.6642	1.4523	0.9038	0.9326
P	0.0827	0.0529	0.9355	0.0534	1.3607	0.5455	0.5581	1.2759	0.3804
Q	0.0401	1.1967	1.0643	0.8547	1.233	0.8626	1.4005	1.0813	2.8359
R	0.0421	1.746	0.8885	1.2749	1.3004	2.9874	1.6721	1.4304	0.2655
S	0.0434	0.7128	0.7196	0.2069	0.8156	0.5278	0.359	0.746	2.1883
T	0.1511	1.1169	1.0508	0.3649	1.1949	0.7335	0.3959	0.863	0.6405
V	3.5484	1.9381	1.3045	0.901	0.8492	0.6446	0.6911	0.997	0.4338
W	0.3015	0.5113	0.8669	2.7433	0.7246	0.442	1.0072	0.3334	0.0731
Y	0.2197	1.1473	1.7102	3.2644	0.8506	0.3919	1.8466	1.0766	0.2052

PWM_norm.2	P1	P2	P3	P4	P5	P6	P7	P8	P9
A	0.1665	0.9964	1.3849	0.6057	0.8445	1.6791	0.7767	1.2011	3.2254
C	0.0731	0.1071	0.4602	0.0698	0.3285	0.2462	0.143	0.1193	0.2318
D	0.0503	0.5211	0.4877	0.1389	0.7616	1.0411	0.3557	0.5598	0.3953
E	0.0404	1.0976	0.7173	0.3035	0.8196	0.772	0.5931	0.9417	0.4446
F	1.2969	0.7549	1.2054	2.5907	0.5663	0.4426	1.4695	0.6195	0.1654
G	0.0938	0.3464	0.6967	0.2051	0.8585	0.6807	0.4836	0.9228	2.8672
H	0.0554	1.4618	1.1736	4.6833	1.4302	1.1003	3.4265	1.5512	0.7402
I	8.6458	1.5697	1.9415	0.9856	0.8612	1.1504	0.9535	0.9433	0.2923
K	0.0512	1.7089	0.964	3.05	2.1412	1.2896	1.8661	1.5021	0.2198
L	2.7129	0.8619	0.8469	1.0818	0.5821	0.5206	1.4147	1.0898	0.1754
M	1.5569	0.5487	1.1567	1.2489	0.9464	0.6334	0.7136	0.5832	0.307
N	0.0652	1.0274	0.8766	0.5605	1.4148	1.143	1.4903	0.889	0.7576
P	0.1	0.0542	0.9928	0.0469	1.4569	1.0445	0.5998	1.2971	0.3631
Q	0.0426	1.2117	1.0733	0.8879	1.1796	1.7765	1.4357	1.1004	2.8339
R	0.0471	1.767	0.9361	1.6761	1.2196	0.6964	1.5445	1.4148	0.2023
S	0.0434	0.719	0.759	0.2106	0.7815	0.9014	0.3859	0.7474	2.3455
T	0.1555	1.1041	1.0089	0.3527	1.0957	1.7312	0.4279	0.8561	0.6172
V	3.54	1.9942	1.2668	0.7894	0.9287	1.2941	0.752	1.0053	0.4247
W	0.3687	0.4582	0.9924	2.4767	0.8271	0.3825	1.1163	0.3568	0.0599
Y	0.2121	1.1165	1.7576	2.8371	1.0235	0.3868	1.7166	1.0926	0.1718

pepL	alpha	w_s
12	99.5307	0.083	0.1488	0	0.3949	0.3734	0.083	0.1488	0	0.3949	0.3734
13	98.9575	0.0263	0.0764	0.2382	0.4675	0.1916	0.0263	0.0764	0.2382	0.4675	0.1916
14	98.3294	0.0043	0.0259	0.161	0	0.4702	0.2977	0.0409	0.0043	0.0259	0.161	0	0.4702	0.2977	0.0409
15	98.0139	0.0017	0.0096	0.0839	0.376	0.4093	0.0998	0.0197	0.0017	0.0096	0.0839	0.376	0.4093	0.0998	0.0197
16	98.2233	8e-04	0.0022	0.03	0.2337	0	0.5219	0.1563	0.0471	0.0079	8e-04	0.0022	0.03	0.2337	0	0.5219	0.1563	0.0471	0.0079
17	98.735	8e-04	0.0019	0.0146	0.1152	0.4293	0.2806	0.114	0.0363	0.0072	8e-04	0.0019	0.0146	0.1152	0.4293	0.2806	0.114	0.0363	0.0072
18	99.2174	5e-04	0.0013	0.0066	0.0433	0.2908	0	0.3312	0.218	0.0767	0.0267	0.005	5e-04	0.0013	0.0066	0.0433	0.2908	0	0.3312	0.218	0.0767	0.0267	0.005
19	99.5133	0.001	0.0012	0.0074	0.029	0.145	0.2323	0.2918	0.1844	0.0762	0.0263	0.0055	0.001	0.0012	0.0074	0.029	0.145	0.2323	0.2918	0.1844	0.0762	0.0263	0.0055
20	99.691	0.001	0.0012	0.0048	0.0176	0.0704	0.1449	0	0.2809	0.2454	0.1596	0.0505	0.0192	0.0045	0.001	0.0012	0.0048	0.0176	0.0704	0.1449	0	0.2809	0.2454	0.1596	0.0505	0.0192	0.0045
21	99.7886	0.0013	0.002	0.0054	0.0189	0.0569	0.1038	0.1383	0.2554	0.2215	0.1327	0.043	0.0166	0.0041	0.0013	0.002	0.0054	0.0189	0.0569	0.1038	0.1383	0.2554	0.2215	0.1327	0.043	0.0166	0.0041
