Allele	DRB1_15_03
Type	Standard
n_specificities	1
npep_u	1
npep_t	4264
spec_ids	1
L_core	9
L_N	0
L_C	0
CS_perL	1
pepL_lower	12
pepL_upper	21
n_diff_aa	20

PWM_norm.1	P1	P2	P3	P4	P5	P6	P7	P8	P9
A	0.3004	1.0175	1.2341	0.6677	0.843	0.9639	0.8095	1.6494	2.6851
C	0.0333	0.068	0.0275	0.0676	0.1078	0.0303	0.0656	0.0679	0.0875
D	0.0355	0.2616	0.1392	0.1878	0.2306	0.4045	0.3453	0.5255	0.0843
E	0.054	1.2833	0.5325	0.3494	1.3071	9.0849	1.483	1.0057	0.1639
F	2.063	1.175	1.2559	4.5164	0.289	0.1505	1.4765	0.8601	0.3211
G	0.0727	0.2201	0.9301	0.2107	0.8424	0.8582	0.1961	1.3576	0.2861
H	0.1246	0.7822	0.8238	0.746	0.9516	0.1291	1.9575	1.5399	0.2246
I	8.1441	1.0827	2.1966	1.9877	0.343	0.0572	1.0203	0.3945	2.8282
K	0.0201	2.0505	1.7211	0.2082	2.4343	0.1507	1.7511	1.426	0.3266
L	2.9939	0.9019	1.0334	1.0481	0.237	0.018	1.0693	0.9126	2.7742
M	1.9994	0.477	0.6844	1.7069	0.1666	0.0275	0.2692	0.4199	0.3209
N	0.058	0.8541	0.5299	0.5643	2.5913	1.1781	1.9578	0.7607	0.2303
P	0.0542	0.0769	0.7212	0.0732	2.1756	0.1448	0.678	1.4248	0.13
Q	0.0384	1.6126	1.6261	0.8106	1.3503	0.2377	2.3887	1.3276	0.4107
R	0.0214	2.4371	1.0539	0.5058	1.2568	0.3578	1.4565	1.3317	0.4412
S	0.0636	0.6842	0.8444	0.1347	0.9108	0.8392	0.5765	0.6777	0.4541
T	0.0733	0.8982	0.7526	0.2319	1.472	0.3702	0.415	0.8805	1.0072
V	2.7648	1.7769	1.2752	1.3754	0.3881	0.0524	0.5526	0.6223	3.0201
W	0.0457	0.2115	1.0194	3.033	0.2452	0.0201	0.7565	0.1174	0.0413
Y	0.5234	0.595	1.057	9.557	0.4666	0.0984	0.8769	1.1146	0.0963

pepL	alpha	w_s
12	99.5307	0.083	0.1488	0	0.3949	0.3734
13	98.9575	0.0263	0.0764	0.2382	0.4675	0.1916
14	98.3294	0.0043	0.0259	0.161	0	0.4702	0.2977	0.0409
15	98.0139	0.0017	0.0096	0.0839	0.376	0.4093	0.0998	0.0197
16	98.2233	8e-04	0.0022	0.03	0.2337	0	0.5219	0.1563	0.0471	0.0079
17	98.735	8e-04	0.0019	0.0146	0.1152	0.4293	0.2806	0.114	0.0363	0.0072
18	99.2174	5e-04	0.0013	0.0066	0.0433	0.2908	0	0.3312	0.218	0.0767	0.0267	0.005
19	99.5133	0.001	0.0012	0.0074	0.029	0.145	0.2323	0.2918	0.1844	0.0762	0.0263	0.0055
20	99.691	0.001	0.0012	0.0048	0.0176	0.0704	0.1449	0	0.2809	0.2454	0.1596	0.0505	0.0192	0.0045
21	99.7886	0.0013	0.002	0.0054	0.0189	0.0569	0.1038	0.1383	0.2554	0.2215	0.1327	0.043	0.0166	0.0041
