Allele	DRB1_03_01
Type	Standard
n_specificities	1
npep_u	1
npep_t	26211
spec_ids	1
L_core	9
L_N	0
L_C	0
CS_perL	1
pepL_lower	12
pepL_upper	21
n_diff_aa	20

PWM_norm.1	P1	P2	P3	P4	P5	P6	P7	P8	P9
A	0.0751	1.098	0.9586	0.1548	0.8082	0.9421	1.7943	0.9754	0.6563
C	0.0598	0.2263	0.3449	0.0359	0.1177	0.023	0.2353	0.0812	0.4627
D	0.0035	0.5906	0.2475	18.7762	1.0829	0.2045	0.834	0.3626	0.3317
E	0.0148	0.9787	0.7182	0.4159	1.2163	0.5416	1.3764	0.9647	1.0359
F	1.0769	1.2825	0.7002	0.0727	0.4733	0.0223	0.5717	0.721	0.967
G	0.0102	0.2091	0.4127	0.0189	1.4589	0.208	0.7403	0.8374	0.4061
H	0.0132	1.0554	0.492	0.0673	0.7436	0.8163	0.1683	2.0011	0.589
I	9.4827	1.6439	1.9339	0.0181	0.7199	0.3175	1.1667	1.4008	0.4054
K	0.0099	0.9139	0.9447	0.0113	1.3487	7.3558	0.219	1.6612	1.6771
L	2.8978	1.0639	1.0916	0.0189	0.6973	0.121	1.6602	1.5366	0.7701
M	1.208	0.5771	1.17	0.0242	1.1475	0.0474	0.7846	0.2223	1.8814
N	0.0138	1.477	1.0838	0.1288	1.2746	0.974	1.4338	0.6346	0.2577
P	0.0294	0.0157	1.3364	0.0129	2.1524	0.3757	0.4931	1.078	0.0229
Q	0.0182	1.0823	1.1326	0.0128	0.7036	0.8018	1.0655	1.1331	0.5623
R	0.0082	1.3346	1.233	0.0115	0.6785	2.6897	0.4285	1.2968	5.0459
S	0.0106	0.3901	0.7431	0.3584	0.7941	0.4321	0.8056	0.6642	0.539
T	0.0299	1.6945	1.0073	0.0518	1.574	0.9961	1.1522	0.8294	0.4106
V	3.5404	2.4398	1.9577	0.0405	0.5897	0.977	1.7068	0.8977	0.7957
W	0.359	0.2627	0.1629	0.0117	0.3865	0.0033	0.0444	0.1378	0.1143
Y	0.2104	1.3598	1.6003	0.018	0.8019	0.0126	0.8647	0.9133	4.0887

pepL	alpha	w_s
12	99.5307	0.083	0.1488	0	0.3949	0.3734
13	98.9575	0.0263	0.0764	0.2382	0.4675	0.1916
14	98.3294	0.0043	0.0259	0.161	0	0.4702	0.2977	0.0409
15	98.0139	0.0017	0.0096	0.0839	0.376	0.4093	0.0998	0.0197
16	98.2233	8e-04	0.0022	0.03	0.2337	0	0.5219	0.1563	0.0471	0.0079
17	98.735	8e-04	0.0019	0.0146	0.1152	0.4293	0.2806	0.114	0.0363	0.0072
18	99.2174	5e-04	0.0013	0.0066	0.0433	0.2908	0	0.3312	0.218	0.0767	0.0267	0.005
19	99.5133	0.001	0.0012	0.0074	0.029	0.145	0.2323	0.2918	0.1844	0.0762	0.0263	0.0055
20	99.691	0.001	0.0012	0.0048	0.0176	0.0704	0.1449	0	0.2809	0.2454	0.1596	0.0505	0.0192	0.0045
21	99.7886	0.0013	0.002	0.0054	0.0189	0.0569	0.1038	0.1383	0.2554	0.2215	0.1327	0.043	0.0166	0.0041
