Allele	DRB1_14_46
Type	Standard
n_specificities	1
npep_u	1
npep_t	5000
spec_ids	1
L_core	9
L_N	0
L_C	0
CS_perL	1
pepL_lower	12
pepL_upper	21
n_diff_aa	20

PWM_norm.1	P1	P2	P3	P4	P5	P6	P7	P8	P9
A	0.0896	0.971	1.5602	0.9033	0.9399	2.0246	0.7737	1.1786	0.7134
C	0.0511	0.118	0.3027	0.6079	0.1453	0.2341	0.1615	0.1131	0.2426
D	0.0347	0.5546	0.4931	0.3695	1.4807	0.2379	0.6204	0.5371	0.2249
E	0.0549	1.1045	0.8117	1.019	1.1957	0.3014	0.8957	0.9166	0.522
F	8.5177	0.8507	1.0192	1.6141	0.5014	0.5954	0.578	0.6046	1.4845
G	0.0609	0.3361	0.6765	0.3077	0.7754	2.1109	1.9799	0.9621	0.5368
H	0.1257	1.4432	0.8006	0.4731	1.2859	0.7513	1.5932	1.5437	0.4379
I	2.7942	1.5947	2.3123	2.6255	0.6633	1.2159	1.2759	1.0119	0.6494
K	0.0562	1.7443	0.8895	0.411	1.4929	0.2072	1.2101	1.5625	1.5682
L	1.3764	0.8388	0.9232	2.1286	0.34	0.3412	0.7168	1.0918	0.7971
M	0.9048	0.5271	1.1039	2.9293	0.3757	0.3531	0.5551	0.5453	1.4584
N	0.0706	1.0223	0.8403	1.005	1.533	2.1267	2.4975	0.8962	0.3934
P	0.0383	0.0548	1.0128	0.117	2.0012	2.2537	0.4873	1.2711	0.0821
Q	0.0511	1.2417	0.8582	1.3315	1.1636	0.9208	1.5307	1.0865	0.5618
R	0.0397	1.734	0.8133	0.2534	0.9907	0.192	0.8621	1.4361	5.3358
S	0.0409	0.7046	0.806	0.4439	1.1697	1.1498	0.6565	0.7431	0.448
T	0.0763	1.109	0.8623	0.635	1.2235	1.4745	1.0234	0.862	0.3902
V	0.9921	1.94	1.4503	1.4997	0.623	1.2451	1.078	0.984	0.8746
W	4.4804	0.5062	0.5576	1.3819	0.3031	0.1896	0.4675	0.333	0.227
Y	10.1766	1.153	1.7284	1.1942	0.6226	0.3463	0.9726	1.0692	4.0891

pepL	alpha	w_s
12	99.5307	0.083	0.1488	0	0.3949	0.3733
13	98.9574	0.0263	0.0764	0.2382	0.4675	0.1916
14	98.3293	0.0043	0.0259	0.161	0	0.4702	0.2976	0.0409
15	98.0138	0.0017	0.0096	0.0839	0.3761	0.4093	0.0998	0.0197
16	98.2233	8e-04	0.0022	0.03	0.2337	0	0.522	0.1562	0.0472	0.0079
17	98.7349	8e-04	0.0019	0.0146	0.1152	0.4294	0.2806	0.114	0.0362	0.0072
18	99.2174	5e-04	0.0013	0.0066	0.0433	0.2908	0	0.3312	0.218	0.0767	0.0267	0.005
19	99.5134	0.001	0.0012	0.0074	0.029	0.145	0.2323	0.2917	0.1843	0.0762	0.0263	0.0055
20	99.6911	0.001	0.0012	0.0048	0.0176	0.0704	0.1449	0	0.2809	0.2453	0.1596	0.0505	0.0192	0.0045
21	99.7886	0.0013	0.002	0.0054	0.0189	0.0569	0.1038	0.1384	0.2552	0.2215	0.1327	0.043	0.0166	0.0041
