Allele	DRB1_14_02
Type	Standard
n_specificities	1
npep_u	1
npep_t	5000
spec_ids	1
L_core	9
L_N	0
L_C	0
CS_perL	1
pepL_lower	12
pepL_upper	21
n_diff_aa	20

PWM_norm.1	P1	P2	P3	P4	P5	P6	P7	P8	P9
A	0.0896	0.971	1.5602	0.975	1.0184	0.6896	1.0421	1.1786	0.7134
C	0.0511	0.118	0.3027	0.4697	0.2205	0.1096	0.1413	0.1131	0.2426
D	0.0347	0.5546	0.4931	0.2585	1.3618	0.2068	0.458	0.5371	0.2249
E	0.0549	1.1045	0.8117	0.8136	1.1149	0.4088	1.3364	0.9166	0.522
F	8.5177	0.8507	1.0192	1.19	0.541	0.4638	0.3539	0.6046	1.4845
G	0.0609	0.3361	0.6765	0.2386	0.7893	0.4956	1.1919	0.9621	0.5368
H	0.1257	1.4432	0.8006	0.425	1.3971	2.7583	0.8089	1.5437	0.4379
I	2.7942	1.5947	2.3123	2.8083	0.7996	0.8727	1.2935	1.0119	0.6494
K	0.0562	1.7443	0.8895	0.3696	1.8016	3.1121	0.7932	1.5625	1.5682
L	1.3764	0.8388	0.9232	2.6829	0.4374	0.3738	1.1477	1.0918	0.7971
M	0.9048	0.5271	1.1039	2.346	0.5317	0.4595	0.6597	0.5453	1.4584
N	0.0706	1.0223	0.8403	1.3957	1.4331	0.9918	3.1618	0.8962	0.3934
P	0.0383	0.0548	1.0128	0.0899	1.4469	0.9033	0.6077	1.2711	0.0821
Q	0.0511	1.2417	0.8582	1.1875	1.1666	0.9611	1.9047	1.0865	0.5618
R	0.0397	1.734	0.8133	0.1935	1.0526	3.9195	0.4466	1.4361	5.3358
S	0.0409	0.7046	0.806	0.478	0.9769	0.4048	0.7009	0.7431	0.448
T	0.0763	1.109	0.8623	0.5639	1.3235	1.0853	0.8647	0.862	0.3902
V	0.9921	1.94	1.4503	1.6952	0.7038	0.984	1.1459	0.984	0.8746
W	4.4804	0.5062	0.5576	0.5337	0.4528	0.3093	0.3621	0.333	0.227
Y	10.1766	1.153	1.7284	0.7843	0.686	0.3728	0.6726	1.0692	4.0891

pepL	alpha	w_s
12	99.5307	0.083	0.1488	0	0.3949	0.3733
13	98.9574	0.0263	0.0764	0.2382	0.4675	0.1916
14	98.3293	0.0043	0.0259	0.161	0	0.4702	0.2976	0.0409
15	98.0138	0.0017	0.0096	0.0839	0.3761	0.4093	0.0998	0.0197
16	98.2233	8e-04	0.0022	0.03	0.2337	0	0.522	0.1562	0.0472	0.0079
17	98.7349	8e-04	0.0019	0.0146	0.1152	0.4294	0.2806	0.114	0.0362	0.0072
18	99.2174	5e-04	0.0013	0.0066	0.0433	0.2908	0	0.3312	0.218	0.0767	0.0267	0.005
19	99.5134	0.001	0.0012	0.0074	0.029	0.145	0.2323	0.2917	0.1843	0.0762	0.0263	0.0055
20	99.6911	0.001	0.0012	0.0048	0.0176	0.0704	0.1449	0	0.2809	0.2453	0.1596	0.0505	0.0192	0.0045
21	99.7886	0.0013	0.002	0.0054	0.0189	0.0569	0.1038	0.1384	0.2552	0.2215	0.1327	0.043	0.0166	0.0041
