Allele	DRB1_16_04
Type	Standard
n_specificities	1
npep_u	1
npep_t	5000
spec_ids	1
L_core	9
L_N	0
L_C	0
CS_perL	1
pepL_lower	12
pepL_upper	21
n_diff_aa	20

PWM_norm.1	P1	P2	P3	P4	P5	P6	P7	P8	P9
A	0.0896	0.971	1.6746	1.7321	0.9841	1.0447	0.8575	1.1786	2.7251
C	0.0511	0.118	0.1839	0.2687	0.1082	0.1272	0.1389	0.1131	0.5868
D	0.0347	0.5546	0.5177	0.396	1.8003	1.4457	1.0171	0.5371	0.1523
E	0.0549	1.1045	0.6085	0.403	0.6344	0.5093	0.6054	0.9166	0.2529
F	8.5177	0.8507	0.7335	2.4514	0.4193	0.1323	1.3594	0.6046	0.3482
G	0.0609	0.3361	0.6881	0.325	0.6299	1.512	0.5186	0.9621	0.8246
H	0.1257	1.4432	0.893	0.3698	0.8541	0.1854	1.464	1.5437	0.2267
I	2.7942	1.5947	1.814	2.6203	0.8383	0.1388	1.3321	1.0119	2.2609
K	0.0562	1.7443	0.9797	0.4157	2.2994	0.1237	1.3911	1.5625	0.1494
L	1.3764	0.8388	0.926	1.4086	0.4409	0.0547	1.2432	1.0918	2.2103
M	0.9048	0.5271	0.9654	2.4438	0.4985	0.0689	0.5193	0.5453	0.6316
N	0.0706	1.0223	0.6879	0.3198	2.3945	4.4432	1.3297	0.8962	0.4211
P	0.0383	0.0548	1.05	0.1131	0.7015	0.2022	1.0101	1.2711	0.1506
Q	0.0511	1.2417	1.158	0.3381	0.9329	0.254	1.3514	1.0865	0.3476
R	0.0397	1.734	1.2568	0.199	1.4212	0.148	1.5709	1.4361	0.3245
S	0.0409	0.7046	0.8696	0.8609	0.939	5.3267	0.4546	0.7431	0.6825
T	0.0763	1.109	0.9283	1.1756	1.1781	0.5474	1.0846	0.862	0.9708
V	0.9921	1.94	1.4158	2.7857	1.138	0.2152	0.8577	0.984	3.1239
W	4.4804	0.5062	0.3852	0.5977	0.1767	0.0861	1.0263	0.333	0.0597
Y	10.1766	1.153	1.4709	0.7992	1.0019	0.2068	1.0139	1.0692	0.1647

pepL	alpha	w_s
12	99.5307	0.083	0.1488	0	0.3949	0.3733
13	98.9574	0.0263	0.0764	0.2382	0.4675	0.1916
14	98.3293	0.0043	0.0259	0.161	0	0.4702	0.2976	0.0409
15	98.0138	0.0017	0.0096	0.0839	0.3761	0.4093	0.0998	0.0197
16	98.2233	8e-04	0.0022	0.03	0.2337	0	0.522	0.1562	0.0472	0.0079
17	98.7349	8e-04	0.0019	0.0146	0.1152	0.4294	0.2806	0.114	0.0362	0.0072
18	99.2174	5e-04	0.0013	0.0066	0.0433	0.2908	0	0.3312	0.218	0.0767	0.0267	0.005
19	99.5134	0.001	0.0012	0.0074	0.029	0.145	0.2323	0.2917	0.1843	0.0762	0.0263	0.0055
20	99.6911	0.001	0.0012	0.0048	0.0176	0.0704	0.1449	0	0.2809	0.2453	0.1596	0.0505	0.0192	0.0045
21	99.7886	0.0013	0.002	0.0054	0.0189	0.0569	0.1038	0.1384	0.2552	0.2215	0.1327	0.043	0.0166	0.0041
