Allele	DRB1_08_13
Type	Standard
n_specificities	2
npep_u	0.709	0.291
npep_t	5000	5000
spec_ids	1	2
L_core	9
L_N	0
L_C	0
CS_perL	1
pepL_lower	12
pepL_upper	21
n_diff_aa	20

PWM_norm.1	P1	P2	P3	P4	P5	P6	P7	P8	P9
A	0.0896	0.971	1.6726	1.8034	0.8236	0.5932	1.6722	1.1786	2.9915
C	0.0511	0.118	0.1982	0.2355	0.11	0.0734	0.1383	0.1131	0.2264
D	0.0347	0.5546	0.9645	0.7634	0.944	0.2805	0.4746	0.5371	0.4185
E	0.0549	1.1045	0.7396	0.4501	0.7457	0.4518	1.0324	0.9166	0.4532
F	8.5177	0.8507	0.7937	1.1063	0.6909	0.1365	0.536	0.6046	0.2364
G	0.0609	0.3361	0.6743	0.2791	0.8247	0.2944	1.0672	0.9621	2.9595
H	0.1257	1.4432	1.0263	0.2189	1.0737	2.7782	0.6368	1.5437	0.8422
I	2.7942	1.5947	1.7612	2.0207	0.8512	0.2394	1.1685	1.0119	0.3293
K	0.0562	1.7443	1.0838	0.9649	2.5192	6.4495	0.8449	1.5625	0.2691
L	1.3764	0.8388	0.8568	2.3482	0.4842	0.0975	1.5838	1.0918	0.1742
M	0.9048	0.5271	0.9474	1.6728	0.6507	0.2889	1.0488	0.5453	0.3262
N	0.0706	1.0223	0.6089	0.6584	1.8789	0.519	1.7658	0.8962	0.8888
P	0.0383	0.0548	1.0729	0.1164	0.6788	0.6142	1.133	1.2711	0.3627
Q	0.0511	1.2417	1.0825	0.3016	1.2443	0.6895	1.2246	1.0865	2.897
R	0.0397	1.734	0.8475	0.4248	1.3495	3.9073	0.4735	1.4361	0.2309
S	0.0409	0.7046	0.7452	0.4257	1.0607	0.3396	0.6986	0.7431	2.2102
T	0.0763	1.109	1.1225	0.6741	1.2745	0.7266	0.5303	0.862	0.635
V	0.9921	1.94	1.3682	2.6331	0.9673	0.5073	1.0708	0.984	0.4172
W	4.4804	0.5062	0.2831	0.179	0.3272	0.1575	0.3964	0.333	0.071
Y	10.1766	1.153	1.4612	0.9152	0.9109	0.2032	0.8798	1.0692	0.1724

PWM_norm.2	P1	P2	P3	P4	P5	P6	P7	P8	P9
A	0.0948	0.9925	1.595	0.9641	1.1241	1.6111	1.9106	1.199	3.1525
C	0.0551	0.1071	0.2231	0.0852	0.1525	0.1971	0.1323	0.1165	0.2526
D	0.0383	0.5233	0.6159	0.1465	0.976	0.8737	0.3727	0.542	0.3821
E	0.0612	1.103	0.6786	0.3138	0.9506	0.8197	0.9918	0.9271	0.4141
F	8.3233	0.7468	0.7399	0.9039	0.5004	0.2223	0.8326	0.6065	0.177
G	0.0711	0.3521	0.9591	0.3121	0.7537	0.5855	1.2845	0.9244	2.8165
H	0.1338	1.5039	1.1231	0.2908	1.1378	1.3731	0.6882	1.5907	0.7495
I	2.7874	1.56	1.1831	0.4689	0.9218	0.9901	1.0243	0.9361	0.3054
K	0.0634	1.7348	0.8219	6.9559	1.7108	1.256	0.632	1.5422	0.2304
L	1.4127	0.8645	0.8092	0.6512	0.6084	0.4122	1.5992	1.0951	0.1875
M	0.9032	0.5469	0.8239	0.7743	0.6814	0.4558	0.9674	0.561	0.336
N	0.0767	1.0144	0.7727	0.3004	1.2362	1.1862	1.5789	0.8863	0.7656
P	0.0407	0.0541	1.6756	0.1283	1.3314	1.2052	0.9578	1.2856	0.3802
Q	0.0534	1.2075	1.2053	0.3022	1.0381	1.9029	1.0113	1.113	2.9652
R	0.0419	1.7865	0.9659	2.9253	1.2667	0.8136	0.4554	1.4256	0.2172
S	0.0436	0.7161	0.9992	0.3712	0.9091	0.8246	0.7019	0.7474	2.3192
T	0.0823	1.0825	0.9377	0.4571	1.0251	2.0102	0.6945	0.8472	0.6184
V	0.9861	1.9691	0.9583	0.9203	1.2161	1.5287	1.1534	1.0056	0.43
W	4.7227	0.466	0.4281	0.3149	0.2907	0.1965	0.349	0.3406	0.063
Y	10.0822	1.1057	1.8267	0.9652	1.3177	0.2287	0.8689	1.0806	0.1847

pepL	alpha	w_s
12	99.5307	0.083	0.1488	0	0.3949	0.3733	0.083	0.1488	0	0.3949	0.3733
13	98.9574	0.0263	0.0764	0.2382	0.4675	0.1916	0.0263	0.0764	0.2382	0.4675	0.1916
14	98.3293	0.0043	0.0259	0.161	0	0.4702	0.2976	0.0409	0.0043	0.0259	0.161	0	0.4702	0.2976	0.0409
15	98.0138	0.0017	0.0096	0.0839	0.3761	0.4093	0.0998	0.0197	0.0017	0.0096	0.0839	0.3761	0.4093	0.0998	0.0197
16	98.2233	8e-04	0.0022	0.03	0.2337	0	0.522	0.1562	0.0472	0.0079	8e-04	0.0022	0.03	0.2337	0	0.522	0.1562	0.0472	0.0079
17	98.7349	8e-04	0.0019	0.0146	0.1152	0.4294	0.2806	0.114	0.0362	0.0072	8e-04	0.0019	0.0146	0.1152	0.4294	0.2806	0.114	0.0362	0.0072
18	99.2174	5e-04	0.0013	0.0066	0.0433	0.2908	0	0.3312	0.218	0.0767	0.0267	0.005	5e-04	0.0013	0.0066	0.0433	0.2908	0	0.3312	0.218	0.0767	0.0267	0.005
19	99.5134	0.001	0.0012	0.0074	0.029	0.145	0.2323	0.2917	0.1843	0.0762	0.0263	0.0055	0.001	0.0012	0.0074	0.029	0.145	0.2323	0.2917	0.1843	0.0762	0.0263	0.0055
20	99.6911	0.001	0.0012	0.0048	0.0176	0.0704	0.1449	0	0.2809	0.2453	0.1596	0.0505	0.0192	0.0045	0.001	0.0012	0.0048	0.0176	0.0704	0.1449	0	0.2809	0.2453	0.1596	0.0505	0.0192	0.0045
21	99.7886	0.0013	0.002	0.0054	0.0189	0.0569	0.1038	0.1384	0.2552	0.2215	0.1327	0.043	0.0166	0.0041	0.0013	0.002	0.0054	0.0189	0.0569	0.1038	0.1384	0.2552	0.2215	0.1327	0.043	0.0166	0.0041
