Allele	DRB1_11_04
Type	Standard
n_specificities	1
npep_u	1
npep_t	12421
spec_ids	1
L_core	9
L_N	0
L_C	0
CS_perL	1
pepL_lower	12
pepL_upper	21
n_diff_aa	20

PWM_norm.1	P1	P2	P3	P4	P5	P6	P7	P8	P9
A	0.0715	0.9797	2.1083	1.4326	0.8953	0.2221	1.3397	1.1612	2.7769
C	0.0157	0.0348	0.1127	0.2936	0.0381	0.0249	0.0276	0.0348	0.2151
D	0.0107	0.4617	0.5908	0.1133	0.9178	0.2136	0.4012	0.3007	0.4245
E	0.0122	1.46	0.9478	0.9766	0.7889	0.1896	1.1024	0.8043	0.581
F	0.7822	0.9787	1.0501	0.7348	0.3653	0.0101	0.666	0.3331	0.1771
G	0.0852	0.1247	0.5738	0.0658	0.845	0.0978	1.2029	0.8956	3.375
H	0.0461	1.6474	0.5973	0.41	1.1108	1.0565	1.7145	2.1471	0.515
I	9.8876	1.4838	2.3971	3.288	0.8643	0.0341	1.5571	1.3266	0.2226
K	0.0401	2.1676	0.8359	0.4113	2.8415	7.0039	1.5825	1.6552	0.1985
L	2.7228	0.7285	0.8598	2.6551	0.4019	0.0455	1.7841	1.164	0.1203
M	1.538	0.3091	1.0956	3.8985	0.6905	0.015	0.7813	0.3524	0.298
N	0.0268	0.8259	1.0517	0.7371	1.6933	0.3381	1.0853	0.7614	0.848
P	0.024	0.0269	0.8604	0.0363	1.001	0.1145	0.5621	1.2747	0.1816
Q	0.0233	1.2491	0.8813	0.3985	1.2341	0.2011	0.7481	1.5475	4.2754
R	0.0384	1.9832	0.8811	0.1044	1.3201	7.5783	1.4094	1.5031	0.3062
S	0.0194	0.586	0.7287	0.2838	0.9779	0.1967	0.3736	0.6142	1.7636
T	0.0904	1.2996	0.6604	0.7272	1.2182	0.5717	0.315	0.8351	0.4717
V	3.4892	1.7519	1.194	2.1876	0.7721	0.1754	0.7858	0.9484	0.2981
W	0.2177	0.3158	0.7283	0.2834	0.6095	0.0072	0.61	0.0539	0.0335
Y	0.0232	0.6815	1.5834	0.4619	0.8687	0.0173	0.6352	0.8969	0.1814

pepL	alpha	w_s
12	99.5307	0.083	0.1488	0	0.3949	0.3733
13	98.9574	0.0263	0.0764	0.2382	0.4675	0.1916
14	98.3293	0.0043	0.0259	0.161	0	0.4702	0.2976	0.0409
15	98.0138	0.0017	0.0096	0.0839	0.3761	0.4093	0.0998	0.0197
16	98.2233	8e-04	0.0022	0.03	0.2337	0	0.522	0.1562	0.0472	0.0079
17	98.7349	8e-04	0.0019	0.0146	0.1152	0.4294	0.2806	0.114	0.0362	0.0072
18	99.2174	5e-04	0.0013	0.0066	0.0433	0.2908	0	0.3312	0.218	0.0767	0.0267	0.005
19	99.5134	0.001	0.0012	0.0074	0.029	0.145	0.2323	0.2917	0.1843	0.0762	0.0263	0.0055
20	99.6911	0.001	0.0012	0.0048	0.0176	0.0704	0.1449	0	0.2809	0.2453	0.1596	0.0505	0.0192	0.0045
21	99.7886	0.0013	0.002	0.0054	0.0189	0.0569	0.1038	0.1384	0.2552	0.2215	0.1327	0.043	0.0166	0.0041
