Allele	DRB1_12_02
Type	Standard
n_specificities	1
npep_u	1
npep_t	2067
spec_ids	1
L_core	9
L_N	0
L_C	0
CS_perL	1
pepL_lower	12
pepL_upper	21
n_diff_aa	20

PWM_norm.1	P1	P2	P3	P4	P5	P6	P7	P8	P9
A	0.3601	1.378	1.5837	0.1591	1.0526	1.83	0.708	1.1839	0.4135
C	0.0678	0.1993	0.2036	0.0613	0.2398	0.0526	0.0884	0.0727	0.0944
D	0.0326	0.3288	0.3833	0.0473	0.9738	0.3319	0.2128	0.6745	0.3926
E	0.0321	1.2072	0.6768	0.059	0.9749	0.8123	0.6095	0.8692	0.3312
F	1.1987	0.5247	1.2428	1.2134	0.2472	0.855	0.8244	0.4909	4.9991
G	0.0325	0.3626	0.8191	0.1131	0.661	1.2956	0.9399	1.0556	0.2447
H	0.0339	1.6371	1.435	0.5409	1.2459	0.8972	2.291	0.7341	0.5372
I	8.4114	0.8405	1.8308	1.8326	0.7467	0.6002	0.6674	0.7249	2.0088
K	0.0396	2.6986	1.0941	0.3137	2.6743	0.8323	2.9432	1.7509	0.2237
L	2.3374	0.4515	0.8902	5.8642	0.2293	0.3547	1.1344	0.6378	0.56
M	1.5946	0.4045	0.7206	2.0971	0.4559	0.6024	0.4679	0.2386	3.259
N	0.0641	0.9822	0.8309	0.55	1.8129	2.3395	2.2606	1.1792	0.3078
P	0.2258	0.0907	0.9125	0.0293	1.9152	0.9442	0.9859	1.5126	0.2418
Q	0.0289	1.2538	1.1262	0.998	0.8102	2.5893	1.072	0.6564	0.4784
R	0.0496	2.046	0.8222	0.0773	0.9896	0.7328	1.8524	1.4311	0.4055
S	0.0678	0.9842	0.5703	0.224	0.7828	1.2429	0.5527	1.0254	0.1334
T	0.0656	1.276	1.5035	0.1744	1.5144	1.0632	0.4854	1.3078	0.3959
V	4.2274	1.2843	1.3305	0.9746	0.9944	0.6677	0.4058	1.0736	2.2951
W	0.199	0.0453	1.0319	0.057	0.0392	0.6115	0.0468	0.424	0.3256
Y	0.1848	0.7831	1.0517	1.335	0.445	0.6781	1.0302	1.4552	9.3928

pepL	alpha	w_s
12	99.5307	0.083	0.1488	0	0.3949	0.3734
13	98.9575	0.0263	0.0764	0.2382	0.4675	0.1916
14	98.3294	0.0043	0.0259	0.161	0	0.4702	0.2977	0.0409
15	98.0139	0.0017	0.0096	0.0839	0.376	0.4093	0.0998	0.0197
16	98.2233	8e-04	0.0022	0.03	0.2337	0	0.5219	0.1563	0.0471	0.0079
17	98.735	8e-04	0.0019	0.0146	0.1152	0.4293	0.2806	0.114	0.0363	0.0072
18	99.2174	5e-04	0.0013	0.0066	0.0433	0.2908	0	0.3312	0.218	0.0767	0.0267	0.005
19	99.5133	0.001	0.0012	0.0074	0.029	0.145	0.2323	0.2918	0.1844	0.0762	0.0263	0.0055
20	99.691	0.001	0.0012	0.0048	0.0176	0.0704	0.1449	0	0.2809	0.2454	0.1596	0.0505	0.0192	0.0045
21	99.7886	0.0013	0.002	0.0054	0.0189	0.0569	0.1038	0.1383	0.2554	0.2215	0.1327	0.043	0.0166	0.0041
