Allele	DRB1_16_07
Type	Standard
n_specificities	1
npep_u	1
npep_t	5000
spec_ids	1
L_core	9
L_N	0
L_C	0
CS_perL	1
pepL_lower	12
pepL_upper	21
n_diff_aa	20

PWM_norm.1	P1	P2	P3	P4	P5	P6	P7	P8	P9
A	0.0934	0.9786	1.4937	1.0549	1.0249	1.1345	0.6132	1.1812	2.6933
C	0.049	0.1182	0.2837	0.296	0.1617	0.1181	0.1352	0.116	0.629
D	0.0361	0.5555	0.3086	0.171	1.9294	1.5617	1.377	0.5499	0.1625
E	0.0576	1.1065	0.6046	0.4827	0.6105	0.5568	0.7422	0.9164	0.2623
F	8.2964	0.8442	1.0001	2.8835	0.3848	0.1437	1.7274	0.6052	0.4173
G	0.0619	0.3341	0.6714	0.1711	0.607	1.4988	0.295	0.9468	0.9175
H	0.1244	1.4506	0.9263	0.3597	0.9865	0.1861	1.3646	1.5282	0.2811
I	2.7704	1.5874	1.992	3.7733	0.8661	0.1222	1.0941	1.0162	2.0986
K	0.0618	1.7251	0.9113	0.2352	2.0332	0.1144	1.0526	1.5537	0.1875
L	1.3527	0.856	0.9441	1.6672	0.4076	0.0592	1.071	1.0855	2.1207
M	0.9209	0.5286	1.0684	3.7711	0.5428	0.0817	0.5211	0.5538	0.6646
N	0.0713	1.0179	0.8236	0.2439	2.1524	4.1551	2.0717	0.9038	0.4451
P	0.0388	0.0529	0.9493	0.1035	0.9029	0.2257	1.1618	1.2759	0.1657
Q	0.0536	1.1967	1.1118	0.4965	0.8892	0.2799	1.4908	1.0813	0.3847
R	0.0379	1.746	1.248	0.1444	1.4311	0.1602	1.1409	1.4304	0.4123
S	0.0414	0.7128	0.8692	0.6525	0.9376	5.1876	0.5295	0.746	0.7107
T	0.0773	1.1169	0.9005	0.9876	1.2167	0.5996	1.1825	0.863	0.9885
V	0.9818	1.9381	1.3831	2.3029	1.1409	0.2373	0.8111	0.997	2.9496
W	4.5203	0.5113	0.8635	1.1287	0.2474	0.0949	1.2454	0.3334	0.0685
Y	10.5593	1.1473	1.6828	0.8496	1.0697	0.2188	1.4101	1.0766	0.2269

pepL	alpha	w_s
12	99.5307	0.083	0.1488	0	0.3949	0.3734
13	98.9575	0.0263	0.0764	0.2382	0.4675	0.1916
14	98.3294	0.0043	0.0259	0.161	0	0.4702	0.2977	0.0409
15	98.0139	0.0017	0.0096	0.0839	0.376	0.4093	0.0998	0.0197
16	98.2233	8e-04	0.0022	0.03	0.2337	0	0.5219	0.1563	0.0471	0.0079
17	98.735	8e-04	0.0019	0.0146	0.1152	0.4293	0.2806	0.114	0.0363	0.0072
18	99.2174	5e-04	0.0013	0.0066	0.0433	0.2908	0	0.3312	0.218	0.0767	0.0267	0.005
19	99.5133	0.001	0.0012	0.0074	0.029	0.145	0.2323	0.2918	0.1844	0.0762	0.0263	0.0055
20	99.691	0.001	0.0012	0.0048	0.0176	0.0704	0.1449	0	0.2809	0.2454	0.1596	0.0505	0.0192	0.0045
21	99.7886	0.0013	0.002	0.0054	0.0189	0.0569	0.1038	0.1383	0.2554	0.2215	0.1327	0.043	0.0166	0.0041
