Allele	DRB1_04_31
Type	Standard
n_specificities	1
npep_u	1
npep_t	5000
spec_ids	1
L_core	9
L_N	0
L_C	0
CS_perL	1
pepL_lower	12
pepL_upper	21
n_diff_aa	20

PWM_norm.1	P1	P2	P3	P4	P5	P6	P7	P8	P9
A	0.0896	0.971	1.6635	2.4803	1.1062	0.6289	1.842	1.1786	2.9915
C	0.0511	0.118	0.214	0.2926	0.1244	0.1282	0.1597	0.1131	0.2264
D	0.0347	0.5546	0.6484	0.9098	1.8573	3.3482	1.1156	0.5371	0.4185
E	0.0549	1.1045	0.5291	0.6408	0.9412	0.1408	0.7219	0.9166	0.4532
F	8.5177	0.8507	0.7364	1.8722	0.4683	0.0514	0.5405	0.6046	0.2364
G	0.0609	0.3361	0.7531	0.3231	0.8559	0.2387	0.5729	0.9621	2.9595
H	0.1257	1.4432	0.6603	0.1676	0.9351	0.0887	0.4322	1.5437	0.8422
I	2.7942	1.5947	1.7324	2.5155	0.7005	0.3076	1.0783	1.0119	0.3293
K	0.0562	1.7443	0.9877	0.2231	1.251	0.0697	0.2759	1.5625	0.2691
L	1.3764	0.8388	0.7831	1.3284	0.4876	0.0865	1.0758	1.0918	0.1742
M	0.9048	0.5271	0.7719	1.6635	0.4507	0.0704	0.8059	0.5453	0.3262
N	0.0706	1.0223	1.2019	0.3042	1.383	4.1619	3.2119	0.8962	0.8888
P	0.0383	0.0548	1.2554	0.0526	1.5922	0.3457	1.6583	1.2711	0.3627
Q	0.0511	1.2417	0.8692	0.4642	0.953	0.0867	1.2441	1.0865	2.897
R	0.0397	1.734	1.2969	0.1134	0.8953	0.066	0.286	1.4361	0.2309
S	0.0409	0.7046	0.9591	0.7446	1.4133	2.5418	1.0333	0.7431	2.2102
T	0.0763	1.109	1.0473	1.1904	1.285	4.4333	0.8189	0.862	0.635
V	0.9921	1.94	1.2603	2.6947	0.7946	1.6327	1.0503	0.984	0.4172
W	4.4804	0.5062	0.2288	0.3221	0.2946	0.031	0.439	0.333	0.071
Y	10.1766	1.153	1.4688	0.5405	0.7372	0.0551	0.4877	1.0692	0.1724

pepL	alpha	w_s
12	99.5307	0.083	0.1488	0	0.3949	0.3733
13	98.9574	0.0263	0.0764	0.2382	0.4675	0.1916
14	98.3293	0.0043	0.0259	0.161	0	0.4702	0.2976	0.0409
15	98.0138	0.0017	0.0096	0.0839	0.3761	0.4093	0.0998	0.0197
16	98.2233	8e-04	0.0022	0.03	0.2337	0	0.522	0.1562	0.0472	0.0079
17	98.7349	8e-04	0.0019	0.0146	0.1152	0.4294	0.2806	0.114	0.0362	0.0072
18	99.2174	5e-04	0.0013	0.0066	0.0433	0.2908	0	0.3312	0.218	0.0767	0.0267	0.005
19	99.5134	0.001	0.0012	0.0074	0.029	0.145	0.2323	0.2917	0.1843	0.0762	0.0263	0.0055
20	99.6911	0.001	0.0012	0.0048	0.0176	0.0704	0.1449	0	0.2809	0.2453	0.1596	0.0505	0.0192	0.0045
21	99.7886	0.0013	0.002	0.0054	0.0189	0.0569	0.1038	0.1384	0.2552	0.2215	0.1327	0.043	0.0166	0.0041
