Allele	DRB1_12_10
Type	Standard
n_specificities	1
npep_u	1
npep_t	5000
spec_ids	1
L_core	9
L_N	0
L_C	0
CS_perL	1
pepL_lower	12
pepL_upper	21
n_diff_aa	20

PWM_norm.1	P1	P2	P3	P4	P5	P6	P7	P8	P9
A	0.157	0.9786	1.4552	0.3273	0.935	2.1315	0.6	1.0382	0.4167
C	0.0545	0.1182	0.4118	0.0819	0.2664	0.2541	0.1203	0.146	0.0988
D	0.0339	0.5555	0.5316	0.0672	0.9461	0.4065	0.4005	0.6311	0.4614
E	0.0277	1.1065	0.7194	0.2817	0.8942	0.952	0.9244	0.7685	0.3873
F	0.639	0.8442	1.1792	0.879	0.3851	0.801	1.3355	0.7222	5.5109
G	0.0603	0.3341	0.6833	0.0741	0.6834	1.2331	0.5385	0.9028	0.1833
H	0.0356	1.4506	1.1744	0.294	1.6107	1.1033	2.8807	0.9389	0.3614
I	9.4931	1.5874	2.0279	2.2322	0.8106	0.6579	1.1626	1.068	2.0572
K	0.0356	1.7251	0.9939	0.241	2.5066	0.657	1.6004	1.609	0.182
L	2.4321	0.856	0.8792	6.0411	0.3826	0.3472	1.368	0.8755	0.6662
M	1.4285	0.5286	1.1193	2.2794	0.636	0.9117	0.7196	0.5564	3.1881
N	0.0375	1.0179	0.7694	0.3499	1.5634	2.2881	1.8872	1.0721	0.297
P	0.0857	0.0529	0.9355	0.0191	1.4223	0.7233	0.9285	1.543	0.1368
Q	0.0287	1.1967	1.0643	0.8487	0.9865	2.4557	1.1846	0.8501	0.3421
R	0.03	1.746	0.8885	0.1122	1.3804	0.6608	1.1904	1.4669	0.2326
S	0.0322	0.7128	0.7196	0.1214	0.8112	1.2083	0.3874	0.9747	0.1984
T	0.1124	1.1169	1.0508	0.1591	1.2481	0.9489	0.4612	1.1069	0.3426
V	4.1385	1.9381	1.3045	0.8212	0.9804	0.6672	0.8184	0.9968	1.7913
W	0.1351	0.5113	0.8669	0.1566	0.404	0.5803	0.7884	0.3115	0.6503
Y	0.0982	1.1473	1.7102	0.8615	0.634	0.6446	2.012	1.0355	10.2055

pepL	alpha	w_s
12	99.5307	0.083	0.1488	0	0.3949	0.3734
13	98.9575	0.0263	0.0764	0.2382	0.4675	0.1916
14	98.3294	0.0043	0.0259	0.161	0	0.4702	0.2977	0.0409
15	98.0139	0.0017	0.0096	0.0839	0.376	0.4093	0.0998	0.0197
16	98.2233	8e-04	0.0022	0.03	0.2337	0	0.5219	0.1563	0.0471	0.0079
17	98.735	8e-04	0.0019	0.0146	0.1152	0.4293	0.2806	0.114	0.0363	0.0072
18	99.2174	5e-04	0.0013	0.0066	0.0433	0.2908	0	0.3312	0.218	0.0767	0.0267	0.005
19	99.5133	0.001	0.0012	0.0074	0.029	0.145	0.2323	0.2918	0.1844	0.0762	0.0263	0.0055
20	99.691	0.001	0.0012	0.0048	0.0176	0.0704	0.1449	0	0.2809	0.2454	0.1596	0.0505	0.0192	0.0045
21	99.7886	0.0013	0.002	0.0054	0.0189	0.0569	0.1038	0.1383	0.2554	0.2215	0.1327	0.043	0.0166	0.0041
