Allele	DRB1_04_09
Type	Standard
n_specificities	1
npep_u	1
npep_t	5000
spec_ids	1
L_core	9
L_N	0
L_C	0
CS_perL	1
pepL_lower	12
pepL_upper	21
n_diff_aa	20

PWM_norm.1	P1	P2	P3	P4	P5	P6	P7	P8	P9
A	0.0896	0.971	1.457	1.3036	1.1016	0.5905	2.3116	0.9909	0.505
C	0.0511	0.118	0.3832	0.2161	0.2159	0.0878	0.1221	0.0866	0.0751
D	0.0347	0.5546	0.4347	5.9587	1.6331	3.4236	0.9923	0.6026	7.962
E	0.0549	1.1045	0.574	2.7307	0.8509	0.1094	1.0501	1.1136	4.2632
F	8.5177	0.8507	1.0002	0.7585	0.4619	0.0396	0.3878	0.5806	0.171
G	0.0609	0.3361	0.7236	0.1927	0.8268	0.173	0.4234	0.719	0.7671
H	0.1257	1.4432	0.6647	0.1485	0.9616	0.0652	0.26	1.065	0.6706
I	2.7942	1.5947	2.0351	1.3354	0.873	0.2329	0.9563	1.1982	0.2546
K	0.0562	1.7443	0.9083	0.0592	1.2133	0.0539	0.1422	1.5647	0.1564
L	1.3764	0.8388	0.7798	0.3555	0.5541	0.0666	1.1313	1.3762	0.2279
M	0.9048	0.5271	0.9672	1.1345	0.5998	0.0512	0.4951	0.7545	0.2425
N	0.0706	1.0223	1.5518	0.5003	1.1909	3.9081	3.0392	0.8248	0.6274
P	0.0383	0.0548	0.9836	0.0337	1.8513	0.2289	1.6396	1.2557	0.1533
Q	0.0511	1.2417	0.8747	1.3654	0.9194	0.0739	0.9825	1.2326	0.7457
R	0.0397	1.734	1.2494	0.0463	1.0018	0.0402	0.2026	1.1932	0.1091
S	0.0409	0.7046	0.9741	0.7243	1.2706	2.7292	1.0511	0.6399	0.4219
T	0.0763	1.109	0.9811	0.9107	1.2242	5.0449	0.8176	0.8056	0.302
V	0.9921	1.94	1.2461	0.8378	0.8842	1.3666	1.2851	1.1018	0.3309
W	4.4804	0.5062	0.5201	0.1951	0.3338	0.0223	0.2189	0.32	0.0618
Y	10.1766	1.153	1.6314	0.1633	0.6435	0.0421	0.3487	1.0527	0.1392

pepL	alpha	w_s
12	99.5307	0.083	0.1488	0	0.3949	0.3733
13	98.9574	0.0263	0.0764	0.2382	0.4675	0.1916
14	98.3293	0.0043	0.0259	0.161	0	0.4702	0.2976	0.0409
15	98.0138	0.0017	0.0096	0.0839	0.3761	0.4093	0.0998	0.0197
16	98.2233	8e-04	0.0022	0.03	0.2337	0	0.522	0.1562	0.0472	0.0079
17	98.7349	8e-04	0.0019	0.0146	0.1152	0.4294	0.2806	0.114	0.0362	0.0072
18	99.2174	5e-04	0.0013	0.0066	0.0433	0.2908	0	0.3312	0.218	0.0767	0.0267	0.005
19	99.5134	0.001	0.0012	0.0074	0.029	0.145	0.2323	0.2917	0.1843	0.0762	0.0263	0.0055
20	99.6911	0.001	0.0012	0.0048	0.0176	0.0704	0.1449	0	0.2809	0.2453	0.1596	0.0505	0.0192	0.0045
21	99.7886	0.0013	0.002	0.0054	0.0189	0.0569	0.1038	0.1384	0.2552	0.2215	0.1327	0.043	0.0166	0.0041
