Allele	DRB1_04_07
Type	Standard
n_specificities	1
npep_u	1
npep_t	2449
spec_ids	1
L_core	9
L_N	0
L_C	0
CS_perL	1
pepL_lower	12
pepL_upper	21
n_diff_aa	20

PWM_norm.1	P1	P2	P3	P4	P5	P6	P7	P8	P9
A	0.0565	1.4333	2.1628	2.4559	1.5618	1.101	1.454	2.0488	3.8476
C	0.0426	0.0665	0.2093	0.0768	0.0464	0.0535	0.0462	0.1537	0.0524
D	0.0281	0.2065	0.3817	0.4036	2.0312	1.9737	1.4472	0.4056	0.4246
E	0.0236	0.552	0.2627	0.3376	0.7656	0.23	0.6951	1.035	0.3544
F	8.3205	0.4888	0.5741	2.1174	0.2722	0.0484	1.2343	0.8834	0.0979
G	0.0412	1.0163	1.0309	0.2753	0.8226	0.384	0.8589	1.165	2.7787
H	0.0624	2.0195	0.7434	0.1929	0.9382	0.11	0.1742	1.1345	0.5634
I	2.9128	1.6581	1.5156	1.6072	0.5329	0.5335	0.6518	0.6688	0.3085
K	0.0331	1.3452	0.7422	0.0585	0.8837	0.0728	0.2694	1.3188	0.3259
L	1.4935	0.6216	0.6794	0.8294	0.4723	0.1283	0.8838	0.6138	0.1985
M	1.0022	0.4757	0.7658	0.4311	0.254	0.0966	0.6081	0.1163	0.1256
N	0.1663	0.6807	0.9992	0.3119	0.8931	3.0232	2.7851	0.7782	1.1947
P	0.0533	0.0321	1.3843	0.0703	1.4291	0.7674	1.2977	1.8135	0.4642
Q	0.0331	1.0282	0.8269	0.4048	0.7649	0.1078	1.6791	1.149	2.0548
R	0.0307	1.5664	2.3149	0.0409	0.7897	0.0526	0.3909	0.8822	0.2354
S	0.0303	1.1057	0.8431	2.0747	1.4325	2.9325	1.3493	1.0721	2.2685
T	0.3882	1.1532	0.855	2.4859	1.4362	3.6332	0.8233	0.743	0.6744
V	0.8904	2.3821	0.9962	2.7901	1.4255	2.1185	1.18	0.8847	0.3018
W	6.3272	0.0726	0.1684	0.1371	1.2247	0.0315	0.3904	0.3267	0.0655
Y	8.7203	1.0839	1.3749	0.2033	0.7955	0.049	0.4152	0.785	0.0792

pepL	alpha	w_s
12	99.5307	0.083	0.1488	0	0.3949	0.3733
13	98.9574	0.0263	0.0764	0.2382	0.4675	0.1916
14	98.3293	0.0043	0.0259	0.161	0	0.4702	0.2976	0.0409
15	98.0138	0.0017	0.0096	0.0839	0.3761	0.4093	0.0998	0.0197
16	98.2233	8e-04	0.0022	0.03	0.2337	0	0.522	0.1562	0.0472	0.0079
17	98.7349	8e-04	0.0019	0.0146	0.1152	0.4294	0.2806	0.114	0.0362	0.0072
18	99.2174	5e-04	0.0013	0.0066	0.0433	0.2908	0	0.3312	0.218	0.0767	0.0267	0.005
19	99.5134	0.001	0.0012	0.0074	0.029	0.145	0.2323	0.2917	0.1843	0.0762	0.0263	0.0055
20	99.6911	0.001	0.0012	0.0048	0.0176	0.0704	0.1449	0	0.2809	0.2453	0.1596	0.0505	0.0192	0.0045
21	99.7886	0.0013	0.002	0.0054	0.0189	0.0569	0.1038	0.1384	0.2552	0.2215	0.1327	0.043	0.0166	0.0041
