Allele	DRB1_14_12
Type	Standard
n_specificities	2
npep_u	0.984	0.016
npep_t	5000	5000
spec_ids	1	2
L_core	9
L_N	0
L_C	0
CS_perL	1
pepL_lower	12
pepL_upper	21
n_diff_aa	20

PWM_norm.1	P1	P2	P3	P4	P5	P6	P7	P8	P9
A	0.1598	0.9786	1.7461	1.6399	0.9614	0.751	1.0871	1.1812	0.6952
C	0.0686	0.1182	0.1688	0.4804	0.1704	0.102	0.1496	0.116	0.2359
D	0.0465	0.5555	0.7221	0.415	0.9694	0.2101	0.5877	0.5499	0.2087
E	0.0361	1.1065	0.7782	0.5956	0.8622	0.438	1.2099	0.9164	0.5438
F	1.2075	0.8442	0.8807	0.7868	0.6348	0.4529	0.4908	0.6052	1.4868
G	0.0913	0.3341	0.7124	0.3408	0.7837	0.524	1.1507	0.9468	0.5702
H	0.0557	1.4506	0.8029	0.5387	1.3196	2.8458	0.9278	1.5282	0.4759
I	8.8482	1.5874	2.1049	2.1431	0.8949	0.9296	1.1147	1.0162	0.6413
K	0.0511	1.7251	0.9519	1.0241	2.2405	2.6878	0.9275	1.5537	1.5501
L	2.6807	0.856	0.8633	1.846	0.5278	0.393	1.2453	1.0855	0.7683
M	1.5984	0.5286	1.0974	1.3719	0.6766	0.4638	0.8769	0.5538	1.446
N	0.0572	1.0179	0.6889	1.5738	1.5308	1.1443	2.7081	0.9038	0.3774
P	0.0827	0.0529	1.1089	0.1392	0.8872	0.9719	0.7358	1.2759	0.0907
Q	0.0401	1.1967	0.8935	0.5195	1.1962	1.1502	1.5336	1.0813	0.5843
R	0.0421	1.746	0.7646	0.4767	1.2647	3.6322	0.4916	1.4304	5.4685
S	0.0434	0.7128	0.8471	0.7209	0.9611	0.4465	0.7371	0.746	0.4365
T	0.1511	1.1169	0.9905	0.8157	1.2674	1.1168	0.7628	0.863	0.385
V	3.5484	1.9381	1.3635	2.3957	0.9689	1.0508	1.0597	0.997	0.8366
W	0.3015	0.5113	0.3082	0.3082	0.548	0.238	0.4749	0.3334	0.2969
Y	0.2197	1.1473	1.4845	0.5707	0.8943	0.3303	1.049	1.0766	3.9359

PWM_norm.2	P1	P2	P3	P4	P5	P6	P7	P8	P9
A	0.1665	0.9964	1.6131	1.4522	1.1608	0.6495	1.1533	1.2011	0.72
C	0.0731	0.1071	0.2027	0.2852	0.1691	0.1148	0.1665	0.1193	0.2402
D	0.0503	0.5211	0.5614	0.2028	0.9899	0.2222	0.5124	0.5598	0.2456
E	0.0404	1.0976	0.7279	0.5806	0.9222	0.4509	1.2898	0.9417	0.5965
F	1.2969	0.7549	0.8154	0.7641	0.5814	0.572	0.5143	0.6195	1.4999
G	0.0938	0.3464	0.8634	0.4049	0.7395	0.4742	1.1969	0.9228	0.5855
H	0.0554	1.4618	0.896	0.5343	1.3235	3.0461	0.9788	1.5512	0.4728
I	8.6458	1.5697	1.5959	1.0915	0.9376	0.957	1.0768	0.9433	0.6231
K	0.0512	1.7089	0.8701	3.2383	1.9509	3.0156	0.8683	1.5021	1.5701
L	2.7129	0.8619	0.847	0.9689	0.5609	0.4364	1.201	1.0898	0.745
M	1.5569	0.5487	1.0471	1.0426	0.6378	0.4213	0.7833	0.5832	1.5089
N	0.0652	1.0274	0.8171	1.4913	1.2973	1.1466	2.6565	0.889	0.3906
P	0.1	0.0542	1.4606	0.1472	1.1557	0.8914	0.6216	1.2971	0.0894
Q	0.0426	1.2117	1.0182	0.4889	1.0895	0.9818	1.4512	1.1004	0.6102
R	0.0471	1.767	0.9017	1.6826	1.2354	3.7146	0.5052	1.4148	5.2713
S	0.0434	0.719	1.0049	0.8229	0.8675	0.3702	0.7907	0.7474	0.457
T	0.1555	1.1041	0.8439	0.8767	1.1247	1.0174	0.7831	0.8561	0.3842
V	3.54	1.9942	1.1149	1.6968	1.0728	0.9372	1.1647	1.0053	0.8026
W	0.3687	0.4582	0.395	0.5267	0.4677	0.3659	0.4263	0.3568	0.265
Y	0.2121	1.1165	1.7727	0.5731	1.1475	0.3756	1.0549	1.0926	4.0138

pepL	alpha	w_s
12	99.5307	0.083	0.1488	0	0.3949	0.3734	0.083	0.1488	0	0.3949	0.3734
13	98.9575	0.0263	0.0764	0.2382	0.4675	0.1916	0.0263	0.0764	0.2382	0.4675	0.1916
14	98.3294	0.0043	0.0259	0.161	0	0.4702	0.2977	0.0409	0.0043	0.0259	0.161	0	0.4702	0.2977	0.0409
15	98.0139	0.0017	0.0096	0.0839	0.376	0.4093	0.0998	0.0197	0.0017	0.0096	0.0839	0.376	0.4093	0.0998	0.0197
16	98.2233	8e-04	0.0022	0.03	0.2337	0	0.5219	0.1563	0.0471	0.0079	8e-04	0.0022	0.03	0.2337	0	0.5219	0.1563	0.0471	0.0079
17	98.735	8e-04	0.0019	0.0146	0.1152	0.4293	0.2806	0.114	0.0363	0.0072	8e-04	0.0019	0.0146	0.1152	0.4293	0.2806	0.114	0.0363	0.0072
18	99.2174	5e-04	0.0013	0.0066	0.0433	0.2908	0	0.3312	0.218	0.0767	0.0267	0.005	5e-04	0.0013	0.0066	0.0433	0.2908	0	0.3312	0.218	0.0767	0.0267	0.005
19	99.5133	0.001	0.0012	0.0074	0.029	0.145	0.2323	0.2918	0.1844	0.0762	0.0263	0.0055	0.001	0.0012	0.0074	0.029	0.145	0.2323	0.2918	0.1844	0.0762	0.0263	0.0055
20	99.691	0.001	0.0012	0.0048	0.0176	0.0704	0.1449	0	0.2809	0.2454	0.1596	0.0505	0.0192	0.0045	0.001	0.0012	0.0048	0.0176	0.0704	0.1449	0	0.2809	0.2454	0.1596	0.0505	0.0192	0.0045
21	99.7886	0.0013	0.002	0.0054	0.0189	0.0569	0.1038	0.1383	0.2554	0.2215	0.1327	0.043	0.0166	0.0041	0.0013	0.002	0.0054	0.0189	0.0569	0.1038	0.1383	0.2554	0.2215	0.1327	0.043	0.0166	0.0041
