Allele	DRB1_14_14
Type	Standard
n_specificities	1
npep_u	1
npep_t	5000
spec_ids	1
L_core	9
L_N	0
L_C	0
CS_perL	1
pepL_lower	12
pepL_upper	21
n_diff_aa	20

PWM_norm.1	P1	P2	P3	P4	P5	P6	P7	P8	P9
A	0.0896	0.971	1.5132	2.2237	0.9041	0.2336	0.9284	1.1786	1.0957
C	0.0511	0.118	0.2495	0.4685	0.1596	0.0255	0.1805	0.1131	0.5635
D	0.0347	0.5546	0.2618	0.3297	2.069	0.1164	0.6806	0.5371	0.1935
E	0.0549	1.1045	0.6078	0.2432	1.7449	0.2429	1.3706	0.9166	0.2099
F	8.5177	0.8507	1.2374	0.6118	0.4415	0.0471	0.5059	0.6046	1.543
G	0.0609	0.3361	0.4679	0.1917	0.6297	0.1284	1.1546	0.9621	0.438
H	0.1257	1.4432	0.7514	0.7342	1.1098	1.4868	0.7407	1.5437	0.3602
I	2.7942	1.5947	2.336	1.9267	0.8873	0.1155	1.1638	1.0119	1.9572
K	0.0562	1.7443	0.9208	0.1472	1.9023	6.4756	0.8478	1.5625	0.194
L	1.3764	0.8388	0.9527	0.6934	0.3872	0.0476	1.2904	1.0918	2.2274
M	0.9048	0.5271	1.4045	0.3143	0.3925	0.0728	0.9658	0.5453	1.4793
N	0.0706	1.0223	0.8528	1.989	1.1196	0.2893	2.6242	0.8962	0.8272
P	0.0383	0.0548	1.1956	0.0774	1.2059	0.2187	0.4425	1.2711	0.1121
Q	0.0511	1.2417	0.9917	0.204	0.9674	0.2923	1.2689	1.0865	0.5299
R	0.0397	1.734	0.8837	0.0724	1.0938	7.5084	0.397	1.4361	0.2936
S	0.0409	0.7046	0.8905	2.7563	0.7373	0.185	0.9912	0.7431	0.6567
T	0.0763	1.109	0.6739	1.2541	1.2195	0.5639	0.8773	0.862	0.8387
V	0.9921	1.94	1.496	3.1201	0.7964	0.2646	1.1267	0.984	3.1594
W	4.4804	0.5062	0.5953	0.0717	0.5251	0.0532	0.3473	0.333	0.1929
Y	10.1766	1.153	1.8288	0.1107	0.7822	0.0669	1.1988	1.0692	2.8655

pepL	alpha	w_s
12	99.5307	0.083	0.1488	0	0.3949	0.3733
13	98.9574	0.0263	0.0764	0.2382	0.4675	0.1916
14	98.3293	0.0043	0.0259	0.161	0	0.4702	0.2976	0.0409
15	98.0138	0.0017	0.0096	0.0839	0.3761	0.4093	0.0998	0.0197
16	98.2233	8e-04	0.0022	0.03	0.2337	0	0.522	0.1562	0.0472	0.0079
17	98.7349	8e-04	0.0019	0.0146	0.1152	0.4294	0.2806	0.114	0.0362	0.0072
18	99.2174	5e-04	0.0013	0.0066	0.0433	0.2908	0	0.3312	0.218	0.0767	0.0267	0.005
19	99.5134	0.001	0.0012	0.0074	0.029	0.145	0.2323	0.2917	0.1843	0.0762	0.0263	0.0055
20	99.6911	0.001	0.0012	0.0048	0.0176	0.0704	0.1449	0	0.2809	0.2453	0.1596	0.0505	0.0192	0.0045
21	99.7886	0.0013	0.002	0.0054	0.0189	0.0569	0.1038	0.1384	0.2552	0.2215	0.1327	0.043	0.0166	0.0041
