Allele	DRB1_16_01
Type	Standard
n_specificities	1
npep_u	1
npep_t	7280
spec_ids	1
L_core	9
L_N	0
L_C	0
CS_perL	1
pepL_lower	12
pepL_upper	21
n_diff_aa	20

PWM_norm.1	P1	P2	P3	P4	P5	P6	P7	P8	P9
A	0.0383	0.7073	2.025	1.0748	1.041	1.0336	0.8617	1.0736	2.5576
C	0.0133	0.0464	0.3157	0.1873	0.0402	0.1293	0.1334	0.0341	0.9904
D	0.0212	0.4412	0.1888	0.1404	1.283	1.399	1.0453	0.8203	0.1678
E	0.0478	0.5713	0.5715	0.5395	0.651	0.7223	0.5822	1.0524	0.0931
F	11.0588	0.8204	0.9405	2.1862	0.3461	0.1023	1.5648	0.4798	0.4284
G	0.0936	0.3689	0.6655	0.0928	0.6914	1.7765	0.4272	0.9251	1.1236
H	0.0483	1.802	0.981	0.2755	1.123	0.11	1.3937	1.1581	0.1384
I	1.2745	1.6838	1.563	3.7925	0.9064	0.0182	1.3757	0.5611	2.1823
K	0.0304	2.1761	0.5058	0.1187	2.1614	0.0493	1.3739	1.3788	0.0562
L	0.7603	0.8033	0.8685	2.0243	0.3135	0.0151	1.3259	1.0382	2.3104
M	0.5626	0.431	1.686	3.6363	0.6527	0.0172	0.3886	0.3668	0.2558
N	0.1111	0.8213	0.6549	0.1449	1.6434	4.4625	1.1199	0.605	0.6532
P	0.0162	0.0131	0.5982	0.0485	0.8645	0.1351	0.9513	2.0103	0.1111
Q	0.0314	1.1009	1.325	0.4458	0.8354	0.222	1.337	0.6664	0.1068
R	0.0278	2.6864	1.5181	0.0277	1.6294	0.0275	1.6941	1.4458	0.5806
S	0.009	0.7403	0.8406	0.9652	1.1547	5.4961	0.4209	0.9109	0.4491
T	0.0436	0.8151	1.1983	1.085	1.4261	0.3061	1.0907	1.2225	0.621
V	0.286	1.8682	1.2226	2.3506	1.1365	0.2181	0.9167	0.8085	3.6733
W	5.4104	1.2465	0.1826	1.0919	0.1245	0.1777	0.8249	0.6901	0.0243
Y	13.5402	1.2057	2.2419	0.3213	1.2276	0.1097	1.0465	0.9753	0.0877

pepL	alpha	w_s
12	99.5307	0.083	0.1488	0	0.3949	0.3734
13	98.9575	0.0263	0.0764	0.2382	0.4675	0.1916
14	98.3294	0.0043	0.0259	0.161	0	0.4702	0.2977	0.0409
15	98.0139	0.0017	0.0096	0.0839	0.376	0.4093	0.0998	0.0197
16	98.2233	8e-04	0.0022	0.03	0.2337	0	0.5219	0.1563	0.0471	0.0079
17	98.735	8e-04	0.0019	0.0146	0.1152	0.4293	0.2806	0.114	0.0363	0.0072
18	99.2174	5e-04	0.0013	0.0066	0.0433	0.2908	0	0.3312	0.218	0.0767	0.0267	0.005
19	99.5133	0.001	0.0012	0.0074	0.029	0.145	0.2323	0.2918	0.1844	0.0762	0.0263	0.0055
20	99.691	0.001	0.0012	0.0048	0.0176	0.0704	0.1449	0	0.2809	0.2454	0.1596	0.0505	0.0192	0.0045
21	99.7886	0.0013	0.002	0.0054	0.0189	0.0569	0.1038	0.1383	0.2554	0.2215	0.1327	0.043	0.0166	0.0041
