Allele	DRB1_12_17
Type	Standard
n_specificities	1
npep_u	1
npep_t	5000
spec_ids	1
L_core	9
L_N	0
L_C	0
CS_perL	1
pepL_lower	12
pepL_upper	21
n_diff_aa	20

PWM_norm.1	P1	P2	P3	P4	P5	P6	P7	P8	P9
A	0.1545	0.971	1.4481	0.3042	0.9353	2.0112	0.6356	1.0416	0.4232
C	0.0574	0.118	0.4518	0.0842	0.2336	0.3305	0.1585	0.1534	0.11
D	0.0332	0.5546	0.5746	0.0607	0.9223	0.4244	0.4525	0.6188	0.4957
E	0.0249	1.1045	0.7427	0.2709	0.8777	0.9484	0.9793	0.7869	0.4016
F	0.6776	0.8507	1.1331	0.8651	0.3931	0.9865	1.3634	0.7142	5.4013
G	0.059	0.3361	0.6728	0.072	0.6882	1.1532	0.5939	0.8948	0.1873
H	0.0367	1.4432	1.1636	0.1899	1.5476	1.1185	2.7755	1.0048	0.3797
I	9.2582	1.5947	1.9725	2.1566	0.8187	0.7168	1.1145	1.0821	2.2274
K	0.0338	1.7443	0.9915	0.208	2.5641	0.7365	1.5599	1.6019	0.1886
L	2.5825	0.8388	0.8704	6.3844	0.4017	0.3765	1.3166	0.8928	0.6854
M	1.3771	0.5271	1.1143	1.9912	0.6003	1.0396	0.705	0.5738	2.912
N	0.0348	1.0223	0.8013	0.2706	1.6058	2.1233	1.8975	1.064	0.305
P	0.0962	0.0548	0.936	0.02	1.4052	0.7147	0.8862	1.5195	0.1346
Q	0.0288	1.2417	1.0451	0.711	1.0002	2.2859	1.2376	0.8674	0.3713
R	0.0332	1.734	0.9132	0.0988	1.3161	0.6993	1.1706	1.4491	0.2455
S	0.0305	0.7046	0.7236	0.0926	0.8184	1.166	0.4086	0.9567	0.1851
T	0.1134	1.109	1.0454	0.1376	1.3216	0.9591	0.4418	1.0881	0.3513
V	4.0574	1.94	1.3196	0.7895	0.9585	0.6875	0.8012	0.9932	1.8066
W	0.1461	0.5062	0.8184	0.1381	0.3816	0.7598	0.9487	0.3186	0.6426
Y	0.0884	1.153	1.709	0.8469	0.5885	0.7789	1.9116	1.0474	9.9643

pepL	alpha	w_s
12	99.5307	0.083	0.1488	0	0.3949	0.3733
13	98.9574	0.0263	0.0764	0.2382	0.4675	0.1916
14	98.3293	0.0043	0.0259	0.161	0	0.4702	0.2976	0.0409
15	98.0138	0.0017	0.0096	0.0839	0.3761	0.4093	0.0998	0.0197
16	98.2233	8e-04	0.0022	0.03	0.2337	0	0.522	0.1562	0.0472	0.0079
17	98.7349	8e-04	0.0019	0.0146	0.1152	0.4294	0.2806	0.114	0.0362	0.0072
18	99.2174	5e-04	0.0013	0.0066	0.0433	0.2908	0	0.3312	0.218	0.0767	0.0267	0.005
19	99.5134	0.001	0.0012	0.0074	0.029	0.145	0.2323	0.2917	0.1843	0.0762	0.0263	0.0055
20	99.6911	0.001	0.0012	0.0048	0.0176	0.0704	0.1449	0	0.2809	0.2453	0.1596	0.0505	0.0192	0.0045
21	99.7886	0.0013	0.002	0.0054	0.0189	0.0569	0.1038	0.1384	0.2552	0.2215	0.1327	0.043	0.0166	0.0041
