Allele	DRB1_13_03
Type	Standard
n_specificities	1
npep_u	1
npep_t	10114
spec_ids	1
L_core	9
L_N	0
L_C	0
CS_perL	1
pepL_lower	12
pepL_upper	21
n_diff_aa	20

PWM_norm.1	P1	P2	P3	P4	P5	P6	P7	P8	P9
A	0.0468	0.9202	1.4669	1.3606	0.7746	0.5454	1.1462	0.9203	0.3436
C	0.0111	0.0928	0.1428	0.2724	0.0874	0.0086	0.0338	0.0298	0.1025
D	0.0092	0.8215	0.7792	4.1346	0.5752	0.1284	0.3313	0.155	8.333
E	0.0371	1.3427	0.6673	1.0817	0.6397	0.1486	2.0988	0.6788	4.4968
F	8.582	0.6211	1.0025	0.2779	0.6402	0.0099	1.0003	0.438	0.178
G	0.0313	0.4242	0.3493	0.2433	1.1236	0.0483	0.3127	0.7503	0.7499
H	0.1221	1.3026	0.9129	0.3767	1.0726	1.0253	0.9904	0.9093	0.5638
I	4.0224	2.1947	2.2392	1.4436	0.8331	0.1645	1.0298	1.0666	0.2848
K	0.0355	1.6848	0.7918	0.2	2.8073	8.699	0.4819	1.8413	0.042
L	1.4186	0.9862	1.2165	0.9205	0.5696	0.0423	1.2514	1.9815	0.3194
M	1.0056	0.8456	1.0189	1.965	0.5361	0.0366	0.5289	1.0772	0.2118
N	0.0123	0.491	0.4139	2.1055	1.0933	0.3163	3.3539	0.6226	0.4168
P	0.0042	0.008	0.9275	0.0177	1.058	0.1685	1.3348	1.0715	0.1325
Q	0.0652	1.0865	0.6978	1.3999	1.1377	0.2601	0.821	1.3065	0.6705
R	0.0251	1.126	1.0116	0.0642	1.5026	5.0846	0.1492	0.9535	0.0285
S	0.0179	0.5734	0.555	1.3906	0.742	0.1972	0.7764	0.8924	0.3686
T	0.0236	1.1517	1.4894	0.9028	1.1678	0.5789	0.4851	0.5367	0.2387
V	0.791	2.2139	1.5567	1.0358	1.4847	0.4972	1.2114	1.2082	0.3444
W	3.5033	0.3791	0.2039	0.0168	0.1299	0.0167	0.6119	0.2991	0.0079
Y	9.4412	0.9087	2.093	0.0995	0.7059	0.0548	1.4877	1.2628	0.1872

pepL	alpha	w_s
12	99.5307	0.083	0.1488	0	0.3949	0.3734
13	98.9575	0.0263	0.0764	0.2382	0.4675	0.1916
14	98.3294	0.0043	0.0259	0.161	0	0.4702	0.2977	0.0409
15	98.0139	0.0017	0.0096	0.0839	0.376	0.4093	0.0998	0.0197
16	98.2233	8e-04	0.0022	0.03	0.2337	0	0.5219	0.1563	0.0471	0.0079
17	98.735	8e-04	0.0019	0.0146	0.1152	0.4293	0.2806	0.114	0.0363	0.0072
18	99.2174	5e-04	0.0013	0.0066	0.0433	0.2908	0	0.3312	0.218	0.0767	0.0267	0.005
19	99.5133	0.001	0.0012	0.0074	0.029	0.145	0.2323	0.2918	0.1844	0.0762	0.0263	0.0055
20	99.691	0.001	0.0012	0.0048	0.0176	0.0704	0.1449	0	0.2809	0.2454	0.1596	0.0505	0.0192	0.0045
21	99.7886	0.0013	0.002	0.0054	0.0189	0.0569	0.1038	0.1383	0.2554	0.2215	0.1327	0.043	0.0166	0.0041
