Allele	DRB1_16_02
Type	Standard
n_specificities	1
npep_u	1
npep_t	446
spec_ids	1
L_core	9
L_N	0
L_C	0
CS_perL	1
pepL_lower	12
pepL_upper	21
n_diff_aa	20

PWM_norm.1	P1	P2	P3	P4	P5	P6	P7	P8	P9
A	0.2194	0.6625	2.0423	0.497	0.9484	0.5462	0.6932	2.9918	4.4995
C	0.1501	0.2088	0.1965	0.2152	0.5066	0.2213	0.1765	0.2036	0.2691
D	0.1141	0.2711	0.1989	0.1342	4.1389	1.1609	2.4497	0.659	0.1641
E	0.0993	0.7736	0.6213	0.3193	0.2692	0.3481	0.5305	0.4039	0.2313
F	10.4663	0.3532	0.2562	5.9454	0.2519	0.1754	0.4219	0.4335	0.2765
G	0.1194	0.3338	0.4735	0.158	0.3039	0.4785	0.2013	0.4841	0.6315
H	0.3485	1.0168	0.2134	0.1592	0.2379	0.3886	0.2219	1.0369	0.1471
I	1.7924	2.3798	1.6352	4.9028	0.8228	0.2016	0.9173	0.335	1.5989
K	0.1642	0.7519	0.6276	0.1539	1.8897	0.2866	0.6485	1.0377	0.193
L	0.4454	1.1539	1.4651	0.9981	0.5586	0.1251	0.9959	1.2095	1.5195
M	0.3324	0.8207	1.5484	6.342	0.2431	0.2069	0.2779	0.291	0.3835
N	0.1621	0.8186	0.3486	0.1631	4.0243	3.5875	2.5418	0.7177	0.2494
P	0.0648	0.095	0.2207	0.0755	0.8794	0.1357	1.9174	1.0037	0.1092
Q	0.1036	0.4567	2.0803	0.3267	0.8623	0.2139	1.7153	0.582	0.1394
R	0.1274	1.7402	3.2919	0.1327	0.8904	0.2196	0.5822	2.4194	0.1807
S	0.1036	0.8071	0.3175	0.3172	0.397	6.9167	0.6166	0.6685	0.7543
T	0.1587	0.7152	0.5103	0.4049	0.7654	0.4768	2.1602	1.5422	0.5194
V	0.3157	3.9697	1.4249	2.4572	1.2662	0.1999	0.7972	0.5018	3.8649
W	2.214	0.7832	0.1567	0.2293	0.133	0.1279	1.2187	0.9243	0.145
Y	13.6444	1.1889	0.5626	0.5181	0.7305	0.2016	0.621	0.7065	0.2261

pepL	alpha	w_s
12	99.5307	0.083	0.1488	0	0.3949	0.3734
13	98.9575	0.0263	0.0764	0.2382	0.4675	0.1916
14	98.3294	0.0043	0.0259	0.161	0	0.4702	0.2977	0.0409
15	98.0139	0.0017	0.0096	0.0839	0.376	0.4093	0.0998	0.0197
16	98.2233	8e-04	0.0022	0.03	0.2337	0	0.5219	0.1563	0.0471	0.0079
17	98.735	8e-04	0.0019	0.0146	0.1152	0.4293	0.2806	0.114	0.0363	0.0072
18	99.2174	5e-04	0.0013	0.0066	0.0433	0.2908	0	0.3312	0.218	0.0767	0.0267	0.005
19	99.5133	0.001	0.0012	0.0074	0.029	0.145	0.2323	0.2918	0.1844	0.0762	0.0263	0.0055
20	99.691	0.001	0.0012	0.0048	0.0176	0.0704	0.1449	0	0.2809	0.2454	0.1596	0.0505	0.0192	0.0045
21	99.7886	0.0013	0.002	0.0054	0.0189	0.0569	0.1038	0.1383	0.2554	0.2215	0.1327	0.043	0.0166	0.0041
