Allele	DRB1_03_02
Type	Standard
n_specificities	1
npep_u	1
npep_t	997
spec_ids	1
L_core	9
L_N	0
L_C	0
CS_perL	1
pepL_lower	12
pepL_upper	21
n_diff_aa	20

PWM_norm.1	P1	P2	P3	P4	P5	P6	P7	P8	P9
A	0.1792	1.3691	1.7048	1.0527	0.7864	0.647	1.0616	0.8855	0.5522
C	0.1006	0.1852	0.1076	0.0837	0.1323	0.0946	0.0952	0.0948	0.0867
D	0.062	0.9743	0.4701	3.4513	1.3478	0.2698	0.6094	0.9784	0.1382
E	0.113	1.0105	0.7575	1.0214	1.0978	0.3841	1.7626	1.261	0.3163
F	7.9356	1.1596	0.4242	0.4406	0.5621	1.1099	0.1433	0.206	2.17
G	0.0637	0.465	0.7781	0.8568	1.3012	0.2789	1.375	0.8511	0.6339
H	0.2876	1.6377	0.6274	0.2248	1.0879	2.9478	0.5787	0.9205	0.3741
I	3.1439	2.2303	1.9044	0.1175	0.9287	2.0934	1.156	0.8853	0.9208
K	0.0735	1.3671	0.7223	0.1547	1.466	1.9502	0.3473	1.4857	1.6934
L	2.0085	0.9691	1.1588	0.1315	0.6831	0.8866	1.0319	0.8824	0.8674
M	1.4863	0.5242	1.4628	0.1045	0.3702	0.6006	0.3089	0.5018	1.2996
N	0.0807	0.8129	1.3122	9.6804	1.5179	1.8631	3.7861	2.2703	0.3159
P	0.0502	0.0558	1.459	0.0597	2.0268	1.0668	0.7089	0.8394	0.0507
Q	0.2173	0.6472	0.4205	1.4844	1.3364	1.3688	2.1651	0.6205	0.3897
R	0.0679	1.4017	1.0426	0.1366	0.8455	1.7132	0.3215	1.535	5.8313
S	0.0555	0.4687	0.7745	1.0062	0.8942	0.3087	0.6626	0.9034	0.3409
T	0.1786	1.512	0.7207	0.5261	1.0526	0.8565	1.0562	1.0404	0.2739
V	1.4207	1.1443	1.4464	0.4864	0.3609	1.6074	0.8084	1.1646	1.2834
W	4.9785	0.6241	0.6124	0.0684	0.1521	0.0842	0.2279	0.1603	0.1135
Y	4.9333	1.6738	1.2447	0.141	0.562	0.2908	0.4546	1.3053	2.5291

pepL	alpha	w_s
12	99.5307	0.083	0.1488	0	0.3949	0.3734
13	98.9575	0.0263	0.0764	0.2382	0.4675	0.1916
14	98.3294	0.0043	0.0259	0.161	0	0.4702	0.2977	0.0409
15	98.0139	0.0017	0.0096	0.0839	0.376	0.4093	0.0998	0.0197
16	98.2233	8e-04	0.0022	0.03	0.2337	0	0.5219	0.1563	0.0471	0.0079
17	98.735	8e-04	0.0019	0.0146	0.1152	0.4293	0.2806	0.114	0.0363	0.0072
18	99.2174	5e-04	0.0013	0.0066	0.0433	0.2908	0	0.3312	0.218	0.0767	0.0267	0.005
19	99.5133	0.001	0.0012	0.0074	0.029	0.145	0.2323	0.2918	0.1844	0.0762	0.0263	0.0055
20	99.691	0.001	0.0012	0.0048	0.0176	0.0704	0.1449	0	0.2809	0.2454	0.1596	0.0505	0.0192	0.0045
21	99.7886	0.0013	0.002	0.0054	0.0189	0.0569	0.1038	0.1383	0.2554	0.2215	0.1327	0.043	0.0166	0.0041
