Allele	DRB1_04_02
Type	Standard
n_specificities	1
npep_u	1
npep_t	3959
spec_ids	1
L_core	9
L_N	0
L_C	0
CS_perL	1
pepL_lower	12
pepL_upper	21
n_diff_aa	20

PWM_norm.1	P1	P2	P3	P4	P5	P6	P7	P8	P9
A	0.127	1.2379	1.3132	1.6521	1.189	0.9557	0.9632	1.397	3.343
C	0.0359	0.108	0.0414	0.1071	0.0381	0.0449	0.0252	0.1194	0.0326
D	0.0329	0.4825	0.426	0.0666	1.0066	2.8316	0.437	0.4114	0.329
E	0.0241	0.7876	0.5612	0.4436	0.7445	0.0595	0.3545	0.8795	0.4568
F	1.9599	0.707	0.7703	2.8476	0.1981	0.0371	1.16	0.6718	0.1388
G	0.2629	0.4418	0.9226	0.524	0.8702	0.3252	0.2486	1.0886	2.3218
H	0.0378	1.4465	0.4692	2.7623	1.7304	0.0607	4.3108	1.2271	0.8025
I	7.455	1.7037	1.7344	1.4888	0.5569	0.2838	0.692	0.9049	0.2546
K	0.0213	1.8535	0.8875	2.3059	1.8998	0.0466	1.1811	1.2392	0.1373
L	3.0713	0.8476	0.8098	0.6377	0.5488	0.1515	0.9919	1.0874	0.1889
M	1.2304	0.2581	0.6422	2.1791	1.0224	0.0382	0.41	0.5755	0.2477
N	0.0283	1.0065	1.4309	0.2708	1.2254	3.2534	1.6455	0.8362	0.6405
P	0.2529	0.0983	1.3601	0.0153	2.0422	0.4279	0.304	1.3758	0.2838
Q	0.0156	1.6539	0.9226	1.3024	1.0582	0.0586	2.3525	0.9448	3.6465
R	0.0184	1.7357	1.1117	0.754	1.5623	0.0338	3.158	1.3125	0.1251
S	0.0278	0.8853	1.1484	0.4363	0.8227	2.7689	0.4462	1.0297	2.3079
T	0.1458	0.9878	1.4033	0.6628	0.688	4.7392	0.7435	0.9025	0.6903
V	3.5316	1.5641	1.1086	0.8092	0.9492	1.5988	0.5472	0.9469	0.6231
W	0.2089	0.0259	0.2479	5.4176	0.1234	0.0201	0.9346	0.1865	0.0626
Y	0.0474	1.0772	1.5326	1.1433	0.7084	0.0307	0.7867	1.1127	0.2298

pepL	alpha	w_s
12	99.5307	0.083	0.1488	0	0.3949	0.3734
13	98.9575	0.0263	0.0764	0.2382	0.4675	0.1916
14	98.3294	0.0043	0.0259	0.161	0	0.4702	0.2977	0.0409
15	98.0139	0.0017	0.0096	0.0839	0.376	0.4093	0.0998	0.0197
16	98.2233	8e-04	0.0022	0.03	0.2337	0	0.5219	0.1563	0.0471	0.0079
17	98.735	8e-04	0.0019	0.0146	0.1152	0.4293	0.2806	0.114	0.0363	0.0072
18	99.2174	5e-04	0.0013	0.0066	0.0433	0.2908	0	0.3312	0.218	0.0767	0.0267	0.005
19	99.5133	0.001	0.0012	0.0074	0.029	0.145	0.2323	0.2918	0.1844	0.0762	0.0263	0.0055
20	99.691	0.001	0.0012	0.0048	0.0176	0.0704	0.1449	0	0.2809	0.2454	0.1596	0.0505	0.0192	0.0045
21	99.7886	0.0013	0.002	0.0054	0.0189	0.0569	0.1038	0.1383	0.2554	0.2215	0.1327	0.043	0.0166	0.0041
