Allele	DRB1_13_10
Type	Standard
n_specificities	1
npep_u	1
npep_t	5000
spec_ids	1
L_core	9
L_N	0
L_C	0
CS_perL	1
pepL_lower	12
pepL_upper	21
n_diff_aa	20

PWM_norm.1	P1	P2	P3	P4	P5	P6	P7	P8	P9
A	0.1514	0.971	1.5602	1.3721	0.8187	0.4859	1.1251	1.1786	0.7134
C	0.0752	0.118	0.3027	0.4383	0.1223	0.0444	0.1295	0.1131	0.2426
D	0.0461	0.5546	0.4931	3.5088	0.6428	0.2356	0.4726	0.5371	0.2249
E	0.034	1.1045	0.8117	1.4421	0.6932	0.3159	1.4891	0.9166	0.522
F	1.2848	0.8507	1.0192	0.6093	0.5303	0.0916	0.9269	0.6046	1.4845
G	0.0928	0.3361	0.6765	0.3232	1.0271	0.1607	0.6947	0.9621	0.5368
H	0.0565	1.4432	0.8006	0.4564	1.3085	1.3811	1.1842	1.5437	0.4379
I	8.7075	1.5947	2.3123	1.3743	0.8855	0.3241	1.0886	1.0119	0.6494
K	0.0468	1.7443	0.8895	0.2246	2.7124	7.5139	0.8283	1.5625	1.5682
L	2.8025	0.8388	0.9232	0.8642	0.5714	0.1192	1.6034	1.0918	0.7971
M	1.498	0.5271	1.1039	1.6629	0.7649	0.1263	0.6999	0.5453	1.4584
N	0.0555	1.0223	0.8403	1.8608	1.1947	0.5178	2.0565	0.8962	0.3934
P	0.0887	0.0548	1.0128	0.0881	1.0098	0.3292	0.9694	1.2711	0.0821
Q	0.0383	1.2417	0.8582	1.2696	1.1345	0.5128	0.977	1.0865	0.5618
R	0.0451	1.734	0.8133	0.1428	1.4425	4.3417	0.5724	1.4361	5.3358
S	0.0404	0.7046	0.806	1.1142	0.8026	0.2975	0.6559	0.7431	0.448
T	0.1519	1.109	0.8623	1.0227	1.1633	0.7844	0.5873	0.862	0.3902
V	3.4569	1.94	1.4503	1.1809	1.1831	0.6502	1.0611	0.984	0.8746
W	0.3205	0.5062	0.5576	0.3015	0.5019	0.0776	0.6633	0.333	0.227
Y	0.1975	1.153	1.7284	0.2981	0.8158	0.1088	1.4788	1.0692	4.0891

pepL	alpha	w_s
12	99.5307	0.083	0.1488	0	0.3949	0.3733
13	98.9574	0.0263	0.0764	0.2382	0.4675	0.1916
14	98.3293	0.0043	0.0259	0.161	0	0.4702	0.2976	0.0409
15	98.0138	0.0017	0.0096	0.0839	0.3761	0.4093	0.0998	0.0197
16	98.2233	8e-04	0.0022	0.03	0.2337	0	0.522	0.1562	0.0472	0.0079
17	98.7349	8e-04	0.0019	0.0146	0.1152	0.4294	0.2806	0.114	0.0362	0.0072
18	99.2174	5e-04	0.0013	0.0066	0.0433	0.2908	0	0.3312	0.218	0.0767	0.0267	0.005
19	99.5134	0.001	0.0012	0.0074	0.029	0.145	0.2323	0.2917	0.1843	0.0762	0.0263	0.0055
20	99.6911	0.001	0.0012	0.0048	0.0176	0.0704	0.1449	0	0.2809	0.2453	0.1596	0.0505	0.0192	0.0045
21	99.7886	0.0013	0.002	0.0054	0.0189	0.0569	0.1038	0.1384	0.2552	0.2215	0.1327	0.043	0.0166	0.0041
