Allele	DRB1_14_01
Type	Standard
n_specificities	1
npep_u	1
npep_t	5863
spec_ids	1
L_core	9
L_N	0
L_C	0
CS_perL	1
pepL_lower	12
pepL_upper	21
n_diff_aa	20

PWM_norm.1	P1	P2	P3	P4	P5	P6	P7	P8	P9
A	0.0387	1.1651	1.6544	2.0354	0.8166	0.2599	0.9406	1.0277	0.6855
C	0.0326	0.113	0.1213	0.1408	0.1632	0.0292	0.1045	0.1117	0.0483
D	0.0121	0.3565	0.1182	0.2423	2.479	0.0663	0.6296	0.5634	0.1277
E	0.0739	1.2815	0.4034	0.2781	2.0149	0.1279	1.3442	0.6844	0.1195
F	1.0888	0.785	1.4862	0.6891	0.3492	0.0403	0.4274	0.2048	0.9235
G	0.0293	0.1607	0.2746	0.1091	0.5487	0.0736	1.1117	0.8016	0.0264
H	0.1288	1.154	0.4484	0.8536	1.4015	1.9405	0.8387	0.9724	0.0467
I	10.7762	1.7711	2.6826	2.1059	0.8735	0.0949	0.9925	1.6533	5.2071
K	0.0288	1.6769	0.9307	0.1128	1.9189	6.2003	1.0273	1.7114	0.0338
L	2.2928	0.6921	0.9588	0.7077	0.253	0.0193	1.3618	1.2471	3.1764
M	1.4018	0.564	1.5018	0.1411	0.2139	0.0618	1.0837	0.6301	0.7877
N	0.0235	0.8511	0.6915	1.9114	1.2427	0.277	2.2128	0.9951	0.2383
P	0.0264	0.0136	1.4345	0.0304	1.3801	0.179	0.3983	1.7636	0.0536
Q	0.0106	1.2241	1.4072	0.1385	0.9336	0.136	1.3411	1.2127	0.1883
R	0.0122	1.3339	0.8441	0.0394	1.0674	7.9558	0.3389	1.3159	0.1703
S	0.0107	0.5831	0.8787	3.0792	0.6426	0.1835	1.2096	0.4552	0.0859
T	0.0515	0.7882	0.6082	1.1306	1.1806	0.6268	0.7918	0.9546	0.3661
V	3.4165	3.1684	1.3756	3.285	0.6646	0.3308	1.1066	1.0695	4.4508
W	0.3887	0.3066	0.98	0.0158	0.5229	0.0289	0.1962	0.0711	0.0186
Y	0.1196	1.2657	1.3694	0.0777	0.4069	0.0246	1.2949	0.8793	0.6671

pepL	alpha	w_s
12	99.5307	0.083	0.1488	0	0.3949	0.3734
13	98.9575	0.0263	0.0764	0.2382	0.4675	0.1916
14	98.3294	0.0043	0.0259	0.161	0	0.4702	0.2977	0.0409
15	98.0139	0.0017	0.0096	0.0839	0.376	0.4093	0.0998	0.0197
16	98.2233	8e-04	0.0022	0.03	0.2337	0	0.5219	0.1563	0.0471	0.0079
17	98.735	8e-04	0.0019	0.0146	0.1152	0.4293	0.2806	0.114	0.0363	0.0072
18	99.2174	5e-04	0.0013	0.0066	0.0433	0.2908	0	0.3312	0.218	0.0767	0.0267	0.005
19	99.5133	0.001	0.0012	0.0074	0.029	0.145	0.2323	0.2918	0.1844	0.0762	0.0263	0.0055
20	99.691	0.001	0.0012	0.0048	0.0176	0.0704	0.1449	0	0.2809	0.2454	0.1596	0.0505	0.0192	0.0045
21	99.7886	0.0013	0.002	0.0054	0.0189	0.0569	0.1038	0.1383	0.2554	0.2215	0.1327	0.043	0.0166	0.0041
