Allele	DRB1_08_77
Type	Standard
n_specificities	2
npep_u	0.549	0.451
npep_t	5000	5000
spec_ids	1	2
L_core	9
L_N	0
L_C	0
CS_perL	1
pepL_lower	12
pepL_upper	21
n_diff_aa	20

PWM_norm.1	P1	P2	P3	P4	P5	P6	P7	P8	P9
A	0.0934	0.9786	1.6562	1.8655	0.8341	0.5722	1.9811	0.988	0.4739
C	0.049	0.1182	0.1853	0.2739	0.1195	0.0746	0.0977	0.0887	0.0817
D	0.0361	0.5555	1.0466	0.7812	0.9403	0.2738	0.3731	0.6084	7.7542
E	0.0576	1.1065	0.7234	0.506	0.7743	0.4498	0.7615	1.0961	4.4551
F	8.2964	0.8442	0.8036	1.0961	0.6861	0.1142	0.5655	0.5982	0.1699
G	0.0619	0.3341	0.7588	0.2714	0.7917	0.2729	1.4888	0.7079	0.7673
H	0.1244	1.4506	1.0254	0.2616	1.057	2.8139	0.994	1.0988	0.6679
I	2.7704	1.5874	1.7207	2.0532	0.8532	0.2228	1.2064	1.2147	0.2194
K	0.0618	1.7251	1.0611	0.8815	2.4758	6.6617	1.3721	1.572	0.1589
L	1.3527	0.856	0.82	2.2118	0.4714	0.0907	1.124	1.3329	0.2221
M	0.9209	0.5286	0.9577	1.7863	0.6596	0.2855	0.8114	0.8079	0.2287
N	0.0713	1.0179	0.6061	0.6917	1.8539	0.5446	1.0636	0.8244	0.6707
P	0.0388	0.0529	1.0744	0.1076	0.6689	0.5578	1.6062	1.2362	0.1479
Q	0.0536	1.1967	1.0337	0.3388	1.2757	0.6747	0.9235	1.2449	0.7672
R	0.0379	1.746	0.8093	0.3839	1.348	3.9186	0.9321	1.1846	0.1142
S	0.0414	0.7128	0.7733	0.4696	1.0727	0.3563	0.5954	0.6369	0.4236
T	0.0773	1.1169	1.201	0.7228	1.2932	0.6307	0.4484	0.8109	0.2849
V	0.9818	1.9381	1.3313	2.6033	0.9925	0.5036	0.7474	1.1319	0.3079
W	4.5203	0.5113	0.3101	0.1904	0.3335	0.1258	0.43	0.3553	0.0679
Y	10.5593	1.1473	1.4234	0.8862	0.9069	0.1855	0.905	1.0973	0.1443

PWM_norm.2	P1	P2	P3	P4	P5	P6	P7	P8	P9
A	0.0984	0.9964	1.5793	0.9338	1.1202	1.6853	2.9394	1.0352	0.5157
C	0.0569	0.1071	0.18	0.0872	0.1482	0.1642	0.0941	0.0996	0.0851
D	0.0413	0.5211	0.6675	0.1499	0.9738	0.8247	0.2501	0.6483	7.6894
E	0.0653	1.0976	0.6756	0.3541	0.9532	0.8464	0.5958	1.1218	4.3142
F	8.0022	0.7549	0.75	0.9335	0.4982	0.2439	0.9069	0.5502	0.2016
G	0.0697	0.3464	1.0547	0.3104	0.7288	0.6313	1.9216	0.7583	0.7515
H	0.1444	1.4618	1.1857	0.2614	1.1399	1.3074	1.0702	1.0663	0.5914
I	2.8398	1.5697	1.0873	0.4384	0.936	1.0784	1.0241	1.0964	0.2702
K	0.0624	1.7089	0.8467	7.0372	1.7675	1.0811	0.7762	1.5031	0.1599
L	1.4316	0.8619	0.7793	0.6181	0.5782	0.4595	1.0829	1.2643	0.2504
M	0.9366	0.5487	0.8067	0.8334	0.6718	0.4687	0.7794	0.756	0.2168
N	0.0767	1.0274	0.7719	0.2871	1.2241	1.1803	0.7952	0.838	0.5491
P	0.0412	0.0542	1.6941	0.1235	1.3154	1.2073	1.3289	1.3255	0.1379
Q	0.0576	1.2117	1.2397	0.2837	1.021	2.0977	0.6821	1.2233	0.8359
R	0.0434	1.767	0.9316	2.8506	1.3168	0.6365	0.7327	1.1095	0.1047
S	0.046	0.719	0.9923	0.3914	0.9243	0.7933	0.5312	0.6841	0.4712
T	0.0809	1.1041	0.9377	0.4794	1.0162	2.0508	0.6455	0.7789	0.339
V	1.0146	1.9942	0.906	0.9498	1.2128	1.4783	0.943	1.2759	0.3466
W	4.8497	0.4582	0.3893	0.3052	0.2874	0.1695	0.2804	0.3969	0.0807
Y	10.1586	1.1165	1.8629	0.9166	1.3219	0.2209	0.5636	0.9718	0.1527

pepL	alpha	w_s
12	99.5307	0.083	0.1488	0	0.3949	0.3734	0.083	0.1488	0	0.3949	0.3734
13	98.9575	0.0263	0.0764	0.2382	0.4675	0.1916	0.0263	0.0764	0.2382	0.4675	0.1916
14	98.3294	0.0043	0.0259	0.161	0	0.4702	0.2977	0.0409	0.0043	0.0259	0.161	0	0.4702	0.2977	0.0409
15	98.0139	0.0017	0.0096	0.0839	0.376	0.4093	0.0998	0.0197	0.0017	0.0096	0.0839	0.376	0.4093	0.0998	0.0197
16	98.2233	8e-04	0.0022	0.03	0.2337	0	0.5219	0.1563	0.0471	0.0079	8e-04	0.0022	0.03	0.2337	0	0.5219	0.1563	0.0471	0.0079
17	98.735	8e-04	0.0019	0.0146	0.1152	0.4293	0.2806	0.114	0.0363	0.0072	8e-04	0.0019	0.0146	0.1152	0.4293	0.2806	0.114	0.0363	0.0072
18	99.2174	5e-04	0.0013	0.0066	0.0433	0.2908	0	0.3312	0.218	0.0767	0.0267	0.005	5e-04	0.0013	0.0066	0.0433	0.2908	0	0.3312	0.218	0.0767	0.0267	0.005
19	99.5133	0.001	0.0012	0.0074	0.029	0.145	0.2323	0.2918	0.1844	0.0762	0.0263	0.0055	0.001	0.0012	0.0074	0.029	0.145	0.2323	0.2918	0.1844	0.0762	0.0263	0.0055
20	99.691	0.001	0.0012	0.0048	0.0176	0.0704	0.1449	0	0.2809	0.2454	0.1596	0.0505	0.0192	0.0045	0.001	0.0012	0.0048	0.0176	0.0704	0.1449	0	0.2809	0.2454	0.1596	0.0505	0.0192	0.0045
21	99.7886	0.0013	0.002	0.0054	0.0189	0.0569	0.1038	0.1383	0.2554	0.2215	0.1327	0.043	0.0166	0.0041	0.0013	0.002	0.0054	0.0189	0.0569	0.1038	0.1383	0.2554	0.2215	0.1327	0.043	0.0166	0.0041
