Allele	DRB1_08_04
Type	Standard
n_specificities	2
npep_u	0.505	0.495
npep_t	1655	1619
spec_ids	1	2
L_core	9
L_N	0
L_C	0
CS_perL	1
pepL_lower	12
pepL_upper	21
n_diff_aa	20

PWM_norm.1	P1	P2	P3	P4	P5	P6	P7	P8	P9
A	0.3312	1.2641	1.8125	2.0213	0.8772	0.3139	2.3635	1.1153	2.1833
C	0.0829	0.0661	0.1208	0.0804	0.1124	0.0444	0.0679	0.0925	0.0659
D	0.0514	0.5573	1.4391	0.6507	1.1393	0.2954	0.2034	0.509	0.3906
E	0.0324	0.937	0.6735	0.3852	0.6399	0.2601	0.6005	0.7627	0.647
F	1.6021	1.7354	0.5653	1.3559	0.6433	0.0553	0.4769	0.5516	0.8875
G	0.1889	0.2139	0.9181	0.2337	0.8071	0.1276	1.488	1.1323	3.4111
H	0.042	1.1839	1.1153	0.2328	0.7994	3.738	0.7649	0.8111	1.1189
I	5.8421	1.9864	1.7473	1.7024	0.8941	0.0741	1.2695	1.8271	0.7923
K	0.0967	1.7247	1.0161	0.0633	2.7596	7.9449	1.365	1.6531	0.4484
L	2.8838	0.9277	0.6667	2.8045	0.4549	0.0503	1.0699	1.493	0.1727
M	1.7809	0.5385	1.0765	1.653	0.5908	0.1521	1.1268	0.2388	0.6322
N	0.0489	0.9166	0.4253	0.7642	1.9696	0.4312	0.6782	0.9625	1.1157
P	0.0804	0.0724	1.011	0.0408	0.625	0.6087	1.9395	0.6313	0.6609
Q	0.0477	1.4797	0.8433	0.426	1.6014	0.3575	0.9811	0.7659	2.4719
R	0.0525	1.1488	0.6139	0.0527	1.1419	4.3444	0.9333	1.0849	0.3791
S	0.0642	0.6978	0.8576	0.3221	1.0891	0.0778	0.6015	0.8477	1.3993
T	0.1809	1.2593	1.1997	0.4573	1.2017	0.2873	0.2338	1.1877	0.391
V	4.7198	1.5616	1.428	3.333	0.8477	0.4357	0.9368	1.0004	0.6517
W	0.3405	0.2483	0.3848	0.0643	0.2872	0.0487	0.0987	0.1975	0.2853
Y	0.1033	0.9132	1.4949	1.2728	0.7875	0.0877	0.6354	1.1096	0.1676

PWM_norm.2	P1	P2	P3	P4	P5	P6	P7	P8	P9
A	0.377	1.4074	1.728	0.8317	1.3081	1.873	2.9834	1.7179	3.3565
C	0.0826	0.0958	0.0661	0.0536	0.0624	0.1027	0.0986	0.0665	0.0765
D	0.0539	0.3218	0.6431	0.0851	1.0868	0.8078	0.1334	0.4663	0.5721
E	0.0338	0.9619	0.7352	0.558	0.9588	0.6098	0.3575	1.1313	0.3531
F	1.5068	0.4288	0.6771	0.7455	0.2155	0.1909	1.2754	0.6336	0.2171
G	0.2656	0.2928	0.8063	0.1048	0.5092	0.5928	1.996	0.4469	1.6864
H	0.0447	2.4268	0.6598	0.1967	1.5238	0.1349	1.2663	1.1429	0.7837
I	4.8099	1.8413	0.9164	0.1013	0.7998	1.2217	0.8374	0.6584	0.6042
K	0.0703	1.2833	0.728	8.0059	1.5567	0.1183	0.9089	1.55	0.3573
L	3.3224	0.9909	0.6687	0.2776	0.4647	0.914	0.9905	1.1341	0.3655
M	1.8665	1.5153	0.6808	1.1603	0.7786	0.1083	0.56	0.5644	0.8296
N	0.2719	1.1757	1.2524	0.1129	1.369	0.9073	0.7243	0.6704	0.8508
P	0.3214	0.2128	2.3673	0.1434	2.1836	1.5956	1.5662	1.1896	1.1468
Q	0.0494	0.8336	1.3173	0.3825	0.7517	1.8864	0.6108	1.396	1.7136
R	0.0445	1.5428	0.5569	3.1178	1.13	0.1792	0.916	1.2638	0.3337
S	0.0397	1.0337	1.2416	0.3545	0.7687	1.1294	0.4514	1.0017	1.9127
T	0.2239	1.2053	0.5634	0.5986	0.9742	2.731	0.8993	0.821	0.7908
V	4.0475	1.3954	0.6741	0.8152	1.0246	1.7117	0.7661	0.9581	0.9188
W	1.4452	0.0562	0.302	0.3417	0.2005	0.0961	0.1034	0.4857	0.0503
Y	0.1065	0.5292	2.6799	0.6299	1.9138	0.0763	0.4619	0.8517	0.3822

pepL	alpha	w_s
12	99.5307	0.083	0.1488	0	0.3949	0.3734	0.083	0.1488	0	0.3949	0.3734
13	98.9575	0.0263	0.0764	0.2382	0.4675	0.1916	0.0263	0.0764	0.2382	0.4675	0.1916
14	98.3294	0.0043	0.0259	0.161	0	0.4702	0.2977	0.0409	0.0043	0.0259	0.161	0	0.4702	0.2977	0.0409
15	98.0139	0.0017	0.0096	0.0839	0.376	0.4093	0.0998	0.0197	0.0017	0.0096	0.0839	0.376	0.4093	0.0998	0.0197
16	98.2233	8e-04	0.0022	0.03	0.2337	0	0.5219	0.1563	0.0471	0.0079	8e-04	0.0022	0.03	0.2337	0	0.5219	0.1563	0.0471	0.0079
17	98.735	8e-04	0.0019	0.0146	0.1152	0.4293	0.2806	0.114	0.0363	0.0072	8e-04	0.0019	0.0146	0.1152	0.4293	0.2806	0.114	0.0363	0.0072
18	99.2174	5e-04	0.0013	0.0066	0.0433	0.2908	0	0.3312	0.218	0.0767	0.0267	0.005	5e-04	0.0013	0.0066	0.0433	0.2908	0	0.3312	0.218	0.0767	0.0267	0.005
19	99.5133	0.001	0.0012	0.0074	0.029	0.145	0.2323	0.2918	0.1844	0.0762	0.0263	0.0055	0.001	0.0012	0.0074	0.029	0.145	0.2323	0.2918	0.1844	0.0762	0.0263	0.0055
20	99.691	0.001	0.0012	0.0048	0.0176	0.0704	0.1449	0	0.2809	0.2454	0.1596	0.0505	0.0192	0.0045	0.001	0.0012	0.0048	0.0176	0.0704	0.1449	0	0.2809	0.2454	0.1596	0.0505	0.0192	0.0045
21	99.7886	0.0013	0.002	0.0054	0.0189	0.0569	0.1038	0.1383	0.2554	0.2215	0.1327	0.043	0.0166	0.0041	0.0013	0.002	0.0054	0.0189	0.0569	0.1038	0.1383	0.2554	0.2215	0.1327	0.043	0.0166	0.0041
