Allele	DRB1_04_08
Type	Standard
n_specificities	1
npep_u	1
npep_t	5457
spec_ids	1
L_core	9
L_N	0
L_C	0
CS_perL	1
pepL_lower	12
pepL_upper	21
n_diff_aa	20

PWM_norm.1	P1	P2	P3	P4	P5	P6	P7	P8	P9
A	0.0206	0.5349	1.3859	1.3363	1.084	0.3268	2.1394	2.2274	3.5349
C	0.019	0.0875	0.5416	0.5855	0.0366	0.2048	0.055	0.0293	0.544
D	0.0388	0.4011	0.3483	0.5569	3.4462	3.5553	2.3297	0.4625	0.4228
E	0.016	0.8877	0.5748	0.7155	0.7187	0.1592	0.7353	1.3359	0.3594
F	9.3703	0.4524	0.6464	3.9226	0.2446	0.0264	0.202	0.4646	0.0344
G	0.0162	0.2277	0.6432	0.1446	0.6956	0.1859	0.2877	0.5098	3.1767
H	0.0328	0.6004	0.6778	0.2626	1.1068	0.0328	0.5307	2.175	0.6426
I	2.6939	1.6705	1.8257	4.5884	0.7778	0.2645	1.5391	0.6764	0.1578
K	0.0215	1.764	1.0737	0.0304	1.1215	0.0541	0.127	1.2077	0.085
L	1.0939	0.5956	0.7376	1.623	0.4494	0.0802	1.0176	0.5991	0.0351
M	0.6673	0.4087	0.9986	2.9325	0.4648	0.0262	0.5345	0.5411	0.2607
N	0.0275	1.2419	1.4344	0.1315	1.1412	4.7557	3.2665	0.8961	0.4854
P	0.0131	0.0146	0.6292	0.0098	1.6488	0.0423	1.782	1.1847	0.1193
Q	0.0117	1.1131	0.8596	1.016	0.8603	0.0257	0.9245	0.8433	3.5781
R	0.0143	2.3647	2.223	0.0332	0.629	0.1018	0.1449	1.7816	0.066
S	0.0327	1.044	0.9897	0.2829	1.7131	3.0469	0.9412	0.8939	2.5989
T	0.026	0.9344	0.757	0.336	1.0266	4.5935	0.843	0.5474	0.3299
V	0.7428	2.9931	1.2568	1.8298	0.5212	1.0665	0.6638	1.0029	0.2245
W	5.3824	1.0647	0.1384	0.8629	0.1336	0.0146	0.0893	1.2261	0.0157
Y	11.5681	0.959	2.1423	0.6502	0.5924	0.0495	0.4076	0.8505	0.0233

pepL	alpha	w_s
12	99.5307	0.083	0.1488	0	0.3949	0.3733
13	98.9574	0.0263	0.0764	0.2382	0.4675	0.1916
14	98.3293	0.0043	0.0259	0.161	0	0.4702	0.2976	0.0409
15	98.0138	0.0017	0.0096	0.0839	0.3761	0.4093	0.0998	0.0197
16	98.2233	8e-04	0.0022	0.03	0.2337	0	0.522	0.1562	0.0472	0.0079
17	98.7349	8e-04	0.0019	0.0146	0.1152	0.4294	0.2806	0.114	0.0362	0.0072
18	99.2174	5e-04	0.0013	0.0066	0.0433	0.2908	0	0.3312	0.218	0.0767	0.0267	0.005
19	99.5134	0.001	0.0012	0.0074	0.029	0.145	0.2323	0.2917	0.1843	0.0762	0.0263	0.0055
20	99.6911	0.001	0.0012	0.0048	0.0176	0.0704	0.1449	0	0.2809	0.2453	0.1596	0.0505	0.0192	0.0045
21	99.7886	0.0013	0.002	0.0054	0.0189	0.0569	0.1038	0.1384	0.2552	0.2215	0.1327	0.043	0.0166	0.0041
