Allele	DRB1_04_26
Type	Standard
n_specificities	1
npep_u	1
npep_t	5000
spec_ids	1
L_core	9
L_N	0
L_C	0
CS_perL	1
pepL_lower	12
pepL_upper	21
n_diff_aa	20

PWM_norm.1	P1	P2	P3	P4	P5	P6	P7	P8	P9
A	0.0934	0.9786	1.418	1.2047	1.1073	0.5606	2.3443	1.1812	2.8823
C	0.049	0.1182	0.3642	0.2454	0.2361	0.0966	0.1228	0.116	0.236
D	0.0361	0.5555	0.4349	5.3737	1.6976	3.5784	0.9538	0.5499	0.4497
E	0.0576	1.1065	0.5749	2.5709	0.8472	0.1037	0.9916	0.9164	0.4846
F	8.2964	0.8442	1.015	0.9158	0.4414	0.0388	0.375	0.6052	0.2476
G	0.0619	0.3341	0.7418	0.2273	0.8128	0.1671	0.4615	0.9468	2.954
H	0.1244	1.4506	0.674	0.2038	0.9223	0.0598	0.2669	1.5282	0.883
I	2.7704	1.5874	2.0028	1.3618	0.8532	0.2304	0.9638	1.0162	0.3248
K	0.0618	1.7251	0.9312	0.0824	1.1394	0.0546	0.1431	1.5537	0.2833
L	1.3527	0.856	0.7904	0.3833	0.5136	0.0659	1.126	1.0855	0.1751
M	0.9209	0.5286	0.9507	1.3174	0.5312	0.0524	0.4714	0.5538	0.3138
N	0.0713	1.0179	1.5138	0.6354	1.1396	4.1791	3.0451	0.9038	0.9326
P	0.0388	0.0529	1.0211	0.0432	1.9246	0.221	1.6049	1.2759	0.3804
Q	0.0536	1.1967	0.8683	1.3708	0.9167	0.0706	0.9596	1.0813	2.8359
R	0.0379	1.746	1.2335	0.0529	1.0188	0.0391	0.2353	1.4304	0.2655
S	0.0414	0.7128	0.9464	0.8288	1.364	2.7393	1.0525	0.746	2.1883
T	0.0773	1.1169	1.0167	1.0738	1.2581	4.7967	0.8444	0.863	0.6405
V	0.9818	1.9381	1.2573	0.8336	0.8558	1.3526	1.3193	0.997	0.4338
W	4.5203	0.5113	0.5496	0.3132	0.3134	0.0228	0.2164	0.3334	0.0731
Y	10.5593	1.1473	1.6326	0.26	0.5748	0.0395	0.3436	1.0766	0.2052

pepL	alpha	w_s
12	99.5307	0.083	0.1488	0	0.3949	0.3734
13	98.9575	0.0263	0.0764	0.2382	0.4675	0.1916
14	98.3294	0.0043	0.0259	0.161	0	0.4702	0.2977	0.0409
15	98.0139	0.0017	0.0096	0.0839	0.376	0.4093	0.0998	0.0197
16	98.2233	8e-04	0.0022	0.03	0.2337	0	0.5219	0.1563	0.0471	0.0079
17	98.735	8e-04	0.0019	0.0146	0.1152	0.4293	0.2806	0.114	0.0363	0.0072
18	99.2174	5e-04	0.0013	0.0066	0.0433	0.2908	0	0.3312	0.218	0.0767	0.0267	0.005
19	99.5133	0.001	0.0012	0.0074	0.029	0.145	0.2323	0.2918	0.1844	0.0762	0.0263	0.0055
20	99.691	0.001	0.0012	0.0048	0.0176	0.0704	0.1449	0	0.2809	0.2454	0.1596	0.0505	0.0192	0.0045
21	99.7886	0.0013	0.002	0.0054	0.0189	0.0569	0.1038	0.1383	0.2554	0.2215	0.1327	0.043	0.0166	0.0041
