Allele	DRB1_07_01
Type	Standard
n_specificities	1
npep_u	1
npep_t	45377
spec_ids	1
L_core	9
L_N	0
L_C	0
CS_perL	1
pepL_lower	12
pepL_upper	21
n_diff_aa	20

PWM_norm.1	P1	P2	P3	P4	P5	P6	P7	P8	P9
A	0.0626	0.9225	1.4374	1.0184	1.3463	3.4858	0.6589	0.9411	0.5167
C	0.0035	0.1428	0.1297	0.065	0.0884	0.1234	0.0157	0.1257	0.1406
D	0.0354	0.6443	0.2962	0.1215	0.6789	0.4088	0.3809	0.4253	0.1994
E	0.1796	0.8623	0.4344	0.1133	0.6188	0.2366	1.1316	0.6114	0.2129
F	8.0677	0.8429	1.5901	0.9037	0.5214	0.2494	0.9215	0.3605	1.294
G	0.0273	0.41	0.539	0.0547	0.7538	1.7436	0.5395	0.6973	0.1766
H	0.047	2.8411	1.575	0.8888	2.0218	0.0659	2.3012	1.1712	0.0615
I	2.842	1.1355	1.2197	0.9937	1.0482	0.1077	1.6064	0.9665	6.4376
K	0.0062	1.5236	1.6458	0.0295	2.187	0.0215	0.9604	1.8115	0.0429
L	1.5682	0.8657	0.773	0.1137	0.4841	0.0068	1.1258	0.8175	2.6723
M	1.448	0.6372	1.153	0.0904	0.5277	0.0854	0.4112	0.5969	0.8383
N	0.1071	0.924	0.682	0.1266	0.9814	1.2184	2.3275	1.261	0.1364
P	0.0417	0.0098	1.6095	0.0278	0.739	0.8303	0.2574	1.8662	0.0481
Q	0.0056	1.7062	1.6537	0.1117	0.7995	0.3693	1.6594	0.7898	0.1653
R	0.0104	1.7232	0.9098	0.0072	1.6428	0.0583	1.0423	1.8698	0.1119
S	0.0213	1.0626	0.7376	2.708	0.8999	3.966	0.5174	1.0037	0.1208
T	0.0558	0.8055	0.5804	7.0761	1.8117	1.4358	0.8562	1.1818	0.3803
V	1.255	1.1564	0.7397	2.4089	1.1432	0.8688	1.8165	1.1548	4.0167
W	4.6064	1.5368	0.9355	2.0984	0.3281	0.0145	1.0631	0.1641	0.161
Y	9.0985	1.4841	2.4475	0.0678	0.6304	0.1939	1.1802	0.4576	0.6561

pepL	alpha	w_s
12	99.5307	0.083	0.1488	0	0.3949	0.3733
13	98.9574	0.0263	0.0764	0.2382	0.4675	0.1916
14	98.3293	0.0043	0.0259	0.161	0	0.4702	0.2976	0.0409
15	98.0138	0.0017	0.0096	0.0839	0.3761	0.4093	0.0998	0.0197
16	98.2233	8e-04	0.0022	0.03	0.2337	0	0.522	0.1562	0.0472	0.0079
17	98.7349	8e-04	0.0019	0.0146	0.1152	0.4294	0.2806	0.114	0.0362	0.0072
18	99.2174	5e-04	0.0013	0.0066	0.0433	0.2908	0	0.3312	0.218	0.0767	0.0267	0.005
19	99.5134	0.001	0.0012	0.0074	0.029	0.145	0.2323	0.2917	0.1843	0.0762	0.0263	0.0055
20	99.6911	0.001	0.0012	0.0048	0.0176	0.0704	0.1449	0	0.2809	0.2453	0.1596	0.0505	0.0192	0.0045
21	99.7886	0.0013	0.002	0.0054	0.0189	0.0569	0.1038	0.1384	0.2552	0.2215	0.1327	0.043	0.0166	0.0041
