Allele	DRB1_08_06
Type	Standard
n_specificities	2
npep_u	0.497	0.503
npep_t	5000	5000
spec_ids	1	2
L_core	9
L_N	0
L_C	0
CS_perL	1
pepL_lower	12
pepL_upper	21
n_diff_aa	20

PWM_norm.1	P1	P2	P3	P4	P5	P6	P7	P8	P9
A	0.1514	0.971	1.6726	1.8034	0.8236	0.5932	1.9266	0.9909	0.505
C	0.0752	0.118	0.1982	0.2355	0.11	0.0734	0.1073	0.0866	0.0751
D	0.0461	0.5546	0.9645	0.7634	0.944	0.2805	0.3827	0.6026	7.962
E	0.034	1.1045	0.7396	0.4501	0.7457	0.4518	0.7618	1.1136	4.2632
F	1.2848	0.8507	0.7937	1.1063	0.6909	0.1365	0.5521	0.5806	0.171
G	0.0928	0.3361	0.6743	0.2791	0.8247	0.2944	1.4818	0.719	0.7671
H	0.0565	1.4432	1.0263	0.2189	1.0737	2.7782	0.9797	1.065	0.6706
I	8.7075	1.5947	1.7612	2.0207	0.8512	0.2394	1.2158	1.1982	0.2546
K	0.0468	1.7443	1.0838	0.9649	2.5192	6.4495	1.3338	1.5647	0.1564
L	2.8025	0.8388	0.8568	2.3482	0.4842	0.0975	1.1571	1.3762	0.2279
M	1.498	0.5271	0.9474	1.6728	0.6507	0.2889	0.7963	0.7545	0.2425
N	0.0555	1.0223	0.6089	0.6584	1.8789	0.519	1.1203	0.8248	0.6274
P	0.0887	0.0548	1.0729	0.1164	0.6788	0.6142	1.6307	1.2557	0.1533
Q	0.0383	1.2417	1.0825	0.3016	1.2443	0.6895	0.9666	1.2326	0.7457
R	0.0451	1.734	0.8475	0.4248	1.3495	3.9073	0.8859	1.1932	0.1091
S	0.0404	0.7046	0.7452	0.4257	1.0607	0.3396	0.6094	0.6399	0.4219
T	0.1519	1.109	1.1225	0.6741	1.2745	0.7266	0.4447	0.8056	0.302
V	3.4569	1.94	1.3682	2.6331	0.9673	0.5073	0.7304	1.1018	0.3309
W	0.3205	0.5062	0.2831	0.179	0.3272	0.1575	0.4428	0.32	0.0618
Y	0.1975	1.153	1.4612	0.9152	0.9109	0.2032	0.9091	1.0527	0.1392

PWM_norm.2	P1	P2	P3	P4	P5	P6	P7	P8	P9
A	0.1621	0.9925	1.595	0.9641	1.1241	1.6111	2.8528	1.0261	0.4979
C	0.0712	0.1071	0.2231	0.0852	0.1525	0.1971	0.1101	0.0939	0.0817
D	0.0473	0.5233	0.6159	0.1465	0.976	0.8737	0.2451	0.6323	7.8452
E	0.0364	1.103	0.6786	0.3138	0.9506	0.8197	0.5819	1.1098	4.2877
F	1.1669	0.7468	0.7399	0.9039	0.5004	0.2223	0.9577	0.5445	0.1947
G	0.0949	0.3521	0.9591	0.3121	0.7537	0.5855	1.9778	0.7584	0.7338
H	0.053	1.5039	1.1231	0.2908	1.1378	1.3731	1.1237	1.0633	0.6019
I	8.8341	1.56	1.1831	0.4689	0.9218	0.9901	1.0107	1.0959	0.256
K	0.0463	1.7348	0.8219	6.9559	1.7108	1.256	0.7947	1.5437	0.1543
L	2.7632	0.8645	0.8092	0.6512	0.6084	0.4122	1.0114	1.3123	0.2336
M	1.4995	0.5469	0.8239	0.7743	0.6814	0.4558	0.7409	0.6974	0.2217
N	0.0665	1.0144	0.7727	0.3004	1.2362	1.1862	0.7946	0.825	0.5593
P	0.0985	0.0541	1.6756	0.1283	1.3314	1.2052	1.4333	1.2986	0.1403
Q	0.0419	1.2075	1.2053	0.3022	1.0381	1.9029	0.6737	1.2338	0.83
R	0.0435	1.7865	0.9659	2.9253	1.2667	0.8136	0.7615	1.1299	0.1106
S	0.0413	0.7161	0.9992	0.3712	0.9091	0.8246	0.5511	0.6896	0.4607
T	0.156	1.0825	0.9377	0.4571	1.0251	2.0102	0.6904	0.7462	0.3301
V	3.4743	1.9691	0.9583	0.9203	1.2161	1.5287	0.8635	1.2587	0.3389
W	0.325	0.466	0.4281	0.3149	0.2907	0.1965	0.2909	0.3965	0.088
Y	0.1636	1.1057	1.8267	0.9652	1.3177	0.2287	0.5703	0.9633	0.1714

pepL	alpha	w_s
12	99.5307	0.083	0.1488	0	0.3949	0.3733	0.083	0.1488	0	0.3949	0.3733
13	98.9574	0.0263	0.0764	0.2382	0.4675	0.1916	0.0263	0.0764	0.2382	0.4675	0.1916
14	98.3293	0.0043	0.0259	0.161	0	0.4702	0.2976	0.0409	0.0043	0.0259	0.161	0	0.4702	0.2976	0.0409
15	98.0138	0.0017	0.0096	0.0839	0.3761	0.4093	0.0998	0.0197	0.0017	0.0096	0.0839	0.3761	0.4093	0.0998	0.0197
16	98.2233	8e-04	0.0022	0.03	0.2337	0	0.522	0.1562	0.0472	0.0079	8e-04	0.0022	0.03	0.2337	0	0.522	0.1562	0.0472	0.0079
17	98.7349	8e-04	0.0019	0.0146	0.1152	0.4294	0.2806	0.114	0.0362	0.0072	8e-04	0.0019	0.0146	0.1152	0.4294	0.2806	0.114	0.0362	0.0072
18	99.2174	5e-04	0.0013	0.0066	0.0433	0.2908	0	0.3312	0.218	0.0767	0.0267	0.005	5e-04	0.0013	0.0066	0.0433	0.2908	0	0.3312	0.218	0.0767	0.0267	0.005
19	99.5134	0.001	0.0012	0.0074	0.029	0.145	0.2323	0.2917	0.1843	0.0762	0.0263	0.0055	0.001	0.0012	0.0074	0.029	0.145	0.2323	0.2917	0.1843	0.0762	0.0263	0.0055
20	99.6911	0.001	0.0012	0.0048	0.0176	0.0704	0.1449	0	0.2809	0.2453	0.1596	0.0505	0.0192	0.0045	0.001	0.0012	0.0048	0.0176	0.0704	0.1449	0	0.2809	0.2453	0.1596	0.0505	0.0192	0.0045
21	99.7886	0.0013	0.002	0.0054	0.0189	0.0569	0.1038	0.1384	0.2552	0.2215	0.1327	0.043	0.0166	0.0041	0.0013	0.002	0.0054	0.0189	0.0569	0.1038	0.1384	0.2552	0.2215	0.1327	0.043	0.0166	0.0041
