Allele	DRB1_11_29
Type	Standard
n_specificities	1
npep_u	1
npep_t	5000
spec_ids	1
L_core	9
L_N	0
L_C	0
CS_perL	1
pepL_lower	12
pepL_upper	21
n_diff_aa	20

PWM_norm.1	P1	P2	P3	P4	P5	P6	P7	P8	P9
A	0.0896	0.971	1.5602	1.2139	0.9467	0.2336	1.4233	1.1786	2.0254
C	0.0511	0.118	0.3027	0.362	0.1377	0.0255	0.0765	0.1131	0.6878
D	0.0347	0.5546	0.4931	0.286	0.8614	0.1164	0.3318	0.5371	0.2975
E	0.0549	1.1045	0.8117	0.8273	0.7733	0.2429	0.7938	0.9166	0.429
F	8.5177	0.8507	1.0192	0.8695	0.5751	0.0471	0.7535	0.6046	0.9225
G	0.0609	0.3361	0.6765	0.1249	0.903	0.1284	1.4363	0.9621	1.2295
H	0.1257	1.4432	0.8006	0.2865	1.2837	1.4868	1.6513	1.5437	0.6021
I	2.7942	1.5947	2.3123	3.4753	0.8356	0.1155	1.3336	1.0119	1.4773
K	0.0562	1.7443	0.8895	0.3873	2.4416	6.4756	1.4437	1.5625	0.4559
L	1.3764	0.8388	0.9232	2.7162	0.444	0.0476	1.7802	1.0918	1.3758
M	0.9048	0.5271	1.1039	3.1113	0.6834	0.0728	0.8202	0.5453	1.1896
N	0.0706	1.0223	0.8403	0.6502	1.4576	0.2893	1.1164	0.8962	0.798
P	0.0383	0.0548	1.0128	0.0388	0.9614	0.2187	0.6148	1.2711	0.2391
Q	0.0511	1.2417	0.8582	0.6041	1.1539	0.2923	0.8092	1.0865	0.924
R	0.0397	1.734	0.8133	0.1426	1.3368	7.5084	1.1925	1.4361	0.8845
S	0.0409	0.7046	0.806	0.4676	0.9801	0.185	0.4702	0.7431	0.9974
T	0.0763	1.109	0.8623	0.6652	1.2728	0.5639	0.461	0.862	0.9347
V	0.9921	1.94	1.4503	2.1347	0.9428	0.2646	0.7643	0.984	1.9539
W	4.4804	0.5062	0.5576	0.3015	0.6275	0.0532	0.5174	0.333	0.2079
Y	10.1766	1.153	1.7284	0.3448	0.983	0.0669	1.0385	1.0692	1.0022

pepL	alpha	w_s
12	99.5307	0.083	0.1488	0	0.3949	0.3733
13	98.9574	0.0263	0.0764	0.2382	0.4675	0.1916
14	98.3293	0.0043	0.0259	0.161	0	0.4702	0.2976	0.0409
15	98.0138	0.0017	0.0096	0.0839	0.3761	0.4093	0.0998	0.0197
16	98.2233	8e-04	0.0022	0.03	0.2337	0	0.522	0.1562	0.0472	0.0079
17	98.7349	8e-04	0.0019	0.0146	0.1152	0.4294	0.2806	0.114	0.0362	0.0072
18	99.2174	5e-04	0.0013	0.0066	0.0433	0.2908	0	0.3312	0.218	0.0767	0.0267	0.005
19	99.5134	0.001	0.0012	0.0074	0.029	0.145	0.2323	0.2917	0.1843	0.0762	0.0263	0.0055
20	99.6911	0.001	0.0012	0.0048	0.0176	0.0704	0.1449	0	0.2809	0.2453	0.1596	0.0505	0.0192	0.0045
21	99.7886	0.0013	0.002	0.0054	0.0189	0.0569	0.1038	0.1384	0.2552	0.2215	0.1327	0.043	0.0166	0.0041
