Allele	DRB1_14_10
Type	Standard
n_specificities	1
npep_u	1
npep_t	5000
spec_ids	1
L_core	9
L_N	0
L_C	0
CS_perL	1
pepL_lower	12
pepL_upper	21
n_diff_aa	20

PWM_norm.1	P1	P2	P3	P4	P5	P6	P7	P8	P9
A	0.1598	0.9786	1.8425	2.5224	1.3137	0.6399	1.8345	0.9162	0.5981
C	0.0686	0.1182	0.2064	0.2477	0.1333	0.1191	0.1833	0.0927	0.156
D	0.0465	0.5555	0.3194	0.2677	1.8747	3.6069	1.5381	0.6166	0.1409
E	0.0361	1.1065	0.3825	0.3542	1.0402	0.1426	0.9469	0.7327	0.1792
F	1.2075	0.8442	0.8335	1.0793	0.3285	0.0469	0.6398	0.2443	0.8582
G	0.0913	0.3341	0.8354	0.2844	0.7074	0.2152	0.6015	0.7801	0.0978
H	0.0557	1.4506	0.6885	0.3829	1.0363	0.0815	0.513	0.9705	0.0951
I	8.8482	1.5874	1.4952	2.16	0.6999	0.2954	1.0205	1.5146	5.4164
K	0.0511	1.7251	0.8993	0.0917	1.3114	0.0725	0.2762	1.6041	0.0547
L	2.6807	0.856	0.7436	0.6743	0.4564	0.0798	1.0007	1.2326	3.1144
M	1.5984	0.5286	0.7057	0.5154	0.38	0.0645	0.7899	0.7715	0.8459
N	0.0572	1.0179	1.3233	0.4684	1.0222	4.4597	2.7862	1.0745	0.197
P	0.0827	0.0529	1.6461	0.0617	1.5016	0.3206	1.1917	1.7534	0.0643
Q	0.0401	1.1967	0.8747	0.358	0.887	0.0843	1.1426	1.138	0.2558
R	0.0421	1.746	1.5735	0.0562	1.0231	0.0591	0.3167	1.2046	0.1082
S	0.0434	0.7128	0.9588	2.4126	1.1295	2.5055	1.1734	0.4978	0.1271
T	0.1511	1.1169	1.027	2.2215	1.1771	4.1853	0.8586	0.9604	0.4001
V	3.5484	1.9381	0.9899	2.7915	1.2474	1.5985	0.9765	1.2654	4.1325
W	0.3015	0.5113	0.2744	0.1676	0.5603	0.0294	0.499	0.1237	0.111
Y	0.2197	1.1473	1.3648	0.1164	0.9116	0.0489	0.6364	1.0328	0.8006

pepL	alpha	w_s
12	99.5307	0.083	0.1488	0	0.3949	0.3734
13	98.9575	0.0263	0.0764	0.2382	0.4675	0.1916
14	98.3294	0.0043	0.0259	0.161	0	0.4702	0.2977	0.0409
15	98.0139	0.0017	0.0096	0.0839	0.376	0.4093	0.0998	0.0197
16	98.2233	8e-04	0.0022	0.03	0.2337	0	0.5219	0.1563	0.0471	0.0079
17	98.735	8e-04	0.0019	0.0146	0.1152	0.4293	0.2806	0.114	0.0363	0.0072
18	99.2174	5e-04	0.0013	0.0066	0.0433	0.2908	0	0.3312	0.218	0.0767	0.0267	0.005
19	99.5133	0.001	0.0012	0.0074	0.029	0.145	0.2323	0.2918	0.1844	0.0762	0.0263	0.0055
20	99.691	0.001	0.0012	0.0048	0.0176	0.0704	0.1449	0	0.2809	0.2454	0.1596	0.0505	0.0192	0.0045
21	99.7886	0.0013	0.002	0.0054	0.0189	0.0569	0.1038	0.1383	0.2554	0.2215	0.1327	0.043	0.0166	0.0041
