Allele	DRB1_13_02
Type	Standard
n_specificities	1
npep_u	1
npep_t	2347
spec_ids	1
L_core	9
L_N	0
L_C	0
CS_perL	1
pepL_lower	12
pepL_upper	21
n_diff_aa	20

PWM_norm.1	P1	P2	P3	P4	P5	P6	P7	P8	P9
A	0.0617	0.1131	1.1596	0.5346	0.4365	0.1349	0.5128	0.4476	0.6712
C	0.0838	0.0804	0.1242	0.0426	0.1374	0.0321	0.116	0.2124	0.0598
D	0.0393	0.7107	0.5691	0.2075	0.271	0.3487	0.4247	0.5922	0.0665
E	0.037	1.1766	0.513	0.1707	0.4726	0.7034	0.3649	0.6009	0.2023
F	7.3835	1.2438	1.5902	2.5524	0.7966	0.0883	1.0936	0.9015	1.678
G	0.0931	0.4422	0.4824	0.305	1.227	0.0534	0.6022	1.7503	0.5197
H	0.5013	1.6247	0.7392	3.8317	1.9181	1.0825	4.0355	1.6842	0.2865
I	3.6026	0.9604	2.6522	0.8147	1.04	0.408	0.4068	1.0914	0.6545
K	0.2996	1.9013	0.6461	1.9861	2.4154	7.035	2.764	1.1201	1.9728
L	1.2764	0.7132	1.4003	1.565	0.4994	0.0375	2.0175	0.7419	0.9462
M	1.1892	0.5622	1.9543	1.445	0.7209	0.1649	0.736	0.5417	1.923
N	0.3196	1.2411	1.0182	1.4246	1.8067	0.3214	2.0683	0.9424	0.683
P	0.0693	0.182	1.7621	0.0224	0.8345	0.3522	0.2442	1.3692	0.1604
Q	0.0776	1.5837	0.9205	0.7178	1.0901	0.1691	0.6497	0.8107	0.4454
R	0.0483	1.8958	0.6019	0.9619	1.4963	5.9421	1.3974	1.4563	4.9146
S	0.0319	1.2209	0.471	0.2082	0.6642	0.3308	0.1032	0.7491	0.5062
T	0.0548	1.4328	0.197	0.2789	1.8704	0.4146	0.4995	0.805	0.6779
V	1.8274	1.1472	1.5165	1.1407	1.107	0.0464	0.399	1.3266	0.372
W	2.2001	0.8131	0.1463	4.8481	1.5465	1.2758	1.223	1.2521	0.4608
Y	8.3406	0.9026	1.6424	3.5516	0.5605	0.4126	2.5454	2.3939	4.4021

pepL	alpha	w_s
12	99.5307	0.083	0.1488	0	0.3949	0.3734
13	98.9575	0.0263	0.0764	0.2382	0.4675	0.1916
14	98.3294	0.0043	0.0259	0.161	0	0.4702	0.2977	0.0409
15	98.0139	0.0017	0.0096	0.0839	0.376	0.4093	0.0998	0.0197
16	98.2233	8e-04	0.0022	0.03	0.2337	0	0.5219	0.1563	0.0471	0.0079
17	98.735	8e-04	0.0019	0.0146	0.1152	0.4293	0.2806	0.114	0.0363	0.0072
18	99.2174	5e-04	0.0013	0.0066	0.0433	0.2908	0	0.3312	0.218	0.0767	0.0267	0.005
19	99.5133	0.001	0.0012	0.0074	0.029	0.145	0.2323	0.2918	0.1844	0.0762	0.0263	0.0055
20	99.691	0.001	0.0012	0.0048	0.0176	0.0704	0.1449	0	0.2809	0.2454	0.1596	0.0505	0.0192	0.0045
21	99.7886	0.0013	0.002	0.0054	0.0189	0.0569	0.1038	0.1383	0.2554	0.2215	0.1327	0.043	0.0166	0.0041
