Allele	DRB1_08_02
Type	Standard
n_specificities	2
npep_u	0.603	0.397
npep_t	1199	788
spec_ids	1	2
L_core	9
L_N	0
L_C	0
CS_perL	1
pepL_lower	12
pepL_upper	21
n_diff_aa	20

PWM_norm.1	P1	P2	P3	P4	P5	P6	P7	P8	P9
A	0.2543	0.7925	1.7971	2.4174	0.7896	0.1091	2.2226	1.2394	2.4896
C	0.0885	0.1586	0.0923	0.1101	0.0828	0.0905	0.087	0.0872	0.0929
D	0.0523	0.7003	1.2156	0.574	0.9548	0.4188	0.3835	0.4645	0.6313
E	0.0446	0.7538	0.5419	0.3676	0.8417	0.8554	0.5075	0.4671	0.1954
F	6.8463	2.2743	0.5014	0.8616	0.4919	0.1119	0.2557	0.5823	0.6809
G	0.1374	0.2383	0.8159	0.3278	0.5575	0.3466	1.847	1.546	2.7865
H	0.1093	1.1213	0.6802	0.2474	0.8124	2.6049	0.0946	0.9451	1.209
I	3.2313	1.85	2.0787	2.563	0.8995	0.0839	0.928	1.9671	0.461
K	0.0633	1.3648	1.1287	0.107	2.1619	7.6798	1.8275	1.8436	0.5977
L	1.5387	1.1079	0.7483	2.6512	0.524	0.0625	1.24	0.8746	0.1579
M	1.3274	0.1541	0.4714	2.2716	1.3248	0.0986	0.2964	0.571	0.2726
N	0.0696	1.4979	0.5894	0.5231	2.2873	0.1651	0.643	1.0261	1.1493
P	0.0441	0.0587	1.136	0.0671	0.4054	0.3837	2.2707	0.6225	0.8471
Q	0.0939	0.8076	1.1407	0.0621	1.2958	0.4835	0.9592	0.8859	1.6318
R	0.0577	1.3081	0.4937	0.0672	1.0081	4.8798	0.8723	1.2736	0.5206
S	0.0489	0.9111	1.0583	0.2045	1.2371	0.1985	0.5865	0.9511	1.8837
T	0.0882	1.3865	1.2547	0.611	1.7044	0.1116	0.4592	1.1422	1.2624
V	2.4105	1.78	1.3007	3.0974	0.9308	0.0746	0.3103	0.9997	0.5268
W	2.3122	0.3996	0.0744	0.2061	0.5175	0.0646	0.069	0.0743	0.0663
Y	7.6598	0.8593	1.3701	0.7817	1.2005	0.1094	1.0425	0.9993	0.2198

PWM_norm.2	P1	P2	P3	P4	P5	P6	P7	P8	P9
A	0.2699	1.8375	2.1401	1.6954	1.2446	2.4086	3.7289	1.6305	4.4082
C	0.2285	0.1363	0.1277	0.1128	0.1668	0.133	0.1406	0.128	0.1497
D	0.0738	0.1369	0.604	0.1345	1.3737	1.1763	0.1359	0.2147	0.161
E	0.063	0.484	0.4437	0.1945	1.1353	0.3566	0.3442	0.8496	0.1392
F	5.1821	0.3701	0.4423	1.6824	0.4975	0.2207	0.5688	0.4522	0.4858
G	0.2869	0.7168	1.8679	0.8769	1.0193	0.9446	2.988	1.0334	2.4983
H	0.3992	1.4939	0.824	0.3663	0.8335	2.5963	0.4169	1.2018	0.1841
I	2.3683	2.0861	0.1844	0.2218	0.4664	0.3034	0.5111	0.2605	0.1683
K	0.0897	0.1724	0.3766	4.3386	0.5393	0.543	0.2822	1.4359	0.2371
L	2.5567	1.6324	0.6702	0.8428	0.6234	0.3724	0.8694	1.6296	0.1026
M	0.6233	1.7159	0.684	0.3775	1.1208	0.1682	0.6978	0.639	0.1518
N	0.1285	1.4003	0.4663	0.2467	0.5025	0.4142	0.4407	0.4531	0.6943
P	0.0804	0.0659	2.1535	0.0713	2.0617	1.7431	1.9021	0.8059	0.2087
Q	0.0684	1.393	0.3387	0.5918	1.6728	1.4856	0.8086	0.8784	2.6509
R	0.083	1.5314	1.3161	3.0296	1.1586	0.6923	0.4398	1.2829	0.2339
S	0.0932	0.6959	1.7482	0.6077	1.2628	0.6959	0.7645	0.9761	2.5768
T	0.1219	1.0764	0.8309	0.1496	0.4327	2.4074	0.3922	1.1928	0.429
V	1.8831	1.4528	0.3679	1.0412	0.755	1.5812	0.832	1.1184	0.515
W	6.1645	0.1063	0.3899	0.1227	0.293	0.1818	0.0917	0.1089	0.0924
Y	6.1764	0.6643	2.1427	1.7593	1.7721	0.1565	0.2224	1.24	0.1393

pepL	alpha	w_s
12	99.5307	0.083	0.1488	0	0.3949	0.3734	0.083	0.1488	0	0.3949	0.3734
13	98.9575	0.0263	0.0764	0.2382	0.4675	0.1916	0.0263	0.0764	0.2382	0.4675	0.1916
14	98.3294	0.0043	0.0259	0.161	0	0.4702	0.2977	0.0409	0.0043	0.0259	0.161	0	0.4702	0.2977	0.0409
15	98.0139	0.0017	0.0096	0.0839	0.376	0.4093	0.0998	0.0197	0.0017	0.0096	0.0839	0.376	0.4093	0.0998	0.0197
16	98.2233	8e-04	0.0022	0.03	0.2337	0	0.5219	0.1563	0.0471	0.0079	8e-04	0.0022	0.03	0.2337	0	0.5219	0.1563	0.0471	0.0079
17	98.735	8e-04	0.0019	0.0146	0.1152	0.4293	0.2806	0.114	0.0363	0.0072	8e-04	0.0019	0.0146	0.1152	0.4293	0.2806	0.114	0.0363	0.0072
18	99.2174	5e-04	0.0013	0.0066	0.0433	0.2908	0	0.3312	0.218	0.0767	0.0267	0.005	5e-04	0.0013	0.0066	0.0433	0.2908	0	0.3312	0.218	0.0767	0.0267	0.005
19	99.5133	0.001	0.0012	0.0074	0.029	0.145	0.2323	0.2918	0.1844	0.0762	0.0263	0.0055	0.001	0.0012	0.0074	0.029	0.145	0.2323	0.2918	0.1844	0.0762	0.0263	0.0055
20	99.691	0.001	0.0012	0.0048	0.0176	0.0704	0.1449	0	0.2809	0.2454	0.1596	0.0505	0.0192	0.0045	0.001	0.0012	0.0048	0.0176	0.0704	0.1449	0	0.2809	0.2454	0.1596	0.0505	0.0192	0.0045
21	99.7886	0.0013	0.002	0.0054	0.0189	0.0569	0.1038	0.1383	0.2554	0.2215	0.1327	0.043	0.0166	0.0041	0.0013	0.002	0.0054	0.0189	0.0569	0.1038	0.1383	0.2554	0.2215	0.1327	0.043	0.0166	0.0041
