Allele	DRB1_13_08
Type	Standard
n_specificities	1
npep_u	1
npep_t	5000
spec_ids	1
L_core	9
L_N	0
L_C	0
CS_perL	1
pepL_lower	12
pepL_upper	21
n_diff_aa	20

PWM_norm.1	P1	P2	P3	P4	P5	P6	P7	P8	P9
A	0.1514	0.971	1.5602	0.7207	0.7687	0.4133	0.735	1.1786	1.0957
C	0.0752	0.118	0.3027	0.1067	0.1799	0.0465	0.1433	0.1131	0.5635
D	0.0461	0.5546	0.4931	0.1656	0.5811	0.2532	0.3657	0.5371	0.1935
E	0.034	1.1045	0.8117	0.2673	0.7397	0.366	0.7218	0.9166	0.2099
F	1.2848	0.8507	1.0192	2.7085	0.5327	0.1098	1.1957	0.6046	1.543
G	0.0928	0.3361	0.6765	0.2107	1.0393	0.2035	0.5176	0.9621	0.438
H	0.0565	1.4432	0.8006	6.0766	1.3963	1.1795	2.8686	1.5437	0.3602
I	8.7075	1.5947	2.3123	1.2648	0.7961	0.2406	1.1032	1.0119	1.9572
K	0.0468	1.7443	0.8895	1.9963	2.6344	6.6773	1.7978	1.5625	0.194
L	2.8025	0.8388	0.9232	0.9697	0.5346	0.0989	1.2965	1.0918	2.2274
M	1.498	0.5271	1.1039	1.2073	0.8123	0.1346	0.6675	0.5453	1.4793
N	0.0555	1.0223	0.8403	0.9044	1.4693	0.3769	1.9179	0.8962	0.8272
P	0.0887	0.0548	1.0128	0.0511	1.3755	0.2923	0.7086	1.2711	0.1121
Q	0.0383	1.2417	0.8582	0.9001	1.2612	0.4552	1.3486	1.0865	0.5299
R	0.0451	1.734	0.8133	1.2916	1.1892	5.7212	1.3163	1.4361	0.2936
S	0.0404	0.7046	0.806	0.2765	0.7911	0.331	0.4055	0.7431	0.6567
T	0.1519	1.109	0.8623	0.4319	1.2562	0.7437	0.5167	0.862	0.8387
V	3.4569	1.94	1.4503	0.9284	0.8055	0.4042	0.8884	0.984	3.1594
W	0.3205	0.5062	0.5576	3.3462	0.7839	0.1806	1.2744	0.333	0.1929
Y	0.1975	1.153	1.7284	2.5414	0.818	0.1533	1.8421	1.0692	2.8655

pepL	alpha	w_s
12	99.5307	0.083	0.1488	0	0.3949	0.3733
13	98.9574	0.0263	0.0764	0.2382	0.4675	0.1916
14	98.3293	0.0043	0.0259	0.161	0	0.4702	0.2976	0.0409
15	98.0138	0.0017	0.0096	0.0839	0.3761	0.4093	0.0998	0.0197
16	98.2233	8e-04	0.0022	0.03	0.2337	0	0.522	0.1562	0.0472	0.0079
17	98.7349	8e-04	0.0019	0.0146	0.1152	0.4294	0.2806	0.114	0.0362	0.0072
18	99.2174	5e-04	0.0013	0.0066	0.0433	0.2908	0	0.3312	0.218	0.0767	0.0267	0.005
19	99.5134	0.001	0.0012	0.0074	0.029	0.145	0.2323	0.2917	0.1843	0.0762	0.0263	0.0055
20	99.6911	0.001	0.0012	0.0048	0.0176	0.0704	0.1449	0	0.2809	0.2453	0.1596	0.0505	0.0192	0.0045
21	99.7886	0.0013	0.002	0.0054	0.0189	0.0569	0.1038	0.1384	0.2552	0.2215	0.1327	0.043	0.0166	0.0041
