Allele	DRB1_04_11
Type	Standard
n_specificities	1
npep_u	1
npep_t	5000
spec_ids	1
L_core	9
L_N	0
L_C	0
CS_perL	1
pepL_lower	12
pepL_upper	21
n_diff_aa	20

PWM_norm.1	P1	P2	P3	P4	P5	P6	P7	P8	P9
A	0.1514	0.971	1.7828	2.9683	1.4277	0.6289	1.842	0.9909	0.505
C	0.0752	0.118	0.2092	0.2493	0.1583	0.1282	0.1597	0.0866	0.0751
D	0.0461	0.5546	0.3163	0.431	1.5442	3.3482	1.1156	0.6026	7.962
E	0.034	1.1045	0.4017	0.3502	0.8288	0.1408	0.7219	1.1136	4.2632
F	1.2848	0.8507	0.8059	1.1954	0.3568	0.0514	0.5405	0.5806	0.171
G	0.0928	0.3361	0.8028	0.3702	0.8118	0.2387	0.5729	0.719	0.7671
H	0.0565	1.4432	0.6795	0.3681	1.1263	0.0887	0.4322	1.065	0.6706
I	8.7075	1.5947	1.532	1.7551	0.5804	0.3076	1.0783	1.1982	0.2546
K	0.0468	1.7443	0.8913	0.1128	1.1876	0.0697	0.2759	1.5647	0.1564
L	2.8025	0.8388	0.763	0.6367	0.4739	0.0865	1.0758	1.3762	0.2279
M	1.498	0.5271	0.7105	0.5449	0.3817	0.0704	0.8059	0.7545	0.2425
N	0.0555	1.0223	1.3639	0.4254	1.0085	4.1619	3.2119	0.8248	0.6274
P	0.0887	0.0548	1.6022	0.0603	1.7537	0.3457	1.6583	1.2557	0.1533
Q	0.0383	1.2417	0.8312	0.3489	0.8827	0.0867	1.2441	1.2326	0.7457
R	0.0451	1.734	1.6124	0.058	0.8964	0.066	0.286	1.1932	0.1091
S	0.0404	0.7046	0.9817	2.0844	1.2781	2.5418	1.0333	0.6399	0.4219
T	0.1519	1.109	0.9838	2.2174	1.1915	4.4333	0.8189	0.8056	0.302
V	3.4569	1.94	1.056	2.7943	1.1867	1.6327	1.0503	1.1018	0.3309
W	0.3205	0.5062	0.2821	0.1829	0.9667	0.031	0.439	0.32	0.0618
Y	0.1975	1.153	1.3878	0.1548	0.9317	0.0551	0.4877	1.0527	0.1392

pepL	alpha	w_s
12	99.5307	0.083	0.1488	0	0.3949	0.3733
13	98.9574	0.0263	0.0764	0.2382	0.4675	0.1916
14	98.3293	0.0043	0.0259	0.161	0	0.4702	0.2976	0.0409
15	98.0138	0.0017	0.0096	0.0839	0.3761	0.4093	0.0998	0.0197
16	98.2233	8e-04	0.0022	0.03	0.2337	0	0.522	0.1562	0.0472	0.0079
17	98.7349	8e-04	0.0019	0.0146	0.1152	0.4294	0.2806	0.114	0.0362	0.0072
18	99.2174	5e-04	0.0013	0.0066	0.0433	0.2908	0	0.3312	0.218	0.0767	0.0267	0.005
19	99.5134	0.001	0.0012	0.0074	0.029	0.145	0.2323	0.2917	0.1843	0.0762	0.0263	0.0055
20	99.6911	0.001	0.0012	0.0048	0.0176	0.0704	0.1449	0	0.2809	0.2453	0.1596	0.0505	0.0192	0.0045
21	99.7886	0.0013	0.002	0.0054	0.0189	0.0569	0.1038	0.1384	0.2552	0.2215	0.1327	0.043	0.0166	0.0041
