Allele	DRB1_07_09
Type	Standard
n_specificities	1
npep_u	1
npep_t	5000
spec_ids	1
L_core	9
L_N	0
L_C	0
CS_perL	1
pepL_lower	12
pepL_upper	21
n_diff_aa	20

PWM_norm.1	P1	P2	P3	P4	P5	P6	P7	P8	P9
A	0.0896	1.0776	1.459	1.1949	1.3167	2.6555	0.7698	1.0416	0.803
C	0.0511	0.1232	0.2271	0.1006	0.1454	0.1824	0.17	0.1534	0.1754
D	0.0347	0.6847	0.3054	0.1306	0.9679	0.557	0.4903	0.6188	0.2143
E	0.0549	1.077	0.5591	0.1265	0.7325	0.3815	1.295	0.7869	0.2291
F	8.5177	0.7443	1.5261	0.8941	0.4936	0.7125	0.8432	0.7142	0.8771
G	0.0609	0.4347	0.6057	0.1522	0.6895	1.7828	0.5947	0.8948	0.1979
H	0.1257	2.6404	1.4945	0.8756	1.9217	0.2762	2.0934	1.0048	0.151
I	2.7942	1.2042	1.429	1.1132	0.8587	0.4734	1.2526	1.0821	6.3446
K	0.0562	1.4381	1.4297	0.0696	2.1667	0.1093	1.1451	1.6019	0.0498
L	1.3764	0.6612	0.7406	0.1846	0.5612	0.2032	1.2208	0.8928	2.2889
M	0.9048	0.5571	1.2733	0.2046	0.6267	0.2851	0.6182	0.5738	0.8757
N	0.0706	1.477	0.7476	0.2113	1.1989	2.0555	2.2883	1.064	0.2197
P	0.0383	0.0634	1.4177	0.038	0.8418	0.9145	0.5055	1.5195	0.0875
Q	0.0511	1.4608	1.3505	0.1549	1.0082	0.6002	1.5985	0.8674	0.2515
R	0.0397	1.5543	0.9042	0.0523	1.3838	0.1133	0.8809	1.4491	0.0591
S	0.0409	0.9015	0.7858	2.4637	0.8657	2.761	0.5406	0.9567	0.1974
T	0.0763	1.2624	0.617	6.42	1.5789	1.4649	0.7208	1.0881	0.5612
V	0.9921	1.292	0.915	2.632	1.0116	0.9956	1.3039	0.9932	4.1619
W	4.4804	0.7138	0.9903	1.8106	0.2923	0.2324	0.8462	0.3186	0.1017
Y	10.1766	1.1661	2.381	0.1062	0.6397	0.55	1.3324	1.0474	0.5871

pepL	alpha	w_s
12	99.5307	0.083	0.1488	0	0.3949	0.3733
13	98.9574	0.0263	0.0764	0.2382	0.4675	0.1916
14	98.3293	0.0043	0.0259	0.161	0	0.4702	0.2976	0.0409
15	98.0138	0.0017	0.0096	0.0839	0.3761	0.4093	0.0998	0.0197
16	98.2233	8e-04	0.0022	0.03	0.2337	0	0.522	0.1562	0.0472	0.0079
17	98.7349	8e-04	0.0019	0.0146	0.1152	0.4294	0.2806	0.114	0.0362	0.0072
18	99.2174	5e-04	0.0013	0.0066	0.0433	0.2908	0	0.3312	0.218	0.0767	0.0267	0.005
19	99.5134	0.001	0.0012	0.0074	0.029	0.145	0.2323	0.2917	0.1843	0.0762	0.0263	0.0055
20	99.6911	0.001	0.0012	0.0048	0.0176	0.0704	0.1449	0	0.2809	0.2453	0.1596	0.0505	0.0192	0.0045
21	99.7886	0.0013	0.002	0.0054	0.0189	0.0569	0.1038	0.1384	0.2552	0.2215	0.1327	0.043	0.0166	0.0041
