Allele	DRB1_03_06
Type	Standard
n_specificities	1
npep_u	1
npep_t	5000
spec_ids	1
L_core	9
L_N	0
L_C	0
CS_perL	1
pepL_lower	12
pepL_upper	21
n_diff_aa	20

PWM_norm.1	P1	P2	P3	P4	P5	P6	P7	P8	P9
A	0.1514	1.1481	1.3076	0.2663	0.8105	0.4859	1.3023	1.1786	0.7134
C	0.0752	0.1553	0.2718	0.0226	0.1864	0.0444	0.1491	0.1131	0.2426
D	0.0461	0.6852	0.3922	18.1639	1.0992	0.2356	0.6925	0.5371	0.2249
E	0.034	0.7862	0.6018	0.3565	1.1524	0.3159	1.3937	0.9166	0.522
F	1.2848	1.1428	0.9239	0.0773	0.605	0.0916	0.4746	0.6046	1.4845
G	0.0928	0.3884	0.5532	0.0961	1.2656	0.1607	0.9405	0.9621	0.5368
H	0.0565	1.4009	0.5848	0.047	0.9207	1.3811	0.5077	1.5437	0.4379
I	8.7075	2.1107	2.3618	0.0583	0.8373	0.3241	1.1845	1.0119	0.6494
K	0.0468	1.2667	0.9146	0.0411	1.4437	7.5139	0.3908	1.5625	1.5682
L	2.8025	0.8801	1.0424	0.0343	0.6673	0.1192	1.2325	1.0918	0.7971
M	1.498	0.548	1.2393	0.0613	0.8546	0.1263	0.6247	0.5453	1.4584
N	0.0555	1.1178	1.0396	0.2654	1.4208	0.5178	2.9685	0.8962	0.3934
P	0.0887	0.0527	1.285	0.0178	1.9628	0.3292	0.8796	1.2711	0.0821
Q	0.0383	0.9505	0.7907	0.1075	0.9815	0.5128	1.2699	1.0865	0.5618
R	0.0451	1.6831	0.9738	0.0267	0.8424	4.3417	0.3192	1.4361	5.3358
S	0.0404	0.5848	0.777	0.2953	0.8337	0.2975	0.8557	0.7431	0.448
T	0.1519	1.265	0.8803	0.1857	1.3306	0.7844	1.0226	0.862	0.3902
V	3.4569	1.9216	1.7342	0.0868	0.5853	0.6502	1.3135	0.984	0.8746
W	0.3205	0.5925	0.421	0.022	0.3979	0.0776	0.3308	0.333	0.227
Y	0.1975	1.4077	1.4488	0.0335	0.743	0.1088	0.7777	1.0692	4.0891

pepL	alpha	w_s
12	99.5307	0.083	0.1488	0	0.3949	0.3733
13	98.9574	0.0263	0.0764	0.2382	0.4675	0.1916
14	98.3293	0.0043	0.0259	0.161	0	0.4702	0.2976	0.0409
15	98.0138	0.0017	0.0096	0.0839	0.3761	0.4093	0.0998	0.0197
16	98.2233	8e-04	0.0022	0.03	0.2337	0	0.522	0.1562	0.0472	0.0079
17	98.7349	8e-04	0.0019	0.0146	0.1152	0.4294	0.2806	0.114	0.0362	0.0072
18	99.2174	5e-04	0.0013	0.0066	0.0433	0.2908	0	0.3312	0.218	0.0767	0.0267	0.005
19	99.5134	0.001	0.0012	0.0074	0.029	0.145	0.2323	0.2917	0.1843	0.0762	0.0263	0.0055
20	99.6911	0.001	0.0012	0.0048	0.0176	0.0704	0.1449	0	0.2809	0.2453	0.1596	0.0505	0.0192	0.0045
21	99.7886	0.0013	0.002	0.0054	0.0189	0.0569	0.1038	0.1384	0.2552	0.2215	0.1327	0.043	0.0166	0.0041
