Allele	DRB1_14_24
Type	Standard
n_specificities	1
npep_u	1
npep_t	5000
spec_ids	1
L_core	9
L_N	0
L_C	0
CS_perL	1
pepL_lower	12
pepL_upper	21
n_diff_aa	20

PWM_norm.1	P1	P2	P3	P4	P5	P6	P7	P8	P9
A	0.0934	0.9786	1.5907	0.483	1.0333	0.8636	0.9096	1.1812	0.6952
C	0.049	0.1182	0.2804	0.13	0.1683	0.0997	0.2015	0.116	0.2359
D	0.0361	0.5555	0.5111	0.2649	1.0539	0.2777	0.5846	0.5499	0.2087
E	0.0576	1.1065	0.795	0.3858	1.0328	0.4667	1.4735	0.9164	0.5438
F	8.2964	0.8442	1.0454	3.8105	0.4664	0.5005	0.736	0.6052	1.4868
G	0.0619	0.3341	0.7087	0.2519	0.8044	0.5813	0.662	0.9468	0.5702
H	0.1244	1.4506	0.8247	2.4426	1.5405	2.8559	1.7983	1.5282	0.4759
I	2.7704	1.5874	2.3246	1.3042	0.7562	1.141	1.168	1.0162	0.6413
K	0.0618	1.7251	0.8812	0.9896	1.9299	2.9145	0.9273	1.5537	1.5501
L	1.3527	0.856	0.9193	1.0985	0.5106	0.3817	0.8541	1.0855	0.7683
M	0.9209	0.5286	1.1058	1.345	0.5482	0.4683	0.7201	0.5538	1.446
N	0.0713	1.0179	0.8488	1.6119	1.3371	1.2098	2.5048	0.9038	0.3774
P	0.0388	0.0529	1.0026	0.0865	1.5039	0.8355	0.933	1.2759	0.0907
Q	0.0536	1.1967	0.8584	1.0262	1.3231	1.1291	1.7617	1.0813	0.5843
R	0.0379	1.746	0.7923	0.9918	1.1303	3.1613	0.684	1.4304	5.4685
S	0.0414	0.7128	0.7845	0.22	0.9169	0.4529	0.7035	0.746	0.4365
T	0.0773	1.1169	0.8781	0.3369	1.2747	1.0265	0.7187	0.863	0.385
V	0.9818	1.9381	1.4068	0.9138	0.7179	0.9761	1.1043	0.997	0.8366
W	4.5203	0.5113	0.5362	3.8575	0.478	0.2799	0.7635	0.3334	0.2969
Y	10.5593	1.1473	1.7551	5.7173	0.6966	0.4159	1.2257	1.0766	3.9359

pepL	alpha	w_s
12	99.5307	0.083	0.1488	0	0.3949	0.3734
13	98.9575	0.0263	0.0764	0.2382	0.4675	0.1916
14	98.3294	0.0043	0.0259	0.161	0	0.4702	0.2977	0.0409
15	98.0139	0.0017	0.0096	0.0839	0.376	0.4093	0.0998	0.0197
16	98.2233	8e-04	0.0022	0.03	0.2337	0	0.5219	0.1563	0.0471	0.0079
17	98.735	8e-04	0.0019	0.0146	0.1152	0.4293	0.2806	0.114	0.0363	0.0072
18	99.2174	5e-04	0.0013	0.0066	0.0433	0.2908	0	0.3312	0.218	0.0767	0.0267	0.005
19	99.5133	0.001	0.0012	0.0074	0.029	0.145	0.2323	0.2918	0.1844	0.0762	0.0263	0.0055
20	99.691	0.001	0.0012	0.0048	0.0176	0.0704	0.1449	0	0.2809	0.2454	0.1596	0.0505	0.0192	0.0045
21	99.7886	0.0013	0.002	0.0054	0.0189	0.0569	0.1038	0.1383	0.2554	0.2215	0.1327	0.043	0.0166	0.0041
