Allele	DRB1_01_03
Type	Standard
n_specificities	1
npep_u	1
npep_t	3016
spec_ids	1
L_core	9
L_N	0
L_C	0
CS_perL	1
pepL_lower	12
pepL_upper	21
n_diff_aa	20

PWM_norm.1	P1	P2	P3	P4	P5	P6	P7	P8	P9
A	0.0397	0.9104	2.045	1.7059	0.6131	6.3583	0.1226	1.1866	1.9444
C	0.031	0.0508	2.0722	0.1822	0.1515	0.2257	0.027	0.0357	1.8597
D	0.0361	0.4088	0.147	0.1438	0.6413	0.3215	0.1107	0.637	0.0281
E	0.0422	1.2658	0.6125	1.1651	0.6028	0.2729	0.6653	0.4896	0.0661
F	8.7351	0.952	0.8514	0.6704	0.0832	0.0355	0.0482	0.5596	0.236
G	0.0436	0.0697	0.4876	0.6426	0.7274	2.4044	0.071	1.0962	0.9873
H	0.1045	1.7083	0.9152	3.358	0.8838	0.1639	6.2619	1.7546	0.0388
I	1.4775	1.229	1.8207	0.4202	0.8849	0.0728	0.2311	0.2694	2.4023
K	0.0552	2.0333	0.7296	1.6981	3.2255	0.0495	3.4013	1.6358	0.0492
L	0.9987	1.2498	1.1908	1.6931	0.4505	0.034	0.5602	1.2783	3.0428
M	0.1421	0.3378	1.2958	3.2562	0.9255	0.0435	0.1656	0.3878	0.7646
N	0.0323	0.522	0.491	0.2146	1.1062	2.1192	1.6508	0.6014	0.1588
P	0.0131	0.0207	0.8124	0.0205	1.762	0.2798	0.1582	2.0045	0.0688
Q	0.0348	1.0589	0.94	1.0475	0.9741	0.101	1.3638	1.0151	0.0307
R	0.0375	2.0922	1.3417	2.8164	1.6087	0.0476	4.3905	1.6279	0.0273
S	0.0468	0.4131	1.1356	0.3079	0.7249	2.3108	0.193	0.7009	0.3038
T	0.0326	1.2491	0.576	0.0895	0.8168	0.6729	0.6323	0.3121	0.8002
V	0.2939	1.62	0.9826	0.1398	1.2274	0.2204	0.3431	1.2754	3.9564
W	6.0369	0.6413	0.1391	0.8227	0.505	0.0267	0.1934	0.1634	0.0309
Y	15.4831	1.6945	1.2285	0.495	1.6593	0.0388	1.8439	1.1662	0.0475

pepL	alpha	w_s
12	99.5307	0.083	0.1488	0	0.3949	0.3734
13	98.9575	0.0263	0.0764	0.2382	0.4675	0.1916
14	98.3294	0.0043	0.0259	0.161	0	0.4702	0.2977	0.0409
15	98.0139	0.0017	0.0096	0.0839	0.376	0.4093	0.0998	0.0197
16	98.2233	8e-04	0.0022	0.03	0.2337	0	0.5219	0.1563	0.0471	0.0079
17	98.735	8e-04	0.0019	0.0146	0.1152	0.4293	0.2806	0.114	0.0363	0.0072
18	99.2174	5e-04	0.0013	0.0066	0.0433	0.2908	0	0.3312	0.218	0.0767	0.0267	0.005
19	99.5133	0.001	0.0012	0.0074	0.029	0.145	0.2323	0.2918	0.1844	0.0762	0.0263	0.0055
20	99.691	0.001	0.0012	0.0048	0.0176	0.0704	0.1449	0	0.2809	0.2454	0.1596	0.0505	0.0192	0.0045
21	99.7886	0.0013	0.002	0.0054	0.0189	0.0569	0.1038	0.1383	0.2554	0.2215	0.1327	0.043	0.0166	0.0041
