Allele	DRB1_01_01
Type	Standard
n_specificities	1
npep_u	1
npep_t	60682
spec_ids	1
L_core	9
L_N	0
L_C	0
CS_perL	1
pepL_lower	12
pepL_upper	21
n_diff_aa	20

PWM_norm.1	P1	P2	P3	P4	P5	P6	P7	P8	P9
A	0.024	0.9045	2.0092	1.2085	1.0397	4.4356	1.5163	1.0556	2.8332
C	0.0184	0.1107	0.6017	0.2182	0.1326	0.1458	0.1568	0.0932	0.9127
D	0.0077	0.5234	0.3961	0.0757	0.857	0.2376	0.3118	0.6099	0.0606
E	0.0268	1.2289	0.6508	1.6563	0.7286	0.2393	1.3174	0.9314	0.0955
F	8.2876	0.62	1.0232	0.403	0.3905	0.067	0.6291	0.4542	0.0759
G	0.0202	0.4042	0.568	0.3062	0.7221	4.4159	0.4946	0.8855	0.9749
H	0.0131	1.3837	1.6786	0.0713	1.3978	0.0925	1.5118	1.4015	0.1825
I	2.4844	1.4852	1.7607	1.5779	0.7396	0.0165	1.0118	0.7309	1.9882
K	0.0066	1.4779	0.9428	0.0271	1.9151	0.0147	0.9219	1.7297	0.047
L	1.467	0.9127	0.8347	4.4482	0.3557	0.003	0.7652	1.1798	2.4287
M	0.7808	0.5266	1.2065	3.8547	0.9713	0.0059	0.3629	0.6343	0.8621
N	0.0158	1.0459	0.5013	0.2751	1.2904	0.9393	2.4516	0.8159	0.2107
P	0.0197	0.0055	0.7676	0.0114	1.1463	1.7403	0.773	1.615	0.0643
Q	0.035	1.636	1.4102	1.4278	1.4009	0.049	1.8772	1.3262	0.2078
R	0.0144	2.1607	1.0946	0.0132	1.4824	0.0137	0.9713	1.5303	0.0752
S	0.0075	0.6825	1.1882	0.2585	1.1835	1.9537	0.6745	0.6915	0.5976
T	0.0224	0.914	0.491	0.3512	1.7125	0.6946	1.0101	0.6164	1.0159
V	1.0385	1.7998	0.9262	0.5832	0.8786	0.2745	1.376	0.9421	3.7111
W	5.5785	0.6957	0.6203	0.3225	0.0824	0.0202	0.8371	0.224	0.0393
Y	11.2237	0.8956	1.516	0.0241	0.7203	0.0246	0.7936	0.9244	0.0447

pepL	alpha	w_s
12	99.5307	0.083	0.1488	0	0.3949	0.3733
13	98.9574	0.0263	0.0764	0.2382	0.4675	0.1916
14	98.3293	0.0043	0.0259	0.161	0	0.4702	0.2976	0.0409
15	98.0138	0.0017	0.0096	0.0839	0.3761	0.4093	0.0998	0.0197
16	98.2233	8e-04	0.0022	0.03	0.2337	0	0.522	0.1562	0.0472	0.0079
17	98.7349	8e-04	0.0019	0.0146	0.1152	0.4294	0.2806	0.114	0.0362	0.0072
18	99.2174	5e-04	0.0013	0.0066	0.0433	0.2908	0	0.3312	0.218	0.0767	0.0267	0.005
19	99.5134	0.001	0.0012	0.0074	0.029	0.145	0.2323	0.2917	0.1843	0.0762	0.0263	0.0055
20	99.6911	0.001	0.0012	0.0048	0.0176	0.0704	0.1449	0	0.2809	0.2453	0.1596	0.0505	0.0192	0.0045
21	99.7886	0.0013	0.002	0.0054	0.0189	0.0569	0.1038	0.1384	0.2552	0.2215	0.1327	0.043	0.0166	0.0041
