Allele	DRB1_09_21
Type	Standard
n_specificities	1
npep_u	1
npep_t	5000
spec_ids	1
L_core	9
L_N	0
L_C	0
CS_perL	1
pepL_lower	12
pepL_upper	21
n_diff_aa	20

PWM_norm.1	P1	P2	P3	P4	P5	P6	P7	P8	P9
A	0.0896	1.0776	1.8786	4.605	0.957	1.8694	1.6561	1.0416	1.0827
C	0.0511	0.1232	0.2641	0.1148	0.2112	0.1432	0.1827	0.1534	0.2129
D	0.0347	0.6847	0.2407	0.1002	0.7463	0.4433	0.7357	0.6188	1.1687
E	0.0549	1.077	0.6565	0.0893	1.4208	1.5484	1.2926	0.7869	1.0546
F	8.5177	0.7443	0.9365	1.4879	0.6758	0.2612	1.6002	0.7142	1.2293
G	0.0609	0.4347	0.922	1.3091	0.6371	1.4262	0.8714	0.8948	0.5434
H	0.1257	2.6404	1.7433	2.3747	1.7004	1.2409	2.3091	1.0048	0.7995
I	2.7942	1.2042	0.9333	0.1949	0.717	0.4744	0.6643	1.0821	3.6202
K	0.0562	1.4381	1.0534	0.06	1.6835	0.1517	1.2396	1.6019	0.2594
L	1.3764	0.6612	0.6627	0.1117	0.5338	0.2539	0.6249	0.8928	1.1996
M	0.9048	0.5571	0.7137	0.11	0.4603	0.5232	0.7753	0.5738	0.861
N	0.0706	1.477	0.7127	0.1933	0.769	0.9571	1.1828	1.064	0.7305
P	0.0383	0.0634	2.066	0.1102	1.0597	0.9366	0.681	1.5195	0.3436
Q	0.0511	1.4608	1.04	0.1196	1.4893	2.8125	1.7459	0.8674	0.9111
R	0.0397	1.5543	1.0015	0.051	1.0887	0.1405	0.9143	1.4491	0.4432
S	0.0409	0.9015	1.0895	3.9816	0.971	1.4756	0.6081	0.9567	0.5095
T	0.0763	1.2624	0.4288	0.7155	1.2832	1.9392	0.9312	1.0881	0.6989
V	0.9921	1.292	0.8802	0.7105	1.4054	0.9765	0.748	0.9932	2.0986
W	4.4804	0.7138	0.4815	0.108	0.4381	0.1433	0.6127	0.3186	0.2934
Y	10.1766	1.1661	1.8462	0.0863	0.817	0.2882	0.963	1.0474	1.9759

pepL	alpha	w_s
12	99.5307	0.083	0.1488	0	0.3949	0.3733
13	98.9574	0.0263	0.0764	0.2382	0.4675	0.1916
14	98.3293	0.0043	0.0259	0.161	0	0.4702	0.2976	0.0409
15	98.0138	0.0017	0.0096	0.0839	0.3761	0.4093	0.0998	0.0197
16	98.2233	8e-04	0.0022	0.03	0.2337	0	0.522	0.1562	0.0472	0.0079
17	98.7349	8e-04	0.0019	0.0146	0.1152	0.4294	0.2806	0.114	0.0362	0.0072
18	99.2174	5e-04	0.0013	0.0066	0.0433	0.2908	0	0.3312	0.218	0.0767	0.0267	0.005
19	99.5134	0.001	0.0012	0.0074	0.029	0.145	0.2323	0.2917	0.1843	0.0762	0.0263	0.0055
20	99.6911	0.001	0.0012	0.0048	0.0176	0.0704	0.1449	0	0.2809	0.2453	0.1596	0.0505	0.0192	0.0045
21	99.7886	0.0013	0.002	0.0054	0.0189	0.0569	0.1038	0.1384	0.2552	0.2215	0.1327	0.043	0.0166	0.0041
