Allele	DRB1_13_01
Type	Standard
n_specificities	1
npep_u	1
npep_t	18987
spec_ids	1
L_core	9
L_N	0
L_C	0
CS_perL	1
pepL_lower	12
pepL_upper	21
n_diff_aa	20

PWM_norm.1	P1	P2	P3	P4	P5	P6	P7	P8	P9
A	0.1103	0.971	1.3582	0.77	0.6394	0.3899	0.4724	0.7748	0.8541
C	0.0247	0.0782	0.2783	0.1306	0.4	0.0095	0.1305	0.0274	0.4069
D	0.0385	0.7602	0.4367	0.1186	0.8975	0.1794	0.2246	0.5119	0.1403
E	0.0291	1.2998	1.0298	0.4649	0.9269	0.4852	0.7032	0.7633	0.6928
F	1.2378	0.8329	1.1221	3.3347	0.3676	0.1305	0.9695	0.4366	1.2941
G	0.0552	0.2313	0.7991	0.0798	0.9313	0.1519	0.2407	0.8738	0.5975
H	0.0324	1.4161	0.8014	6.2986	1.3494	0.736	3.9823	2.7071	0.3839
I	8.6757	1.1595	2.2288	0.8974	0.7662	0.2385	1.1759	0.9456	0.4896
K	0.0445	1.9447	1.241	1.9405	2.6921	6.0247	2.43	1.4446	1.4118
L	2.9092	0.8465	0.8002	0.8222	0.4946	0.0632	1.5042	0.9928	0.611
M	1.3942	0.5843	0.6035	1.1105	0.4706	0.0888	0.4394	0.4906	1.1953
N	0.0511	0.6614	1.0261	0.8176	1.8261	0.1696	1.7641	1.2057	0.3185
P	0.087	0.045	0.8188	0.0131	1.1157	0.2027	0.2768	1.2953	0.0489
Q	0.0197	1.6165	0.6075	1.0069	1.3807	0.7253	1.5501	1.3193	0.8634
R	0.0151	1.6363	0.6668	1.0926	1.3602	6.4707	1.621	1.8811	5.6983
S	0.0333	0.5596	0.9296	0.2824	0.7619	0.3599	0.4323	0.6862	0.3715
T	0.0862	1.2174	0.6738	0.5805	1.3047	0.9974	0.2769	0.8882	0.2816
V	3.6525	1.9434	1.9168	1.0236	0.7293	0.418	0.668	0.9027	0.9552
W	0.246	0.2675	0.5807	3.4442	0.6657	0.0305	1.2848	0.4345	0.0675
Y	0.1538	1.1721	1.4865	2.409	0.5465	0.0114	1.7964	1.162	4.1635

pepL	alpha	w_s
12	99.5307	0.083	0.1488	0	0.3949	0.3733
13	98.9574	0.0263	0.0764	0.2382	0.4675	0.1916
14	98.3293	0.0043	0.0259	0.161	0	0.4702	0.2976	0.0409
15	98.0138	0.0017	0.0096	0.0839	0.3761	0.4093	0.0998	0.0197
16	98.2233	8e-04	0.0022	0.03	0.2337	0	0.522	0.1562	0.0472	0.0079
17	98.7349	8e-04	0.0019	0.0146	0.1152	0.4294	0.2806	0.114	0.0362	0.0072
18	99.2174	5e-04	0.0013	0.0066	0.0433	0.2908	0	0.3312	0.218	0.0767	0.0267	0.005
19	99.5134	0.001	0.0012	0.0074	0.029	0.145	0.2323	0.2917	0.1843	0.0762	0.0263	0.0055
20	99.6911	0.001	0.0012	0.0048	0.0176	0.0704	0.1449	0	0.2809	0.2453	0.1596	0.0505	0.0192	0.0045
21	99.7886	0.0013	0.002	0.0054	0.0189	0.0569	0.1038	0.1384	0.2552	0.2215	0.1327	0.043	0.0166	0.0041
