Allele	DRB1_07_04
Type	Standard
n_specificities	1
npep_u	1
npep_t	5000
spec_ids	1
L_core	9
L_N	0
L_C	0
CS_perL	1
pepL_lower	12
pepL_upper	21
n_diff_aa	20

PWM_norm.1	P1	P2	P3	P4	P5	P6	P7	P8	P9
A	0.0934	1.146	1.4402	1.0389	1.3071	3.5172	0.7407	1.0382	0.661
C	0.049	0.1458	0.3023	0.1337	0.1203	0.129	0.1273	0.146	0.1351
D	0.0361	0.6561	0.2662	0.2917	0.7394	0.4059	0.3982	0.6311	0.2016
E	0.0576	0.7992	0.6143	0.2852	0.6919	0.3246	1.0943	0.7685	0.2209
F	8.2964	1.1274	1.3746	0.941	0.5545	0.244	0.9929	0.7222	1.2364
G	0.0619	0.3749	0.5405	0.1634	0.7488	1.8505	0.5557	0.9028	0.1756
H	0.1244	1.3717	1.0041	0.7062	1.8996	0.1376	2.2725	0.9389	0.1389
I	2.7704	2.1162	1.9455	1.3196	0.9941	0.198	1.4793	1.068	6.1531
K	0.0618	1.2656	1.1515	0.1535	2.1387	0.0678	1.036	1.609	0.0507
L	1.3527	0.9018	0.8508	0.3586	0.5014	0.0773	1.1615	0.8755	2.5688
M	0.9209	0.524	1.5386	0.4695	0.6474	0.1201	0.5737	0.5564	0.9141
N	0.0713	1.1076	0.8011	0.7431	1.0195	1.4245	2.22	1.0721	0.18
P	0.0388	0.0486	1.1988	0.0353	0.748	0.837	0.3166	1.543	0.0736
Q	0.0536	0.9215	1.1232	0.3662	0.9063	0.3383	1.5802	0.8501	0.2094
R	0.0379	1.7171	0.986	0.0822	1.5491	0.069	1.0665	1.4669	0.085
S	0.0414	0.5871	0.7944	2.1806	0.9068	3.5353	0.5267	0.9747	0.1493
T	0.0773	1.2728	0.7756	5.6298	1.651	1.5165	0.8463	1.1069	0.4985
V	0.9818	1.9573	1.2441	2.3878	1.1862	0.7671	1.5836	0.9968	3.8917
W	4.5203	0.5405	0.9175	2.2112	0.3276	0.0655	0.9628	0.3115	0.1225
Y	10.5593	1.3772	1.8735	0.1796	0.659	0.1537	1.2789	1.0355	0.8618

pepL	alpha	w_s
12	99.5307	0.083	0.1488	0	0.3949	0.3734
13	98.9575	0.0263	0.0764	0.2382	0.4675	0.1916
14	98.3294	0.0043	0.0259	0.161	0	0.4702	0.2977	0.0409
15	98.0139	0.0017	0.0096	0.0839	0.376	0.4093	0.0998	0.0197
16	98.2233	8e-04	0.0022	0.03	0.2337	0	0.5219	0.1563	0.0471	0.0079
17	98.735	8e-04	0.0019	0.0146	0.1152	0.4293	0.2806	0.114	0.0363	0.0072
18	99.2174	5e-04	0.0013	0.0066	0.0433	0.2908	0	0.3312	0.218	0.0767	0.0267	0.005
19	99.5133	0.001	0.0012	0.0074	0.029	0.145	0.2323	0.2918	0.1844	0.0762	0.0263	0.0055
20	99.691	0.001	0.0012	0.0048	0.0176	0.0704	0.1449	0	0.2809	0.2454	0.1596	0.0505	0.0192	0.0045
21	99.7886	0.0013	0.002	0.0054	0.0189	0.0569	0.1038	0.1383	0.2554	0.2215	0.1327	0.043	0.0166	0.0041
