Allele	DRB1_11_01
Type	Standard
n_specificities	1
npep_u	1
npep_t	64490
spec_ids	1
L_core	9
L_N	0
L_C	0
CS_perL	1
pepL_lower	12
pepL_upper	21
n_diff_aa	20

PWM_norm.1	P1	P2	P3	P4	P5	P6	P7	P8	P9
A	0.0083	0.7842	2.1566	1.2194	1.0972	0.1564	1.6504	1.085	2.8577
C	0.006	0.0381	0.5279	0.4087	0.1254	0.0247	0.0509	0.1269	0.2898
D	0.0056	0.4778	0.4289	0.1701	0.7148	0.0771	0.3498	0.2873	0.4914
E	0.022	1.1599	0.9419	0.8737	0.6031	0.2697	0.9583	0.8453	0.4718
F	8.6091	0.8238	0.6965	0.7706	0.6672	0.0311	0.4637	0.4808	0.1194
G	0.0183	0.282	0.6466	0.1294	0.9563	0.1257	1.3953	0.8813	3.271
H	0.0351	1.4005	0.7666	0.1558	1.4132	1.5645	1.3224	1.9809	1.0036
I	2.8743	1.412	2.0162	3.4411	0.7402	0.0479	1.339	1.2432	0.2553
K	0.0172	2.2166	0.7683	0.3737	2.3926	6.9599	1.4922	1.4974	0.145
L	1.4867	0.9902	1.0138	2.5934	0.3559	0.0156	1.6174	1.1536	0.1377
M	0.8866	0.2522	1.065	3.3592	0.452	0.017	0.677	0.777	0.3134
N	0.0063	1.0621	0.5923	0.7258	1.366	0.3475	1.1594	0.6853	0.7825
P	0.0136	0.0116	0.8017	0.0171	0.8629	0.1794	0.7412	1.12	0.2356
Q	0.02	1.2086	0.9638	0.4969	1.2717	0.3602	0.7707	1.3189	3.2844
R	0.01	1.7969	0.9749	0.1378	1.3641	7.3064	1.392	1.4639	0.2446
S	0.0076	0.6238	0.78	0.4323	1.0989	0.2289	0.4756	0.6357	2.0152
T	0.0333	1.3752	0.8154	0.9627	1.2577	0.4876	0.5087	0.9382	0.819
V	0.7526	1.8154	1.179	2.2035	1.0276	0.1729	0.6878	1.0341	0.3563
W	5.0417	0.4911	0.5356	0.5558	0.7624	0.0128	0.3528	0.1171	0.0293
Y	10.9554	0.8133	1.843	0.3428	1.2214	0.0076	0.819	1.5758	0.1728

pepL	alpha	w_s
12	99.5307	0.083	0.1488	0	0.3949	0.3733
13	98.9574	0.0263	0.0764	0.2382	0.4675	0.1916
14	98.3293	0.0043	0.0259	0.161	0	0.4702	0.2976	0.0409
15	98.0138	0.0017	0.0096	0.0839	0.3761	0.4093	0.0998	0.0197
16	98.2233	8e-04	0.0022	0.03	0.2337	0	0.522	0.1562	0.0472	0.0079
17	98.7349	8e-04	0.0019	0.0146	0.1152	0.4294	0.2806	0.114	0.0362	0.0072
18	99.2174	5e-04	0.0013	0.0066	0.0433	0.2908	0	0.3312	0.218	0.0767	0.0267	0.005
19	99.5134	0.001	0.0012	0.0074	0.029	0.145	0.2323	0.2917	0.1843	0.0762	0.0263	0.0055
20	99.6911	0.001	0.0012	0.0048	0.0176	0.0704	0.1449	0	0.2809	0.2453	0.1596	0.0505	0.0192	0.0045
21	99.7886	0.0013	0.002	0.0054	0.0189	0.0569	0.1038	0.1384	0.2552	0.2215	0.1327	0.043	0.0166	0.0041
