Allele	DRB1_14_141
Type	Standard
n_specificities	1
npep_u	1
npep_t	5000
spec_ids	1
L_core	9
L_N	0
L_C	0
CS_perL	1
pepL_lower	12
pepL_upper	21
n_diff_aa	20

PWM_norm.1	P1	P2	P3	P4	P5	P6	P7	P8	P9
A	0.0896	1.1481	1.3509	0.3583	0.7887	3.7087	0.8938	1.1786	1.596
C	0.0511	0.1553	0.4809	0.0426	0.1296	0.5166	0.1249	0.1131	0.8552
D	0.0347	0.6852	0.3329	2.3373	0.8507	0.4133	0.4038	0.5371	1.1652
E	0.0549	0.7862	0.6207	0.2214	0.9418	0.5215	0.9628	0.9166	0.3024
F	8.5177	1.1428	1.0419	0.1041	0.5159	0.2619	0.5225	0.6046	0.1276
G	0.0609	0.3884	0.6037	0.2803	1.0705	1.5194	0.3071	0.9621	1.0787
H	0.1257	1.4009	0.6621	0.1235	1.4871	0.2397	0.7918	1.5437	0.4067
I	2.7942	2.1107	2.2727	0.1044	0.8054	0.8602	1.4182	1.0119	0.9841
K	0.0562	1.2667	0.8838	0.0725	1.8253	0.1126	0.3314	1.5625	0.4286
L	1.3764	0.8801	1.0074	0.0503	0.5775	0.2937	0.486	1.0918	0.9516
M	0.9048	0.548	1.2933	0.0783	0.4773	0.3219	0.3649	0.5453	0.5264
N	0.0706	1.1178	0.9769	18.9774	1.0864	3.1722	1.8357	0.8962	4.5606
P	0.0383	0.0527	1.1123	0.034	1.7251	1.3163	3.9844	1.2711	0.2721
Q	0.0511	0.9505	0.8207	0.4522	1.138	0.6424	0.9265	1.0865	0.5979
R	0.0397	1.6831	0.8785	0.0705	1.1756	0.0942	0.2647	1.4361	0.2464
S	0.0409	0.5848	0.8785	0.7063	0.8784	1.4684	0.7089	0.7431	1.425
T	0.0763	1.265	0.8064	0.3556	1.093	1.009	1.4294	0.862	0.9681
V	0.9921	1.9216	1.6153	0.206	1.2749	1.0421	1.9339	0.984	2.1686
W	4.4804	0.5925	0.7595	0.0913	0.3656	0.0786	0.3988	0.333	0.114
Y	10.1766	1.4077	1.7554	0.048	0.6075	0.1668	0.569	1.0692	0.2454

pepL	alpha	w_s
12	99.5307	0.083	0.1488	0	0.3949	0.3733
13	98.9574	0.0263	0.0764	0.2382	0.4675	0.1916
14	98.3293	0.0043	0.0259	0.161	0	0.4702	0.2976	0.0409
15	98.0138	0.0017	0.0096	0.0839	0.3761	0.4093	0.0998	0.0197
16	98.2233	8e-04	0.0022	0.03	0.2337	0	0.522	0.1562	0.0472	0.0079
17	98.7349	8e-04	0.0019	0.0146	0.1152	0.4294	0.2806	0.114	0.0362	0.0072
18	99.2174	5e-04	0.0013	0.0066	0.0433	0.2908	0	0.3312	0.218	0.0767	0.0267	0.005
19	99.5134	0.001	0.0012	0.0074	0.029	0.145	0.2323	0.2917	0.1843	0.0762	0.0263	0.0055
20	99.6911	0.001	0.0012	0.0048	0.0176	0.0704	0.1449	0	0.2809	0.2453	0.1596	0.0505	0.0192	0.0045
21	99.7886	0.0013	0.002	0.0054	0.0189	0.0569	0.1038	0.1384	0.2552	0.2215	0.1327	0.043	0.0166	0.0041
