Allele	DRB1_04_04
Type	Standard
n_specificities	1
npep_u	1
npep_t	31344
spec_ids	1
L_core	9
L_N	0
L_C	0
CS_perL	1
pepL_lower	12
pepL_upper	21
n_diff_aa	20

PWM_norm.1	P1	P2	P3	P4	P5	P6	P7	P8	P9
A	0.0143	0.9076	1.5701	1.0925	1.0718	0.341	2.2022	1.5526	3.4537
C	0.0165	0.1936	0.2594	0.5591	0.1189	0.1718	0.2421	0.0855	0.6
D	0.0128	0.5247	0.4208	0.6876	1.6912	4.8664	0.5192	0.7434	0.4094
E	0.0027	1.2084	0.6372	1.1575	1.0868	0.0792	0.5797	1.192	0.3695
F	0.6142	0.6	1.1814	1.4999	0.4144	0.035	0.2167	0.5325	0.017
G	0.0324	0.1374	0.7104	0.0866	0.7854	0.1124	0.5189	0.8259	2.8094
H	0.0122	1.0115	0.6828	0.1155	0.987	0.0367	0.3502	1.2662	0.8366
I	10.7121	2.1053	2.4446	4.9551	0.5885	0.0924	1.3633	0.8192	0.2015
K	0.0044	1.827	0.6722	0.015	0.9328	0.0223	0.0336	1.2724	0.0326
L	2.4906	0.8422	0.8036	1.8514	0.3573	0.0097	1.239	1.3466	0.0587
M	1.6539	0.4004	0.8429	5.0041	0.2451	0.0117	1.1136	0.6026	0.339
N	0.0203	0.6546	2.7042	0.2325	1.5541	5.5627	3.7665	0.7826	0.3924
P	0.0196	0.0041	0.9161	0.0048	2.2152	0.0915	1.9665	1.1536	0.2586
Q	0.0066	1.3419	0.6771	0.8312	1.102	0.0178	1.3669	0.9486	2.7148
R	0.0057	2.1252	0.7693	0.0049	0.903	0.0316	0.0545	1.4822	0.0206
S	0.0111	0.5541	1.0621	0.2662	1.7534	2.0583	1.0212	0.7835	3.3258
T	0.0291	0.9515	0.8124	0.5509	1.2078	4.949	0.5724	0.7142	0.2812
V	3.5839	2.2473	0.9487	1.9181	0.364	1.0698	1.0734	0.817	0.2496
W	0.2951	0.1389	0.3526	0.0583	0.1097	0.0052	0.1539	0.0788	0.0106
Y	0.0955	1.2276	1.7168	0.3208	0.5981	0.01	0.2004	0.9014	0.0091

pepL	alpha	w_s
12	99.5307	0.083	0.1488	0	0.3949	0.3734
13	98.9575	0.0263	0.0764	0.2382	0.4675	0.1916
14	98.3294	0.0043	0.0259	0.161	0	0.4702	0.2977	0.0409
15	98.0139	0.0017	0.0096	0.0839	0.376	0.4093	0.0998	0.0197
16	98.2233	8e-04	0.0022	0.03	0.2337	0	0.5219	0.1563	0.0471	0.0079
17	98.735	8e-04	0.0019	0.0146	0.1152	0.4293	0.2806	0.114	0.0363	0.0072
18	99.2174	5e-04	0.0013	0.0066	0.0433	0.2908	0	0.3312	0.218	0.0767	0.0267	0.005
19	99.5133	0.001	0.0012	0.0074	0.029	0.145	0.2323	0.2918	0.1844	0.0762	0.0263	0.0055
20	99.691	0.001	0.0012	0.0048	0.0176	0.0704	0.1449	0	0.2809	0.2454	0.1596	0.0505	0.0192	0.0045
21	99.7886	0.0013	0.002	0.0054	0.0189	0.0569	0.1038	0.1383	0.2554	0.2215	0.1327	0.043	0.0166	0.0041
