Allele	DRB1_14_07
Type	Standard
n_specificities	1
npep_u	1
npep_t	5000
spec_ids	1
L_core	9
L_N	0
L_C	0
CS_perL	1
pepL_lower	12
pepL_upper	21
n_diff_aa	20

PWM_norm.1	P1	P2	P3	P4	P5	P6	P7	P8	P9
A	0.0934	0.9786	1.5224	2.1092	0.8941	0.2454	0.9415	0.9162	0.5981
C	0.049	0.1182	0.2463	0.4717	0.1607	0.0246	0.154	0.0927	0.156
D	0.0361	0.5555	0.2322	0.3076	2.1589	0.1273	0.747	0.6166	0.1409
E	0.0576	1.1065	0.5466	0.2649	1.7212	0.2537	1.3557	0.7327	0.1792
F	8.2964	0.8442	1.3381	0.5703	0.4496	0.0402	0.529	0.2443	0.8582
G	0.0619	0.3341	0.4073	0.1899	0.6236	0.128	1.1968	0.7801	0.0978
H	0.1244	1.4506	0.7173	0.6354	1.1023	1.5124	0.7598	0.9705	0.0951
I	2.7704	1.5874	2.4065	2.08	0.893	0.1074	1.1301	1.5146	5.4164
K	0.0618	1.7251	0.9092	0.1395	1.864	6.5854	0.8084	1.6041	0.0547
L	1.3527	0.856	0.9653	0.8088	0.3623	0.045	1.2811	1.2326	3.1144
M	0.9209	0.5286	1.4668	0.3564	0.3348	0.0683	1.0404	0.7715	0.8459
N	0.0713	1.0179	0.8709	2.1035	1.0944	0.2975	2.5858	1.0745	0.197
P	0.0388	0.0529	1.2231	0.0733	1.2936	0.2135	0.4419	1.7534	0.0643
Q	0.0536	1.1967	1.0822	0.2045	0.9439	0.3015	1.2566	1.138	0.2558
R	0.0379	1.746	0.8533	0.0747	1.1096	7.4072	0.3865	1.2046	0.1082
S	0.0414	0.7128	0.9	2.6112	0.7526	0.1954	0.9892	0.4978	0.1271
T	0.0773	1.1169	0.6741	1.2639	1.1968	0.5253	0.8885	0.9604	0.4001
V	0.9818	1.9381	1.429	3.1229	0.7759	0.2434	1.0881	1.2654	4.1325
W	4.5203	0.5113	0.6712	0.0906	0.5763	0.0432	0.3476	0.1237	0.111
Y	10.5593	1.1473	1.7827	0.1207	0.789	0.0597	1.2365	1.0328	0.8006

pepL	alpha	w_s
12	99.5307	0.083	0.1488	0	0.3949	0.3734
13	98.9575	0.0263	0.0764	0.2382	0.4675	0.1916
14	98.3294	0.0043	0.0259	0.161	0	0.4702	0.2977	0.0409
15	98.0139	0.0017	0.0096	0.0839	0.376	0.4093	0.0998	0.0197
16	98.2233	8e-04	0.0022	0.03	0.2337	0	0.5219	0.1563	0.0471	0.0079
17	98.735	8e-04	0.0019	0.0146	0.1152	0.4293	0.2806	0.114	0.0363	0.0072
18	99.2174	5e-04	0.0013	0.0066	0.0433	0.2908	0	0.3312	0.218	0.0767	0.0267	0.005
19	99.5133	0.001	0.0012	0.0074	0.029	0.145	0.2323	0.2918	0.1844	0.0762	0.0263	0.0055
20	99.691	0.001	0.0012	0.0048	0.0176	0.0704	0.1449	0	0.2809	0.2454	0.1596	0.0505	0.0192	0.0045
21	99.7886	0.0013	0.002	0.0054	0.0189	0.0569	0.1038	0.1383	0.2554	0.2215	0.1327	0.043	0.0166	0.0041
