Allele	DRB1_11_02
Type	Standard
n_specificities	1
npep_u	1
npep_t	2124
spec_ids	1
L_core	9
L_N	0
L_C	0
CS_perL	1
pepL_lower	12
pepL_upper	21
n_diff_aa	20

PWM_norm.1	P1	P2	P3	P4	P5	P6	P7	P8	P9
A	0.1466	1.3582	1.2794	1.042	0.8163	0.8451	0.834	1.2591	2.6304
C	0.0652	0.092	0.0525	0.0461	0.087	0.0415	0.0474	0.1547	0.0553
D	0.0501	0.4475	0.8387	0.0593	0.7821	0.3073	0.2896	0.486	0.264
E	0.0256	1.4588	1.0949	0.185	1.0316	0.2949	0.512	0.6157	0.5605
F	1.2843	1.0456	0.7252	2.4794	0.3089	0.0699	1.2491	0.4312	0.191
G	0.0931	0.2878	0.7844	0.3409	1.0215	0.4352	0.566	0.7707	2.7219
H	0.0338	1.7828	1.0405	5.3289	1.9573	0.9279	2.1251	1.8299	1.3865
I	6.228	0.9789	1.5189	0.8558	0.6114	0.2669	1.4965	1.3325	0.5406
K	0.0773	1.7623	1.0144	3.0911	2.7016	5.7604	2.2254	1.5542	0.3908
L	3.6051	0.9406	0.8681	0.6753	0.3705	0.1149	1.3355	1.3998	0.2483
M	1.6218	0.6024	0.5199	0.898	0.6244	0.0649	0.3871	0.3062	0.3465
N	0.1367	1.3788	0.7644	0.8901	1.1069	0.4256	0.7613	0.6069	0.6793
P	0.17	0.0436	1.3376	0.028	1.5883	0.3526	1.2436	1.032	0.3952
Q	0.029	1.1717	0.9	1.4887	1.42	0.9795	1.6043	1.4396	3.205
R	0.097	1.4608	0.6837	1.3129	1.1472	4.8838	1.7595	1.4264	0.3277
S	0.0348	0.5661	0.9138	0.2973	0.8338	0.6163	0.2749	0.8928	1.8479
T	0.3033	0.919	1.0731	0.5266	1.0879	0.9182	0.3584	1.0157	0.6373
V	3.6664	1.754	1.4152	1.1211	0.6024	0.4783	0.9691	0.7811	0.7011
W	0.0847	0.6365	0.3425	1.0886	0.0795	0.0386	0.4904	0.5591	0.1144
Y	0.1135	0.8895	1.8129	1.814	1.1152	0.0604	1.2135	0.6119	0.3837

pepL	alpha	w_s
12	99.5307	0.083	0.1488	0	0.3949	0.3734
13	98.9575	0.0263	0.0764	0.2382	0.4675	0.1916
14	98.3294	0.0043	0.0259	0.161	0	0.4702	0.2977	0.0409
15	98.0139	0.0017	0.0096	0.0839	0.376	0.4093	0.0998	0.0197
16	98.2233	8e-04	0.0022	0.03	0.2337	0	0.5219	0.1563	0.0471	0.0079
17	98.735	8e-04	0.0019	0.0146	0.1152	0.4293	0.2806	0.114	0.0363	0.0072
18	99.2174	5e-04	0.0013	0.0066	0.0433	0.2908	0	0.3312	0.218	0.0767	0.0267	0.005
19	99.5133	0.001	0.0012	0.0074	0.029	0.145	0.2323	0.2918	0.1844	0.0762	0.0263	0.0055
20	99.691	0.001	0.0012	0.0048	0.0176	0.0704	0.1449	0	0.2809	0.2454	0.1596	0.0505	0.0192	0.0045
21	99.7886	0.0013	0.002	0.0054	0.0189	0.0569	0.1038	0.1383	0.2554	0.2215	0.1327	0.043	0.0166	0.0041
