Allele	DRB1_14_06
Type	Standard
n_specificities	1
npep_u	1
npep_t	5000
spec_ids	1
L_core	9
L_N	0
L_C	0
CS_perL	1
pepL_lower	12
pepL_upper	21
n_diff_aa	20

PWM_norm.1	P1	P2	P3	P4	P5	P6	P7	P8	P9
A	0.1598	0.9786	1.5907	0.9449	0.9965	0.751	0.9976	1.1812	0.6952
C	0.0686	0.1182	0.2804	0.469	0.1974	0.102	0.152	0.116	0.2359
D	0.0465	0.5555	0.5111	0.2429	1.2888	0.2101	0.5796	0.5499	0.2087
E	0.0361	1.1065	0.795	0.7911	1.1458	0.438	1.3255	0.9164	0.5438
F	1.2075	0.8442	1.0454	1.1145	0.5325	0.4529	0.3904	0.6052	1.4868
G	0.0913	0.3341	0.7087	0.2226	0.8235	0.524	1.2091	0.9468	0.5702
H	0.0557	1.4506	0.8247	0.5225	1.364	2.8458	0.8393	1.5282	0.4759
I	8.8482	1.5874	2.3246	2.8173	0.8281	0.9296	1.1881	1.0162	0.6413
K	0.0511	1.7251	0.8812	0.3998	1.7351	2.6878	0.76	1.5537	1.5501
L	2.6807	0.856	0.9193	2.5784	0.5059	0.393	1.1119	1.0855	0.7683
M	1.5984	0.5286	1.1058	2.3349	0.5588	0.4638	0.7828	0.5538	1.446
N	0.0572	1.0179	0.8488	1.6322	1.3423	1.1443	3.1404	0.9038	0.3774
P	0.0827	0.0529	1.0026	0.0935	1.4218	0.9719	0.5697	1.2759	0.0907
Q	0.0401	1.1967	0.8584	1.105	1.2071	1.1502	1.9102	1.0813	0.5843
R	0.0421	1.746	0.7923	0.2179	1.053	3.6322	0.4177	1.4304	5.4685
S	0.0434	0.7128	0.7845	0.5256	1.0073	0.4465	0.7742	0.746	0.4365
T	0.1511	1.1169	0.8781	0.5327	1.2443	1.1168	0.8591	0.863	0.385
V	3.5484	1.9381	1.4068	1.7249	0.7274	1.0508	1.0942	0.997	0.8366
W	0.3015	0.5113	0.5362	0.5657	0.4712	0.238	0.4021	0.3334	0.2969
Y	0.2197	1.1473	1.7551	0.9157	0.7058	0.3303	0.7948	1.0766	3.9359

pepL	alpha	w_s
12	99.5307	0.083	0.1488	0	0.3949	0.3734
13	98.9575	0.0263	0.0764	0.2382	0.4675	0.1916
14	98.3294	0.0043	0.0259	0.161	0	0.4702	0.2977	0.0409
15	98.0139	0.0017	0.0096	0.0839	0.376	0.4093	0.0998	0.0197
16	98.2233	8e-04	0.0022	0.03	0.2337	0	0.5219	0.1563	0.0471	0.0079
17	98.735	8e-04	0.0019	0.0146	0.1152	0.4293	0.2806	0.114	0.0363	0.0072
18	99.2174	5e-04	0.0013	0.0066	0.0433	0.2908	0	0.3312	0.218	0.0767	0.0267	0.005
19	99.5133	0.001	0.0012	0.0074	0.029	0.145	0.2323	0.2918	0.1844	0.0762	0.0263	0.0055
20	99.691	0.001	0.0012	0.0048	0.0176	0.0704	0.1449	0	0.2809	0.2454	0.1596	0.0505	0.0192	0.0045
21	99.7886	0.0013	0.002	0.0054	0.0189	0.0569	0.1038	0.1383	0.2554	0.2215	0.1327	0.043	0.0166	0.0041
