Allele	DRB1_14_03
Type	Standard
n_specificities	1
npep_u	1
npep_t	5000
spec_ids	1
L_core	9
L_N	0
L_C	0
CS_perL	1
pepL_lower	12
pepL_upper	21
n_diff_aa	20

PWM_norm.1	P1	P2	P3	P4	P5	P6	P7	P8	P9
A	0.0896	0.971	1.7168	1.8525	0.9834	0.6896	1.0659	1.1786	0.7134
C	0.0511	0.118	0.1791	0.406	0.1281	0.1096	0.147	0.1131	0.2426
D	0.0347	0.5546	0.7398	0.458	0.9807	0.2068	0.4805	0.5371	0.2249
E	0.0549	1.1045	0.7615	0.6261	0.8535	0.4088	1.2645	0.9166	0.522
F	8.5177	0.8507	0.8042	0.6828	0.6187	0.4638	0.4726	0.6046	1.4845
G	0.0609	0.3361	0.6589	0.3829	0.7999	0.4956	1.0805	0.9621	0.5368
H	0.1257	1.4432	0.7759	0.4415	1.3523	2.7583	0.8356	1.5437	0.4379
I	2.7942	1.5947	2.1127	2.0217	0.831	0.8727	1.2384	1.0119	0.6494
K	0.0562	1.7443	0.9788	1.1037	2.3455	3.1121	0.9177	1.5625	1.5682
L	1.3764	0.8388	0.8944	1.724	0.5296	0.3738	1.2204	1.0918	0.7971
M	0.9048	0.5271	1.0149	1.5086	0.6011	0.4595	0.7708	0.5453	1.4584
N	0.0706	1.0223	0.693	1.4904	1.5685	0.9918	2.8713	0.8962	0.3934
P	0.0383	0.0548	1.1452	0.1308	0.9265	0.9033	0.7851	1.2711	0.0821
Q	0.0511	1.2417	0.9177	0.5458	1.1882	0.9611	1.6358	1.0865	0.5618
R	0.0397	1.734	0.8092	0.5844	1.2604	3.9195	0.4636	1.4361	5.3358
S	0.0409	0.7046	0.8295	0.6962	0.9579	0.4048	0.6991	0.7431	0.448
T	0.0763	1.109	0.908	0.8655	1.2223	1.0853	0.7852	0.862	0.3902
V	0.9921	1.94	1.4393	2.2776	0.9409	0.984	1.1134	0.984	0.8746
W	4.4804	0.5062	0.2762	0.3075	0.4228	0.3093	0.4541	0.333	0.227
Y	10.1766	1.153	1.5455	0.5098	0.8591	0.3728	0.9344	1.0692	4.0891

pepL	alpha	w_s
12	99.5307	0.083	0.1488	0	0.3949	0.3733
13	98.9574	0.0263	0.0764	0.2382	0.4675	0.1916
14	98.3293	0.0043	0.0259	0.161	0	0.4702	0.2976	0.0409
15	98.0138	0.0017	0.0096	0.0839	0.3761	0.4093	0.0998	0.0197
16	98.2233	8e-04	0.0022	0.03	0.2337	0	0.522	0.1562	0.0472	0.0079
17	98.7349	8e-04	0.0019	0.0146	0.1152	0.4294	0.2806	0.114	0.0362	0.0072
18	99.2174	5e-04	0.0013	0.0066	0.0433	0.2908	0	0.3312	0.218	0.0767	0.0267	0.005
19	99.5134	0.001	0.0012	0.0074	0.029	0.145	0.2323	0.2917	0.1843	0.0762	0.0263	0.0055
20	99.6911	0.001	0.0012	0.0048	0.0176	0.0704	0.1449	0	0.2809	0.2453	0.1596	0.0505	0.0192	0.0045
21	99.7886	0.0013	0.002	0.0054	0.0189	0.0569	0.1038	0.1384	0.2552	0.2215	0.1327	0.043	0.0166	0.0041
