Allele	DRB1_15_01
Type	Standard
n_specificities	1
npep_u	1
npep_t	25433
spec_ids	1
L_core	9
L_N	0
L_C	0
CS_perL	1
pepL_lower	12
pepL_upper	21
n_diff_aa	20

PWM_norm.1	P1	P2	P3	P4	P5	P6	P7	P8	P9
A	0.0655	0.8516	1.193	0.065	0.8482	1.114	0.6148	0.5989	2.306
C	0.0131	0.1017	0.3195	0.0631	0.0905	0.1054	0.1102	0.026	0.628
D	0.0214	0.4612	0.2151	0.0768	0.9075	2.7151	0.3835	0.6623	0.1056
E	0.0076	0.6913	0.5484	0.031	0.5746	0.1151	0.8628	0.6975	0.3676
F	1.7865	0.9239	1.029	6.8088	0.5481	0.057	3.7437	0.8955	0.2246
G	0.0424	0.3238	0.4595	0.0783	0.3759	2.2206	0.5179	1.2518	0.6572
H	0.0469	2.1927	0.7766	0.3776	2.0867	0.1063	2.7829	1.3254	0.1584
I	10.4288	1.3028	2.6877	1.1147	0.8037	0.0203	1.1674	1.0783	2.3784
K	0.0068	1.9179	0.5848	0.0411	2.2747	0.0385	1.1551	1.7245	0.0225
L	2.5578	1.1613	1.0295	0.4141	0.5013	0.0221	0.4763	1.2315	2.6182
M	1.1163	0.2629	0.7566	0.6013	0.4305	0.0795	1.0849	0.6934	0.7679
N	0.0099	1.2435	1.1372	0.0511	1.8887	6.6646	1.6286	1.2228	0.3428
P	0.0223	0.0299	1.3325	0.0928	2.13	0.1721	1.0481	1.8573	0.1053
Q	0.0081	1.4979	1.0049	0.0852	1.2898	0.1042	1.1323	0.9363	0.2834
R	0.005	1.3733	0.9559	0.097	1.3299	0.1774	1.0943	1.1527	0.2025
S	0.0039	0.8569	0.8083	0.0502	0.7707	3.8664	0.8356	0.6277	0.6689
T	0.0802	1.0622	0.8907	0.0566	0.8742	0.5331	0.3708	1.0376	1.3057
V	3.1244	1.6574	1.6261	0.5976	0.8541	0.0573	0.391	0.738	3.1065
W	0.0525	0.3765	1.5568	5.3593	0.7286	0.016	1.6926	0.0521	0.0328
Y	0.039	1.4806	1.72	19.1767	0.7281	0.0421	2.7589	0.755	0.0974

pepL	alpha	w_s
12	99.5307	0.083	0.1488	0	0.3949	0.3734
13	98.9575	0.0263	0.0764	0.2382	0.4675	0.1916
14	98.3294	0.0043	0.0259	0.161	0	0.4702	0.2977	0.0409
15	98.0139	0.0017	0.0096	0.0839	0.376	0.4093	0.0998	0.0197
16	98.2233	8e-04	0.0022	0.03	0.2337	0	0.5219	0.1563	0.0471	0.0079
17	98.735	8e-04	0.0019	0.0146	0.1152	0.4293	0.2806	0.114	0.0363	0.0072
18	99.2174	5e-04	0.0013	0.0066	0.0433	0.2908	0	0.3312	0.218	0.0767	0.0267	0.005
19	99.5133	0.001	0.0012	0.0074	0.029	0.145	0.2323	0.2918	0.1844	0.0762	0.0263	0.0055
20	99.691	0.001	0.0012	0.0048	0.0176	0.0704	0.1449	0	0.2809	0.2454	0.1596	0.0505	0.0192	0.0045
21	99.7886	0.0013	0.002	0.0054	0.0189	0.0569	0.1038	0.1383	0.2554	0.2215	0.1327	0.043	0.0166	0.0041
