Allele	DRB1_11_13
Type	Standard
n_specificities	1
npep_u	1
npep_t	5000
spec_ids	1
L_core	9
L_N	0
L_C	0
CS_perL	1
pepL_lower	12
pepL_upper	21
n_diff_aa	20

PWM_norm.1	P1	P2	P3	P4	P5	P6	P7	P8	P9
A	0.1598	0.9786	1.5907	1.2036	0.9422	0.2454	1.1605	1.1812	1.092
C	0.0686	0.1182	0.2804	0.564	0.1516	0.0246	0.1583	0.116	0.542
D	0.0465	0.5555	0.5111	0.3347	1.7113	0.1273	0.6805	0.5499	0.1885
E	0.0361	1.1065	0.795	0.7715	1.3372	0.2537	1.3926	0.9164	0.2375
F	1.2075	0.8442	1.0454	1.1079	0.5218	0.0402	0.6667	0.6052	1.4774
G	0.0913	0.3341	0.7087	0.1329	0.7465	0.128	1.073	0.9468	0.4496
H	0.0557	1.4506	0.8247	0.3624	1.0652	1.5124	0.7638	1.5282	0.3514
I	8.8482	1.5874	2.3246	3.4342	0.926	0.1074	1.2409	1.0162	1.9125
K	0.0511	1.7251	0.8812	0.2385	1.7462	6.5854	0.763	1.5537	0.212
L	2.6807	0.856	0.9193	2.157	0.377	0.045	1.6281	1.0855	2.2623
M	1.5984	0.5286	1.1058	2.145	0.5126	0.0683	1.3112	0.5538	1.4762
N	0.0572	1.0179	0.8488	1.226	1.2218	0.2975	1.6612	0.9038	0.6783
P	0.0827	0.0529	1.0026	0.0538	1.1685	0.2135	0.3824	1.2759	0.1227
Q	0.0401	1.1967	0.8584	0.6931	1.0813	0.3015	1.0783	1.0813	0.55
R	0.0421	1.746	0.7923	0.1101	1.166	7.4072	0.4835	1.4304	0.375
S	0.0434	0.7128	0.7845	0.8179	1.0143	0.1954	0.8311	0.746	0.6773
T	0.1511	1.1169	0.8781	0.7513	1.3273	0.5253	0.7876	0.863	0.8719
V	3.5484	1.9381	1.4068	2.3194	0.79	0.2434	1.1618	0.997	3.0834
W	0.3015	0.5113	0.5362	0.4031	0.419	0.0432	0.2982	0.3334	0.2168
Y	0.2197	1.1473	1.7551	0.4579	0.868	0.0597	1.2824	1.0766	2.7968

pepL	alpha	w_s
12	99.5307	0.083	0.1488	0	0.3949	0.3734
13	98.9575	0.0263	0.0764	0.2382	0.4675	0.1916
14	98.3294	0.0043	0.0259	0.161	0	0.4702	0.2977	0.0409
15	98.0139	0.0017	0.0096	0.0839	0.376	0.4093	0.0998	0.0197
16	98.2233	8e-04	0.0022	0.03	0.2337	0	0.5219	0.1563	0.0471	0.0079
17	98.735	8e-04	0.0019	0.0146	0.1152	0.4293	0.2806	0.114	0.0363	0.0072
18	99.2174	5e-04	0.0013	0.0066	0.0433	0.2908	0	0.3312	0.218	0.0767	0.0267	0.005
19	99.5133	0.001	0.0012	0.0074	0.029	0.145	0.2323	0.2918	0.1844	0.0762	0.0263	0.0055
20	99.691	0.001	0.0012	0.0048	0.0176	0.0704	0.1449	0	0.2809	0.2454	0.1596	0.0505	0.0192	0.0045
21	99.7886	0.0013	0.002	0.0054	0.0189	0.0569	0.1038	0.1383	0.2554	0.2215	0.1327	0.043	0.0166	0.0041
