Allele	DRB1_15_07
Type	Standard
n_specificities	1
npep_u	1
npep_t	5000
spec_ids	1
L_core	9
L_N	0
L_C	0
CS_perL	1
pepL_lower	12
pepL_upper	21
n_diff_aa	20

PWM_norm.1	P1	P2	P3	P4	P5	P6	P7	P8	P9
A	0.1598	0.9786	1.4937	0.3587	1.0955	1.6701	0.7053	1.1812	2.6933
C	0.0686	0.1182	0.2837	0.0893	0.1981	0.1295	0.1819	0.116	0.629
D	0.0465	0.5555	0.3086	0.1962	0.9947	1.9938	1.0838	0.5499	0.1625
E	0.0361	1.1065	0.6046	0.2129	0.8289	0.5843	0.8574	0.9164	0.2623
F	1.2075	0.8442	1.0001	6.0142	0.4579	0.1517	2.6141	0.6052	0.4173
G	0.0913	0.3341	0.6714	0.1377	0.6103	2.1725	0.3849	0.9468	0.9175
H	0.0557	1.4506	0.9263	1.2113	1.6413	0.2363	1.9269	1.5282	0.2811
I	8.8482	1.5874	1.992	1.4231	0.7183	0.1624	1.0236	1.0162	2.0986
K	0.0511	1.7251	0.9113	0.2671	1.8672	0.1675	1.0231	1.5537	0.1875
L	2.6807	0.856	0.9441	0.7641	0.4604	0.0593	0.6359	1.0855	2.1207
M	1.5984	0.5286	1.0684	1.3588	0.4295	0.0857	0.7576	0.5538	0.6646
N	0.0572	1.0179	0.8236	0.3073	1.4109	4.9875	1.7735	0.9038	0.4451
P	0.0827	0.0529	0.9493	0.0829	1.9336	0.229	1.3672	1.2759	0.1657
Q	0.0401	1.1967	1.1118	0.5138	1.1325	0.3163	1.3351	1.0813	0.3847
R	0.0421	1.746	1.248	0.4305	1.2395	0.2594	1.0226	1.4304	0.4123
S	0.0434	0.7128	0.8692	0.1588	0.8024	3.4136	0.7089	0.746	0.7107
T	0.1511	1.1169	0.9005	0.2802	1.1755	0.6308	0.7632	0.863	0.9885
V	3.5484	1.9381	1.3831	0.9366	0.9449	0.1962	0.6886	0.997	2.9496
W	0.3015	0.5113	0.8635	4.324	0.6494	0.0951	1.3735	0.3334	0.0685
Y	0.2197	1.1473	1.6828	11.8433	1.0102	0.2861	1.9618	1.0766	0.2269

pepL	alpha	w_s
12	99.5307	0.083	0.1488	0	0.3949	0.3734
13	98.9575	0.0263	0.0764	0.2382	0.4675	0.1916
14	98.3294	0.0043	0.0259	0.161	0	0.4702	0.2977	0.0409
15	98.0139	0.0017	0.0096	0.0839	0.376	0.4093	0.0998	0.0197
16	98.2233	8e-04	0.0022	0.03	0.2337	0	0.5219	0.1563	0.0471	0.0079
17	98.735	8e-04	0.0019	0.0146	0.1152	0.4293	0.2806	0.114	0.0363	0.0072
18	99.2174	5e-04	0.0013	0.0066	0.0433	0.2908	0	0.3312	0.218	0.0767	0.0267	0.005
19	99.5133	0.001	0.0012	0.0074	0.029	0.145	0.2323	0.2918	0.1844	0.0762	0.0263	0.0055
20	99.691	0.001	0.0012	0.0048	0.0176	0.0704	0.1449	0	0.2809	0.2454	0.1596	0.0505	0.0192	0.0045
21	99.7886	0.0013	0.002	0.0054	0.0189	0.0569	0.1038	0.1383	0.2554	0.2215	0.1327	0.043	0.0166	0.0041
