Allele	DRB1_13_12
Type	Standard
n_specificities	1
npep_u	1
npep_t	5000
spec_ids	1
L_core	9
L_N	0
L_C	0
CS_perL	1
pepL_lower	12
pepL_upper	21
n_diff_aa	20

PWM_norm.1	P1	P2	P3	P4	P5	P6	P7	P8	P9
A	0.0934	0.9786	1.5907	1.174	0.9815	0.2454	0.9896	0.988	0.4739
C	0.049	0.1182	0.2804	0.3976	0.1581	0.0246	0.11	0.0887	0.0817
D	0.0361	0.5555	0.5111	0.3041	0.8971	0.1273	0.3436	0.6084	7.7542
E	0.0576	1.1065	0.795	0.8561	0.777	0.2537	1.3236	1.0961	4.4551
F	8.2964	0.8442	1.0454	0.9153	0.593	0.0402	0.8213	0.5982	0.1699
G	0.0619	0.3341	0.7087	0.1276	0.9137	0.128	0.7082	0.7079	0.7673
H	0.1244	1.4506	0.8247	0.323	1.2427	1.5124	1.3375	1.0988	0.6679
I	2.7704	1.5874	2.3246	3.3689	0.8748	0.1074	1.1944	1.2147	0.2194
K	0.0618	1.7251	0.8812	0.4537	2.2845	6.5854	1.0053	1.572	0.1589
L	1.3527	0.856	0.9193	2.5375	0.4254	0.045	1.749	1.3329	0.2221
M	0.9209	0.5286	1.1058	3.1495	0.7216	0.0683	0.9661	0.8079	0.2287
N	0.0713	1.0179	0.8488	0.6921	1.4239	0.2975	2.3031	0.8244	0.6707
P	0.0388	0.0529	1.0026	0.0487	0.9871	0.2135	0.7985	1.2362	0.1479
Q	0.0536	1.1967	0.8584	0.6229	1.1211	0.3015	1.1562	1.2449	0.7672
R	0.0379	1.746	0.7923	0.1709	1.3326	7.4072	0.5479	1.1846	0.1142
S	0.0414	0.7128	0.7845	0.5226	0.9963	0.1954	0.548	0.6369	0.4236
T	0.0773	1.1169	0.8781	0.7109	1.2733	0.5253	0.494	0.8109	0.2849
V	0.9818	1.9381	1.4068	2.1147	0.9457	0.2434	1.1508	1.1319	0.3079
W	4.5203	0.5113	0.5362	0.3778	0.7429	0.0432	0.5775	0.3553	0.0679
Y	10.5593	1.1473	1.7551	0.4349	1.0465	0.0597	1.3416	1.0973	0.1443

pepL	alpha	w_s
12	99.5307	0.083	0.1488	0	0.3949	0.3734
13	98.9575	0.0263	0.0764	0.2382	0.4675	0.1916
14	98.3294	0.0043	0.0259	0.161	0	0.4702	0.2977	0.0409
15	98.0139	0.0017	0.0096	0.0839	0.376	0.4093	0.0998	0.0197
16	98.2233	8e-04	0.0022	0.03	0.2337	0	0.5219	0.1563	0.0471	0.0079
17	98.735	8e-04	0.0019	0.0146	0.1152	0.4293	0.2806	0.114	0.0363	0.0072
18	99.2174	5e-04	0.0013	0.0066	0.0433	0.2908	0	0.3312	0.218	0.0767	0.0267	0.005
19	99.5133	0.001	0.0012	0.0074	0.029	0.145	0.2323	0.2918	0.1844	0.0762	0.0263	0.0055
20	99.691	0.001	0.0012	0.0048	0.0176	0.0704	0.1449	0	0.2809	0.2454	0.1596	0.0505	0.0192	0.0045
21	99.7886	0.0013	0.002	0.0054	0.0189	0.0569	0.1038	0.1383	0.2554	0.2215	0.1327	0.043	0.0166	0.0041
