Allele	DRB1_10_01
Type	Standard
n_specificities	1
npep_u	1
npep_t	14612
spec_ids	1
L_core	9
L_N	0
L_C	0
CS_perL	1
pepL_lower	12
pepL_upper	21
n_diff_aa	20

PWM_norm.1	P1	P2	P3	P4	P5	P6	P7	P8	P9
A	0.0275	0.992	2.1939	1.4417	0.8967	3.1806	2.2016	0.8549	1.1315
C	0.0106	0.0577	0.2957	0.072	0.1174	0.0909	0.1019	0.045	0.2233
D	0.0077	0.8362	0.3018	0.0797	1.2614	0.4082	0.7198	0.5502	1.087
E	0.0239	1.7244	0.6176	1.2426	0.9511	0.2653	2.0872	1.1903	0.1809
F	8.6511	0.5699	1.3191	0.271	0.3571	0.0544	1.6067	0.6333	0.0105
G	0.0166	0.4578	0.5252	0.0391	0.7981	0.9599	0.5525	1.0532	0.6026
H	0.0149	1.5684	1.2707	0.0231	0.8764	0.0466	0.8297	1.2922	0.1165
I	2.8095	1.042	1.9114	2.6226	1.2303	0.6864	0.8568	0.9675	0.2536
K	0.0059	1.4655	1.2711	0.0102	1.4458	0.0119	0.2825	1.6057	0.4814
L	1.421	0.5751	0.7544	4.6182	0.5661	0.1957	0.5919	1.1806	0.5461
M	0.6929	0.6359	0.7723	0.9443	0.9597	0.1193	0.2466	0.6547	0.1618
N	0.0217	0.9031	0.58	0.2249	0.9674	0.4306	0.9681	1.0228	9.8916
P	0.0093	0.0122	0.827	0.0104	0.7078	4.0522	1.0937	1.1526	0.2961
Q	0.013	1.3598	0.8833	1.4921	1.1574	0.1251	1.0544	1.2266	0.6864
R	0.0103	1.7012	1.0677	0.0302	1.1919	0.007	0.3075	1.4693	0.3936
S	0.0117	0.7456	1.2455	0.4298	0.8717	0.8692	0.9682	0.6631	2.0205
T	0.0088	1.2176	0.6312	0.3741	2.2783	2.1148	1.035	0.7634	0.4813
V	0.8072	1.894	1.0791	1.024	1.5717	2.5494	1.1314	0.8848	1.3553
W	4.5377	0.9701	0.4863	0.1797	0.0788	0.0109	1.1653	0.202	0.2728
Y	11.5499	0.9588	1.3541	0.0266	0.3709	0.0397	1.3931	1.275	0.0556

pepL	alpha	w_s
12	99.5307	0.083	0.1488	0	0.3949	0.3734
13	98.9575	0.0263	0.0764	0.2382	0.4675	0.1916
14	98.3294	0.0043	0.0259	0.161	0	0.4702	0.2977	0.0409
15	98.0139	0.0017	0.0096	0.0839	0.376	0.4093	0.0998	0.0197
16	98.2233	8e-04	0.0022	0.03	0.2337	0	0.5219	0.1563	0.0471	0.0079
17	98.735	8e-04	0.0019	0.0146	0.1152	0.4293	0.2806	0.114	0.0363	0.0072
18	99.2174	5e-04	0.0013	0.0066	0.0433	0.2908	0	0.3312	0.218	0.0767	0.0267	0.005
19	99.5133	0.001	0.0012	0.0074	0.029	0.145	0.2323	0.2918	0.1844	0.0762	0.0263	0.0055
20	99.691	0.001	0.0012	0.0048	0.0176	0.0704	0.1449	0	0.2809	0.2454	0.1596	0.0505	0.0192	0.0045
21	99.7886	0.0013	0.002	0.0054	0.0189	0.0569	0.1038	0.1383	0.2554	0.2215	0.1327	0.043	0.0166	0.0041
