Allele	DRB1_01_13
Type	Standard
n_specificities	1
npep_u	1
npep_t	5000
spec_ids	1
L_core	9
L_N	0
L_C	0
CS_perL	1
pepL_lower	12
pepL_upper	21
n_diff_aa	20

PWM_norm.1	P1	P2	P3	P4	P5	P6	P7	P8	P9
A	0.0896	0.971	1.8669	1.7951	1.1206	4.4808	1.4796	1.1786	2.5072
C	0.0511	0.118	0.7614	0.3523	0.2261	0.1416	0.272	0.1131	0.6305
D	0.0347	0.5546	0.375	0.2702	0.9069	0.2188	0.5099	0.5371	0.1197
E	0.0549	1.1045	0.699	1.6021	1.1084	0.2275	1.1841	0.9166	0.1963
F	8.5177	0.8507	0.9535	0.7824	0.4913	0.0625	0.8442	0.6046	0.3138
G	0.0609	0.3361	0.6697	0.5246	0.7311	3.1321	0.6278	0.9621	0.7294
H	0.1257	1.4432	1.2847	0.2661	1.4859	0.0863	1.3042	1.5437	0.1721
I	2.7942	1.5947	1.676	1.7503	0.8445	0.1563	1.234	1.0119	2.4786
K	0.0562	1.7443	1.0352	0.2292	1.7316	0.0487	0.7358	1.5625	0.2089
L	1.3764	0.8388	0.8707	2.3718	0.4362	0.0433	0.7398	1.0918	2.5173
M	0.9048	0.5271	1.1244	3.4677	0.7444	0.0555	0.7105	0.5453	0.6632
N	0.0706	1.0223	0.6753	0.65	1.1747	0.8868	2.1984	0.8962	0.3595
P	0.0383	0.0548	0.9083	0.0677	1.2483	1.8312	0.9666	1.2711	0.1253
Q	0.0511	1.2417	1.0692	1.4375	1.2811	0.131	1.6516	1.0865	0.282
R	0.0397	1.734	1.0926	0.2034	1.2455	0.0364	0.6975	1.4361	0.4009
S	0.0409	0.7046	1.069	0.5903	1.0111	2.1935	0.7385	0.7431	0.5135
T	0.0763	1.109	0.6922	0.5592	1.3988	0.9321	0.99	0.862	0.8536
V	0.9921	1.94	1.058	1.1667	0.9625	0.7206	1.3856	0.984	3.2673
W	4.4804	0.5062	0.6156	0.474	0.3411	0.0206	0.9833	0.333	0.0689
Y	10.1766	1.153	1.4807	0.3014	0.6988	0.0466	0.8554	1.0692	0.1407

pepL	alpha	w_s
12	99.5307	0.083	0.1488	0	0.3949	0.3733
13	98.9574	0.0263	0.0764	0.2382	0.4675	0.1916
14	98.3293	0.0043	0.0259	0.161	0	0.4702	0.2976	0.0409
15	98.0138	0.0017	0.0096	0.0839	0.3761	0.4093	0.0998	0.0197
16	98.2233	8e-04	0.0022	0.03	0.2337	0	0.522	0.1562	0.0472	0.0079
17	98.7349	8e-04	0.0019	0.0146	0.1152	0.4294	0.2806	0.114	0.0362	0.0072
18	99.2174	5e-04	0.0013	0.0066	0.0433	0.2908	0	0.3312	0.218	0.0767	0.0267	0.005
19	99.5134	0.001	0.0012	0.0074	0.029	0.145	0.2323	0.2917	0.1843	0.0762	0.0263	0.0055
20	99.6911	0.001	0.0012	0.0048	0.0176	0.0704	0.1449	0	0.2809	0.2453	0.1596	0.0505	0.0192	0.0045
21	99.7886	0.0013	0.002	0.0054	0.0189	0.0569	0.1038	0.1384	0.2552	0.2215	0.1327	0.043	0.0166	0.0041
