Allele	DRB3_02_71
Type	Standard
n_specificities	1
npep_u	1
npep_t	5000
spec_ids	1
L_core	9
L_N	0
L_C	0
CS_perL	1
pepL_lower	12
pepL_upper	21
n_diff_aa	20

PWM_norm.1	P1	P2	P3	P4	P5	P6	P7	P8	P9
A	0.0934	1.146	1.3297	0.3437	0.7293	3.9275	0.8441	1.1812	1.5926
C	0.049	0.1458	0.5222	0.0473	0.1298	0.3441	0.1252	0.116	0.8722
D	0.0361	0.6561	0.3149	2.1515	0.8606	0.3555	0.3757	0.5499	1.1161
E	0.0576	0.7992	0.6019	0.2138	0.9382	0.5225	0.9243	0.9164	0.295
F	8.2964	1.1274	1.036	0.1076	0.529	0.206	0.4701	0.6052	0.1846
G	0.0619	0.3749	0.5931	0.2783	1.0801	1.6498	0.2944	0.9468	1.1124
H	0.1244	1.3717	0.6508	0.1396	1.6267	0.2066	0.7915	1.5282	0.3832
I	2.7704	2.1162	2.2789	0.1037	0.7818	0.7682	1.4221	1.0162	0.9285
K	0.0618	1.2656	0.876	0.0776	1.7431	0.0996	0.3415	1.5537	0.4414
L	1.3527	0.9018	1.0301	0.0544	0.5992	0.2593	0.4772	1.0855	0.878
M	0.9209	0.524	1.2853	0.0821	0.4477	0.2596	0.3284	0.5538	0.4786
N	0.0713	1.1076	0.978	19.3069	1.0527	3.1772	1.6601	0.9038	4.4308
P	0.0388	0.0486	1.151	0.0339	1.6728	1.4652	4.2932	1.2759	0.3139
Q	0.0536	0.9215	0.8041	0.4048	1.1743	0.6442	0.9029	1.0813	0.6084
R	0.0379	1.7171	0.8638	0.0674	1.1692	0.082	0.279	1.4304	0.2345
S	0.0414	0.5871	0.8892	0.6809	0.8619	1.4518	0.6856	0.746	1.5401
T	0.0773	1.2728	0.8147	0.4003	1.0939	0.8824	1.4038	0.863	0.9853
V	0.9818	1.9573	1.6299	0.1981	1.415	0.9716	1.9901	0.997	2.1587
W	4.5203	0.5405	0.7509	0.0855	0.3878	0.0541	0.3495	0.3334	0.1328
Y	10.5593	1.3772	1.7227	0.0513	0.5797	0.1286	0.5266	1.0766	0.2867

pepL	alpha	w_s
12	99.5307	0.083	0.1488	0	0.3949	0.3734
13	98.9575	0.0263	0.0764	0.2382	0.4675	0.1916
14	98.3294	0.0043	0.0259	0.161	0	0.4702	0.2977	0.0409
15	98.0139	0.0017	0.0096	0.0839	0.376	0.4093	0.0998	0.0197
16	98.2233	8e-04	0.0022	0.03	0.2337	0	0.5219	0.1563	0.0471	0.0079
17	98.735	8e-04	0.0019	0.0146	0.1152	0.4293	0.2806	0.114	0.0363	0.0072
18	99.2174	5e-04	0.0013	0.0066	0.0433	0.2908	0	0.3312	0.218	0.0767	0.0267	0.005
19	99.5133	0.001	0.0012	0.0074	0.029	0.145	0.2323	0.2918	0.1844	0.0762	0.0263	0.0055
20	99.691	0.001	0.0012	0.0048	0.0176	0.0704	0.1449	0	0.2809	0.2454	0.1596	0.0505	0.0192	0.0045
21	99.7886	0.0013	0.002	0.0054	0.0189	0.0569	0.1038	0.1383	0.2554	0.2215	0.1327	0.043	0.0166	0.0041
