Allele	DRB3_01_01
Type	Standard
n_specificities	1
npep_u	1
npep_t	14954
spec_ids	1
L_core	9
L_N	0
L_C	0
CS_perL	1
pepL_lower	12
pepL_upper	21
n_diff_aa	20

PWM_norm.1	P1	P2	P3	P4	P5	P6	P7	P8	P9
A	0.0231	0.9298	1.0296	0.0378	0.5887	1.9826	0.793	0.882	0.3424
C	0.0071	0.1056	0.222	0.0414	0.129	0.0789	0.1021	0.1418	0.0604
D	0.0269	0.7065	0.3529	18.9446	1.4016	0.4141	0.7849	0.5252	0.3061
E	0.0216	0.4411	0.3216	0.2281	1.3458	0.3856	0.6201	0.6537	0.6231
F	9.0443	0.7544	1.4991	0.1067	0.4575	0.2917	1.0165	0.9393	4.9802
G	0.0988	0.2511	0.4263	0.0593	0.9148	1.7972	2.4943	0.993	0.1659
H	0.1534	1.6604	0.5961	0.0353	0.8777	0.7001	1.6738	0.7389	0.0884
I	3.2886	2.817	3.3957	0.0606	0.4296	0.9354	1.2147	0.7939	4.5537
K	0.0333	1.0539	0.9687	0.0712	0.9669	0.571	0.8507	1.7932	0.0751
L	0.9658	0.9842	1.0466	0.0486	0.2377	0.0808	0.6908	0.8005	1.0774
M	0.6283	0.2226	1.2062	0.1388	0.3984	0.0524	0.3133	0.434	2.84
N	0.0251	1.0338	0.9404	0.131	1.6133	3.2208	2.0997	1.2207	0.0523
P	0.007	0.0084	1.4623	0.0194	3.5209	0.9043	0.475	1.3031	0.0812
Q	0.0086	1.1045	0.6734	0.0675	1.0171	0.9294	0.8893	0.7979	0.3789
R	0.0183	2.418	0.5744	0.0142	0.9417	0.105	0.8894	1.7774	0.1903
S	0.0123	0.499	0.6656	0.1357	1.143	2.0886	0.7177	1.2118	0.5153
T	0.0596	1.1023	0.8716	0.253	1.195	2.5052	1.2309	1.1756	0.4042
V	0.6615	2.14	2.1842	0.019	0.4303	0.7555	1.1097	0.8357	2.3341
W	4.734	0.6546	0.3064	0.2436	0.2233	0.0439	0.41	0.5347	0.4953
Y	11.6972	1.1659	0.9504	0.1178	0.5445	0.1258	1.688	1.2385	4.1016

pepL	alpha	w_s
12	99.5307	0.083	0.1488	0	0.3949	0.3734
13	98.9575	0.0263	0.0764	0.2382	0.4675	0.1916
14	98.3294	0.0043	0.0259	0.161	0	0.4702	0.2977	0.0409
15	98.0139	0.0017	0.0096	0.0839	0.376	0.4093	0.0998	0.0197
16	98.2233	8e-04	0.0022	0.03	0.2337	0	0.5219	0.1563	0.0471	0.0079
17	98.735	8e-04	0.0019	0.0146	0.1152	0.4293	0.2806	0.114	0.0363	0.0072
18	99.2174	5e-04	0.0013	0.0066	0.0433	0.2908	0	0.3312	0.218	0.0767	0.0267	0.005
19	99.5133	0.001	0.0012	0.0074	0.029	0.145	0.2323	0.2918	0.1844	0.0762	0.0263	0.0055
20	99.691	0.001	0.0012	0.0048	0.0176	0.0704	0.1449	0	0.2809	0.2454	0.1596	0.0505	0.0192	0.0045
21	99.7886	0.0013	0.002	0.0054	0.0189	0.0569	0.1038	0.1383	0.2554	0.2215	0.1327	0.043	0.0166	0.0041
