Allele	DRB3_03_01
Type	Standard
n_specificities	1
npep_u	1
npep_t	4634
spec_ids	1
L_core	9
L_N	0
L_C	0
CS_perL	1
pepL_lower	12
pepL_upper	21
n_diff_aa	20

PWM_norm.1	P1	P2	P3	P4	P5	P6	P7	P8	P9
A	0.2453	1.5275	1.4144	0.3043	0.7266	2.7049	1.2243	1.0513	0.893
C	0.0314	0.0649	0.0751	0.0288	0.178	0.0273	0.1034	0.0627	0.0312
D	0.0154	0.6787	0.2949	3.4126	0.8526	0.1455	0.4093	0.4884	0.1101
E	0.018	0.7521	0.7328	0.206	1.1093	0.3321	0.781	0.8289	0.1137
F	1.5339	0.7379	0.6612	0.1159	0.6015	0.3675	0.3382	0.9708	0.8892
G	0.0605	0.6219	0.7061	0.4068	0.6745	2.4089	1.2523	0.8325	0.1352
H	0.0244	1.6707	0.4333	0.1563	1.7377	0.2695	0.6631	0.9643	0.297
I	8.2737	2.4096	1.8329	0.0692	0.8345	0.8634	1.1349	1.1349	6.3745
K	0.0189	1.1614	0.7104	0.0588	1.5949	0.0741	0.5839	1.5077	0.1051
L	2.4157	0.6708	1.0172	0.0535	0.3907	0.1768	0.8054	0.8506	1.5554
M	1.8627	0.4977	1.2095	0.0612	0.4139	0.0785	0.5043	0.6548	0.8863
N	0.0303	1.4612	1.1333	16.9806	1.2502	2.5413	3.8387	0.9102	0.2905
P	0.1469	0.0606	1.5567	0.0675	1.9982	3.2374	0.7253	1.7908	0.1015
Q	0.0311	0.8678	0.6359	0.4228	1.4778	0.4121	1.2529	1.2204	0.3415
R	0.1124	1.4378	1.0235	0.0301	1.0034	0.0487	0.3944	1.5065	0.048
S	0.0392	0.6939	1.1122	0.8027	1.1182	0.9308	0.7799	0.8354	0.2164
T	0.1874	1.0938	0.9605	0.4887	0.9291	1.233	1.4244	1.1925	0.848
V	3.9967	2.0512	1.6619	0.3022	1.1627	1.2723	2.0906	0.7265	4.5032
W	0.6284	0.195	0.7303	0.0156	0.5733	0.0688	0.7286	0.1078	0.0941
Y	0.0958	0.9333	0.891	0.0248	0.6988	0.067	0.3277	0.9478	1.8414

pepL	alpha	w_s
12	99.5307	0.083	0.1488	0	0.3949	0.3734
13	98.9575	0.0263	0.0764	0.2382	0.4675	0.1916
14	98.3294	0.0043	0.0259	0.161	0	0.4702	0.2977	0.0409
15	98.0139	0.0017	0.0096	0.0839	0.376	0.4093	0.0998	0.0197
16	98.2233	8e-04	0.0022	0.03	0.2337	0	0.5219	0.1563	0.0471	0.0079
17	98.735	8e-04	0.0019	0.0146	0.1152	0.4293	0.2806	0.114	0.0363	0.0072
18	99.2174	5e-04	0.0013	0.0066	0.0433	0.2908	0	0.3312	0.218	0.0767	0.0267	0.005
19	99.5133	0.001	0.0012	0.0074	0.029	0.145	0.2323	0.2918	0.1844	0.0762	0.0263	0.0055
20	99.691	0.001	0.0012	0.0048	0.0176	0.0704	0.1449	0	0.2809	0.2454	0.1596	0.0505	0.0192	0.0045
21	99.7886	0.0013	0.002	0.0054	0.0189	0.0569	0.1038	0.1383	0.2554	0.2215	0.1327	0.043	0.0166	0.0041
