Allele	DRB3_02_02
Type	Standard
n_specificities	1
npep_u	1
npep_t	40078
spec_ids	1
L_core	9
L_N	0
L_C	0
CS_perL	1
pepL_lower	12
pepL_upper	21
n_diff_aa	20

PWM_norm.1	P1	P2	P3	P4	P5	P6	P7	P8	P9
A	0.0539	0.8387	1.2263	0.1744	0.7432	4.2304	0.8662	1.2913	1.6195
C	0.0074	0.0738	1.196	0.0479	0.0337	0.6902	0.1493	0.0887	1.0441
D	0.0095	0.3573	0.0922	0.9884	0.8684	0.407	0.2691	0.4626	1.1917
E	0.0202	0.5731	0.4889	0.039	0.8603	0.3552	0.9777	0.6996	0.3076
F	8.801	1.8313	1.0726	0.0733	0.4472	0.09	0.4129	0.6878	0.0304
G	0.0156	0.2461	0.575	0.0613	1.2182	1.3198	0.2341	1.0443	1.1155
H	0.0148	0.9729	0.5892	0.0414	1.5124	0.171	0.6584	1.1105	0.277
I	3.2022	2.0031	3.114	0.0314	0.715	0.797	1.4084	1.0629	0.717
K	0.041	1.693	1.0151	0.0322	1.768	0.0996	0.2724	1.48	0.5088
L	1.5803	0.8092	1.0953	0.0267	0.635	0.2953	0.4178	1.065	1.0976
M	0.5482	0.5312	1.411	0.082	0.435	0.335	0.2967	0.4491	0.4831
N	0.0169	0.7214	0.7312	23.8352	0.998	3.5605	1.5467	0.6746	4.856
P	0.127	0.004	0.6815	0.0158	1.7596	1.1735	4.5635	1.4351	0.2068
Q	0.0234	0.9076	0.7565	0.2208	1.0769	0.5502	0.899	0.667	0.3934
R	0.0271	2.2163	0.6761	0.036	1.1922	0.0118	0.2111	1.6545	0.2214
S	0.0046	0.7208	0.6956	0.3907	0.8385	1.6755	0.7134	0.5835	1.1701
T	0.0215	1.0544	0.635	0.1912	1.1553	0.7101	1.4799	1.1292	0.9261
V	0.7761	2.1296	1.8309	0.0454	1.4735	1.0626	2.0926	1.4195	2.5144
W	3.9688	0.9122	0.7675	0.22	0.3162	0.0103	0.1897	0.2431	0.0083
Y	10.0795	1.814	2.6649	0.0059	0.4761	0.1251	0.5292	1.119	0.2262

pepL	alpha	w_s
12	99.5307	0.083	0.1488	0	0.3949	0.3733
13	98.9574	0.0263	0.0764	0.2382	0.4675	0.1916
14	98.3293	0.0043	0.0259	0.161	0	0.4702	0.2976	0.0409
15	98.0138	0.0017	0.0096	0.0839	0.3761	0.4093	0.0998	0.0197
16	98.2233	8e-04	0.0022	0.03	0.2337	0	0.522	0.1562	0.0472	0.0079
17	98.7349	8e-04	0.0019	0.0146	0.1152	0.4294	0.2806	0.114	0.0362	0.0072
18	99.2174	5e-04	0.0013	0.0066	0.0433	0.2908	0	0.3312	0.218	0.0767	0.0267	0.005
19	99.5134	0.001	0.0012	0.0074	0.029	0.145	0.2323	0.2917	0.1843	0.0762	0.0263	0.0055
20	99.6911	0.001	0.0012	0.0048	0.0176	0.0704	0.1449	0	0.2809	0.2453	0.1596	0.0505	0.0192	0.0045
21	99.7886	0.0013	0.002	0.0054	0.0189	0.0569	0.1038	0.1384	0.2552	0.2215	0.1327	0.043	0.0166	0.0041
