Allele	DRB4_01_03
Type	Standard
n_specificities	1
npep_u	1
npep_t	19578
spec_ids	1
L_core	9
L_N	0
L_C	0
CS_perL	1
pepL_lower	12
pepL_upper	21
n_diff_aa	20

PWM_norm.1	P1	P2	P3	P4	P5	P6	P7	P8	P9
A	0.0725	1.2065	1.0048	1.5317	2.2108	0.2357	0.0708	0.7474	2.5937
C	0.0333	0.1314	0.3587	0.2737	0.1298	0.0915	0.0247	0.1201	0.5481
D	0.0772	0.9721	0.4196	0.4508	0.7366	0.1131	17.7928	0.5386	0.431
E	0.0156	0.4944	0.6333	1.513	1.215	0.0523	0.4873	0.9802	0.403
F	0.3701	0.0918	0.5956	0.1789	0.3772	0.0555	0.0945	0.188	0.0347
G	0.0113	0.1782	0.2021	0.2156	0.7009	0.1596	0.0563	0.5589	2.7416
H	0.0176	2.2335	0.3586	0.1899	1.6053	0.1028	0.0448	2.1164	0.7854
I	8.7287	0.4964	1.7406	1.3461	0.588	3.5466	0.1013	1.2701	0.5348
K	0.0317	2.2579	0.907	0.0288	2.0869	0.0336	0.0609	2.4239	0.1597
L	3.9002	0.5295	1.3904	0.4365	0.7032	3.1809	0.0316	0.9741	0.2415
M	0.8384	0.8472	1.5824	0.8483	0.5219	0.3946	0.0764	0.8046	0.3381
N	0.0395	2.1544	0.9327	0.226	1.061	1.1262	0.3616	0.7922	0.8487
P	0.0643	0.0582	0.6285	0.0117	1.0614	0.7856	0.1812	0.7164	0.3568
Q	0.056	1.0888	1.0679	10.4261	1.1027	0.3183	0.363	1.144	1.7622
R	0.0201	3.467	1.3514	0.0751	0.5115	0.1141	0.0695	1.4069	0.0676
S	0.0117	0.6927	0.6109	0.4513	0.5645	0.0713	0.207	0.6229	3.3026
T	0.0305	1.1029	0.5614	0.3912	0.8536	1.2786	0.2087	1.0283	0.8116
V	2.9687	0.8869	2.9208	0.5316	1.5107	4.8225	0.0483	1.7167	0.4745
W	0.0428	0.0511	0.2389	0.0174	0.1756	0.059	0.0616	0.0759	0.0378
Y	0.0435	1.317	2.0009	0.1864	0.7575	0.0603	0.0514	0.8451	0.0942

pepL	alpha	w_s
12	99.5307	0.083	0.1488	0	0.3949	0.3733
13	98.9574	0.0263	0.0764	0.2382	0.4675	0.1916
14	98.3293	0.0043	0.0259	0.161	0	0.4702	0.2976	0.0409
15	98.0138	0.0017	0.0096	0.0839	0.3761	0.4093	0.0998	0.0197
16	98.2233	8e-04	0.0022	0.03	0.2337	0	0.522	0.1562	0.0472	0.0079
17	98.7349	8e-04	0.0019	0.0146	0.1152	0.4294	0.2806	0.114	0.0362	0.0072
18	99.2174	5e-04	0.0013	0.0066	0.0433	0.2908	0	0.3312	0.218	0.0767	0.0267	0.005
19	99.5134	0.001	0.0012	0.0074	0.029	0.145	0.2323	0.2917	0.1843	0.0762	0.0263	0.0055
20	99.6911	0.001	0.0012	0.0048	0.0176	0.0704	0.1449	0	0.2809	0.2453	0.1596	0.0505	0.0192	0.0045
21	99.7886	0.0013	0.002	0.0054	0.0189	0.0569	0.1038	0.1384	0.2552	0.2215	0.1327	0.043	0.0166	0.0041
