Allele	DRB4_01_01
Type	Standard
n_specificities	1
npep_u	1
npep_t	8229
spec_ids	1
L_core	9
L_N	0
L_C	0
CS_perL	1
pepL_lower	12
pepL_upper	21
n_diff_aa	20

PWM_norm.1	P1	P2	P3	P4	P5	P6	P7	P8	P9
A	0.1018	1.392	0.9893	1.2896	2.1591	0.3018	0.1828	0.8933	3.1751
C	0.018	0.195	0.1032	0.0242	0.0803	0.0227	0.037	0.102	0.3858
D	0.0954	0.642	0.4195	0.3932	1.1986	0.0623	15.5288	0.4738	0.329
E	0.0152	0.5712	0.5248	1.2971	0.971	0.0444	0.6673	0.8625	0.2452
F	0.6466	0.1152	0.7534	0.2439	0.1924	0.2607	0.2471	0.3459	0.0586
G	0.0563	0.3513	0.2914	0.2917	0.8081	0.2488	0.1658	0.7695	2.3589
H	0.0647	2.1834	0.5443	0.2384	1.472	0.415	0.1844	1.7176	1.2256
I	7.9531	0.6138	1.8163	1.5824	0.6083	2.737	0.1275	1.1569	0.5598
K	0.0313	1.9199	1.089	0.044	2.3205	0.0389	0.065	2.1826	0.2929
L	3.6372	0.3992	1.3221	0.5149	0.6244	2.7819	0.1239	0.8483	0.2706
M	1.3834	0.6717	0.9446	1.0336	0.4226	0.572	0.1319	0.6526	0.4858
N	0.0701	2.6008	0.8812	0.3033	0.8851	1.762	0.5874	0.6059	0.9703
P	0.1291	0.1014	0.5638	0.0162	0.9825	1.0413	0.2799	0.9137	0.3871
Q	0.0277	1.3623	1.2469	9.5613	1.1623	0.5508	0.6679	1.1052	1.6143
R	0.0325	3.0322	1.5939	0.136	0.664	0.2527	0.0476	1.4634	0.1488
S	0.015	0.7635	0.707	0.7338	0.541	0.2264	0.2743	0.7141	2.8272
T	0.0761	0.9972	0.5	0.6911	0.8568	1.1413	0.4957	1.2003	0.922
V	3.3205	1.0448	2.7771	0.6357	1.367	4.4815	0.1921	1.5528	0.5963
W	0.1602	0.1009	0.2102	0.0214	0.5425	0.0708	0.087	0.0323	0.0304
Y	0.0894	1.2678	1.7356	0.1007	0.9239	0.2797	0.145	1.3687	0.108

pepL	alpha	w_s
12	99.5307	0.083	0.1488	0	0.3949	0.3733
13	98.9574	0.0263	0.0764	0.2382	0.4675	0.1916
14	98.3293	0.0043	0.0259	0.161	0	0.4702	0.2976	0.0409
15	98.0138	0.0017	0.0096	0.0839	0.3761	0.4093	0.0998	0.0197
16	98.2233	8e-04	0.0022	0.03	0.2337	0	0.522	0.1562	0.0472	0.0079
17	98.7349	8e-04	0.0019	0.0146	0.1152	0.4294	0.2806	0.114	0.0362	0.0072
18	99.2174	5e-04	0.0013	0.0066	0.0433	0.2908	0	0.3312	0.218	0.0767	0.0267	0.005
19	99.5134	0.001	0.0012	0.0074	0.029	0.145	0.2323	0.2917	0.1843	0.0762	0.0263	0.0055
20	99.6911	0.001	0.0012	0.0048	0.0176	0.0704	0.1449	0	0.2809	0.2453	0.1596	0.0505	0.0192	0.0045
21	99.7886	0.0013	0.002	0.0054	0.0189	0.0569	0.1038	0.1384	0.2552	0.2215	0.1327	0.043	0.0166	0.0041
