Allele	DRB4_01_02
Type	Standard
n_specificities	1
npep_u	1
npep_t	5000
spec_ids	1
L_core	9
L_N	0
L_C	0
CS_perL	1
pepL_lower	12
pepL_upper	21
n_diff_aa	20

PWM_norm.1	P1	P2	P3	P4	P5	P6	P7	P8	P9
A	0.1257	1.2766	1.0869	1.3736	2.0289	0.3508	0.135	1.1812	2.6557
C	0.0527	0.178	0.2377	0.1913	0.1245	0.0771	0.0234	0.116	0.4238
D	0.0517	0.8108	0.4021	0.4323	0.9888	0.1172	16.4322	0.5499	0.5389
E	0.0301	0.5639	0.5799	1.4182	1.0722	0.0956	0.598	0.9164	0.3615
F	0.6302	0.1603	0.8178	0.3005	0.3434	0.1926	0.1444	0.6052	0.1761
G	0.0618	0.3004	0.3017	0.2915	0.7518	0.2199	0.1235	0.9468	2.673
H	0.0446	2.1567	0.5287	0.2554	1.4851	0.2853	0.1262	1.5282	0.7539
I	8.5774	0.6232	1.9195	1.4928	0.6584	3.2409	0.1286	1.0162	0.5187
K	0.0427	2.0405	1.0111	0.0868	2.0705	0.0625	0.083	1.5537	0.2874
L	3.3377	0.5035	1.2891	0.5651	0.6544	2.8661	0.1015	1.0855	0.2831
M	1.2515	0.7669	1.2657	0.9718	0.4966	0.5935	0.096	0.5538	0.347
N	0.0508	2.2622	0.8685	0.3191	1.0156	1.3971	0.5285	0.9038	1.3818
P	0.0821	0.0888	0.6956	0.0288	1.025	0.9637	0.2348	1.2759	0.4163
Q	0.0354	1.207	1.1585	9.2577	1.111	0.4473	0.5259	1.0813	1.7434
R	0.0336	3.0615	1.3623	0.115	0.7007	0.1649	0.0688	1.4304	0.2005
S	0.0339	0.7466	0.6776	0.6339	0.6209	0.2161	0.2465	0.746	2.5429
T	0.1131	1.0829	0.5788	0.5611	0.9159	1.2414	0.3548	0.863	0.8453
V	3.3764	1.0038	2.5097	0.6975	1.4171	4.3286	0.1276	0.997	0.7234
W	0.1307	0.138	0.3256	0.1119	0.3932	0.0702	0.0522	0.3334	0.0898
Y	0.1104	1.3063	1.8562	0.1155	0.8628	0.178	0.1338	1.0766	0.1841

pepL	alpha	w_s
12	99.5307	0.083	0.1488	0	0.3949	0.3734
13	98.9575	0.0263	0.0764	0.2382	0.4675	0.1916
14	98.3294	0.0043	0.0259	0.161	0	0.4702	0.2977	0.0409
15	98.0139	0.0017	0.0096	0.0839	0.376	0.4093	0.0998	0.0197
16	98.2233	8e-04	0.0022	0.03	0.2337	0	0.5219	0.1563	0.0471	0.0079
17	98.735	8e-04	0.0019	0.0146	0.1152	0.4293	0.2806	0.114	0.0363	0.0072
18	99.2174	5e-04	0.0013	0.0066	0.0433	0.2908	0	0.3312	0.218	0.0767	0.0267	0.005
19	99.5133	0.001	0.0012	0.0074	0.029	0.145	0.2323	0.2918	0.1844	0.0762	0.0263	0.0055
20	99.691	0.001	0.0012	0.0048	0.0176	0.0704	0.1449	0	0.2809	0.2454	0.1596	0.0505	0.0192	0.0045
21	99.7886	0.0013	0.002	0.0054	0.0189	0.0569	0.1038	0.1383	0.2554	0.2215	0.1327	0.043	0.0166	0.0041
