Allele	DRB5_01_02
Type	Standard
n_specificities	1
npep_u	1
npep_t	5000
spec_ids	1
L_core	9
L_N	0
L_C	0
CS_perL	1
pepL_lower	12
pepL_upper	21
n_diff_aa	20

PWM_norm.1	P1	P2	P3	P4	P5	P6	P7	P8	P9
A	0.0896	0.971	1.6098	2.4194	1.0262	4.2057	1.1374	1.1786	0.5823
C	0.0511	0.118	0.2586	0.24	0.1513	0.1182	0.0996	0.1131	0.0836
D	0.0347	0.5546	0.3667	0.2075	0.7774	0.4246	0.3993	0.5371	0.2238
E	0.0549	1.1045	0.8477	1.9671	0.8933	0.6818	0.7412	0.9166	0.4726
F	8.5177	0.8507	1.3288	0.7949	0.5438	0.1223	1.576	0.6046	0.3118
G	0.0609	0.3361	0.5538	0.2556	0.6844	2.1319	0.909	0.9621	0.4639
H	0.1257	1.4432	0.9458	0.2212	1.4933	0.2922	2.7671	1.5437	0.5078
I	2.7942	1.5947	2.2904	2.5979	0.9036	0.2432	1.0283	1.0119	0.4029
K	0.0562	1.7443	1.0091	0.226	2.4309	0.1153	1.8784	1.5625	2.3132
L	1.3764	0.8388	0.7911	1.4209	0.5407	0.0892	1.0327	1.0918	0.5332
M	0.9048	0.5271	1.5577	2.8789	0.706	0.1663	0.8659	0.5453	0.47
N	0.0706	1.0223	0.7774	0.1458	1.2511	1.267	1.2461	0.8962	0.3309
P	0.0383	0.0548	0.9261	0.0237	1.0409	0.8942	0.4967	1.2711	0.0665
Q	0.0511	1.2417	1.0067	1.6755	1.1752	0.9385	1.3744	1.0865	0.5573
R	0.0397	1.734	0.9161	0.1127	1.3568	0.1155	1.3041	1.4361	8.6276
S	0.0409	0.7046	0.7441	0.5698	0.8646	2.0394	0.4811	0.7431	0.3553
T	0.0763	1.109	0.8496	0.637	1.2976	1.6294	0.6647	0.862	0.2012
V	0.9921	1.94	1.2539	1.7837	1.0045	0.6484	0.8989	0.984	0.5658
W	4.4804	0.5062	0.8019	0.355	0.4999	0.0452	0.6049	0.333	0.0606
Y	10.1766	1.153	1.763	0.3152	0.7409	0.0987	1.2305	1.0692	1.4969

pepL	alpha	w_s
12	99.5307	0.083	0.1488	0	0.3949	0.3733
13	98.9574	0.0263	0.0764	0.2382	0.4675	0.1916
14	98.3293	0.0043	0.0259	0.161	0	0.4702	0.2976	0.0409
15	98.0138	0.0017	0.0096	0.0839	0.3761	0.4093	0.0998	0.0197
16	98.2233	8e-04	0.0022	0.03	0.2337	0	0.522	0.1562	0.0472	0.0079
17	98.7349	8e-04	0.0019	0.0146	0.1152	0.4294	0.2806	0.114	0.0362	0.0072
18	99.2174	5e-04	0.0013	0.0066	0.0433	0.2908	0	0.3312	0.218	0.0767	0.0267	0.005
19	99.5134	0.001	0.0012	0.0074	0.029	0.145	0.2323	0.2917	0.1843	0.0762	0.0263	0.0055
20	99.6911	0.001	0.0012	0.0048	0.0176	0.0704	0.1449	0	0.2809	0.2453	0.1596	0.0505	0.0192	0.0045
21	99.7886	0.0013	0.002	0.0054	0.0189	0.0569	0.1038	0.1384	0.2552	0.2215	0.1327	0.043	0.0166	0.0041
