Allele	DRB5_01_01
Type	Standard
n_specificities	1
npep_u	1
npep_t	20030
spec_ids	1
L_core	9
L_N	0
L_C	0
CS_perL	1
pepL_lower	12
pepL_upper	21
n_diff_aa	20

PWM_norm.1	P1	P2	P3	P4	P5	P6	P7	P8	P9
A	0.0431	1.1146	2.1732	2.7371	1.3883	4.8561	0.9632	0.8845	0.2435
C	0.0191	0.0536	0.2115	0.3375	0.0379	0.0434	0.0671	0.0969	0.1159
D	0.0078	0.8464	0.232	0.1247	0.4754	0.6964	0.1848	0.5688	0.0639
E	0.0114	1.3165	0.9815	2.1416	0.8655	1.1881	0.6861	1.221	0.0362
F	8.6321	0.7118	1.4104	0.5444	0.4191	0.0544	2.1966	0.3458	0.1799
G	0.0373	0.2088	0.4103	0.289	0.3922	1.9755	0.9769	1.3705	0.259
H	0.0169	0.8531	0.9044	0.0793	1.4252	0.0817	3.1167	0.9852	0.3578
I	2.6289	0.9714	2.1447	2.3093	1.1324	0.2338	0.9176	0.5269	0.3881
K	0.0233	2.0308	1.112	0.2674	2.4915	0.0323	1.8886	1.2803	8.6389
L	1.2966	0.7813	0.6241	1.251	0.5789	0.0553	1.3321	1.5007	0.2593
M	1.453	0.3867	2.7716	2.8046	0.8514	0.043	1.0851	0.9693	0.6671
N	0.0477	1.1047	0.604	0.0835	1.1572	2.3863	1.4426	1.0839	0.1413
P	0.0273	0.023	0.8346	0.0081	0.7406	1.247	0.1045	1.1819	0.0264
Q	0.0385	1.4289	1.1166	1.8653	0.9503	0.466	0.9003	0.9624	0.151
R	0.0076	1.8168	0.8879	0.0862	1.0718	0.028	1.2703	1.5737	6.1525
S	0.0175	0.5385	0.595	0.6074	0.9059	1.51	0.3347	0.7639	0.0723
T	0.0874	1.1209	0.7525	0.5809	1.8234	1.0893	0.6227	0.6659	0.026
V	0.6769	1.8608	1.0255	1.9132	1.3638	0.2747	0.9498	0.8324	0.2022
W	3.878	0.5832	0.6445	0.306	0.1188	0.0041	0.7508	0.18	0.0575
Y	11.9067	1.6258	1.7025	0.1028	0.7027	0.027	1.7553	1.0346	0.2044

pepL	alpha	w_s
12	99.5307	0.083	0.1488	0	0.3949	0.3734
13	98.9575	0.0263	0.0764	0.2382	0.4675	0.1916
14	98.3294	0.0043	0.0259	0.161	0	0.4702	0.2977	0.0409
15	98.0139	0.0017	0.0096	0.0839	0.376	0.4093	0.0998	0.0197
16	98.2233	8e-04	0.0022	0.03	0.2337	0	0.5219	0.1563	0.0471	0.0079
17	98.735	8e-04	0.0019	0.0146	0.1152	0.4293	0.2806	0.114	0.0363	0.0072
18	99.2174	5e-04	0.0013	0.0066	0.0433	0.2908	0	0.3312	0.218	0.0767	0.0267	0.005
19	99.5133	0.001	0.0012	0.0074	0.029	0.145	0.2323	0.2918	0.1844	0.0762	0.0263	0.0055
20	99.691	0.001	0.0012	0.0048	0.0176	0.0704	0.1449	0	0.2809	0.2454	0.1596	0.0505	0.0192	0.0045
21	99.7886	0.0013	0.002	0.0054	0.0189	0.0569	0.1038	0.1383	0.2554	0.2215	0.1327	0.043	0.0166	0.0041
