Allele	DRB5_02_02
Type	Standard
n_specificities	1
npep_u	1
npep_t	8669
spec_ids	1
L_core	9
L_N	0
L_C	0
CS_perL	1
pepL_lower	12
pepL_upper	21
n_diff_aa	20

PWM_norm.1	P1	P2	P3	P4	P5	P6	P7	P8	P9
A	0.0891	0.8462	1.2704	0.5526	0.9238	6.027	0.6666	0.858	0.5192
C	0.0332	0.0183	0.0403	0.0118	0.0486	0.0176	0.0181	0.0232	0.0418
D	0.0176	0.5523	0.3454	0.1363	0.8505	0.4228	0.1181	0.5547	0.2278
E	0.0142	1.4595	0.9054	0.7141	1.2286	0.3579	0.5745	0.9074	0.4562
F	0.255	0.8136	1.5113	8.0073	0.334	0.0418	0.8832	0.4817	0.1857
G	0.0218	0.1654	0.6238	0.0365	0.6951	2.1485	0.1692	0.8729	0.5078
H	0.0125	1.7516	0.9309	1.1711	1.2407	0.1201	3.5828	2.3762	0.6838
I	11.3371	1.3696	2.8931	1.2217	0.6069	0.0615	1.6594	0.5283	0.3949
K	0.0098	1.803	0.8842	0.2058	2.5868	0.1168	1.9631	1.4019	2.2711
L	2.1333	0.9915	0.7432	0.4615	0.4625	0.0129	0.893	1.3249	0.5251
M	0.8282	0.3326	1.0605	1.4014	0.3535	0.1248	0.5746	0.3878	0.184
N	0.016	0.9407	0.866	0.0366	1.0563	0.9928	1.089	1.5463	0.2276
P	0.0325	0.0238	0.9432	0.0128	1.8023	0.4458	1.0173	1.2194	0.0345
Q	0.0283	1.2487	0.791	0.635	1.6456	0.5011	1.9195	1.1112	0.6772
R	0.0102	1.5509	0.8925	0.2788	1.5408	0.2548	0.866	1.51	8.7425
S	0.0088	0.5786	0.7209	0.0901	0.6834	1.9606	0.9821	0.6881	0.4137
T	0.0668	1.1589	1.0032	0.269	1.0945	1.6351	0.6247	1.2274	0.0823
V	4.1518	1.7267	1.497	0.7749	0.5439	0.351	1.2915	0.7191	0.6761
W	0.0207	0.7976	0.9563	3.5865	0.8414	0.0192	0.7037	0.3572	0.0124
Y	0.0186	1.824	1.5942	10.8849	0.356	0.0143	1.4648	1.0055	1.5815

pepL	alpha	w_s
12	99.5307	0.083	0.1488	0	0.3949	0.3734
13	98.9575	0.0263	0.0764	0.2382	0.4675	0.1916
14	98.3294	0.0043	0.0259	0.161	0	0.4702	0.2977	0.0409
15	98.0139	0.0017	0.0096	0.0839	0.376	0.4093	0.0998	0.0197
16	98.2233	8e-04	0.0022	0.03	0.2337	0	0.5219	0.1563	0.0471	0.0079
17	98.735	8e-04	0.0019	0.0146	0.1152	0.4293	0.2806	0.114	0.0363	0.0072
18	99.2174	5e-04	0.0013	0.0066	0.0433	0.2908	0	0.3312	0.218	0.0767	0.0267	0.005
19	99.5133	0.001	0.0012	0.0074	0.029	0.145	0.2323	0.2918	0.1844	0.0762	0.0263	0.0055
20	99.691	0.001	0.0012	0.0048	0.0176	0.0704	0.1449	0	0.2809	0.2454	0.1596	0.0505	0.0192	0.0045
21	99.7886	0.0013	0.002	0.0054	0.0189	0.0569	0.1038	0.1383	0.2554	0.2215	0.1327	0.043	0.0166	0.0041
