Allele	Gaga_BLB1_002_01
Type	Standard
n_specificities	1
npep_u	1
npep_t	3812
spec_ids	1
L_core	9
L_N	0
L_C	0
CS_perL	1
pepL_lower	12
pepL_upper	21
n_diff_aa	20

PWM_norm.1	P1	P2	P3	P4	P5	P6	P7	P8	P9
A	0.1524	1.3782	0.9854	0.4375	1.4794	1.4671	0.544	0.3612	0.2936
C	0.0641	0.0308	0.2879	0.132	0.0285	0.0303	0.0836	0.0268	0.0482
D	0.0793	0.4636	0.6859	0.2925	1.1515	0.744	0.3603	0.78	0.1545
E	0.2936	0.507	0.5921	0.7737	0.456	0.9497	0.3873	1.1138	0.3393
F	9.2534	1.0205	1.4879	0.5107	1.3462	1.1542	0.5312	0.7051	1.3785
G	0.2596	0.287	0.7197	0.1132	1.0631	1.5459	2.0737	0.5894	0.0836
H	0.43	2.5911	0.6633	2.4645	2.041	1.096	2.8674	0.8362	0.5497
I	2.3462	1.1652	1.8708	2.1812	0.7549	1.4058	0.4959	1.9431	1.0648
K	0.2512	1.5479	1.7586	2.8121	1.8415	0.9089	3.2949	2.2982	0.3751
L	1.287	0.7585	0.722	1.1697	0.5897	0.6536	0.2664	0.5128	0.9958
M	0.8872	0.8963	1.7088	2.0102	0.6621	1.4759	0.7712	1.0189	0.3149
N	0.2098	1.7605	0.3315	0.6343	0.9123	1.5838	1.5896	0.7146	0.2494
P	0.1123	0.0495	1.2611	0.0926	0.8455	1.2455	0.7163	0.7118	0.0614
Q	0.0811	0.8968	0.4126	0.8689	0.9753	0.7684	0.7285	0.8889	0.1182
R	0.1115	1.4891	1.2579	2.9192	1.6328	0.261	2.8364	1.9084	0.3894
S	0.1109	0.8596	1.0982	0.3457	0.6137	0.9312	0.425	0.8773	0.047
T	0.1734	1.7137	0.6305	0.2939	0.9898	1.181	0.7387	0.8282	0.2089
V	1.787	1.6083	1.2379	0.7149	0.983	0.7784	0.7999	0.8241	0.4117
W	3.424	0.2163	0.6574	2.4779	0.0698	0.4664	0.1707	0.2204	0.5865
Y	5.7782	1.1601	1.9143	1.4614	1.3911	1.1753	0.3311	3.4227	23.6528

pepL	alpha	w_s
12	99.5307	0.083	0.1488	0	0.3949	0.3734
13	98.9575	0.0263	0.0764	0.2382	0.4675	0.1916
14	98.3294	0.0043	0.0259	0.161	0	0.4702	0.2977	0.0409
15	98.0139	0.0017	0.0096	0.0839	0.376	0.4093	0.0998	0.0197
16	98.2233	8e-04	0.0022	0.03	0.2337	0	0.5219	0.1563	0.0471	0.0079
17	98.735	8e-04	0.0019	0.0146	0.1152	0.4293	0.2806	0.114	0.0363	0.0072
18	99.2174	5e-04	0.0013	0.0066	0.0433	0.2908	0	0.3312	0.218	0.0767	0.0267	0.005
19	99.5133	0.001	0.0012	0.0074	0.029	0.145	0.2323	0.2918	0.1844	0.0762	0.0263	0.0055
20	99.691	0.001	0.0012	0.0048	0.0176	0.0704	0.1449	0	0.2809	0.2454	0.1596	0.0505	0.0192	0.0045
21	99.7886	0.0013	0.002	0.0054	0.0189	0.0569	0.1038	0.1383	0.2554	0.2215	0.1327	0.043	0.0166	0.0041
