Allele	Gaga_BLB1_012_01
Type	Standard
n_specificities	1
npep_u	1
npep_t	5000
spec_ids	1
L_core	9
L_N	0
L_C	0
CS_perL	1
pepL_lower	12
pepL_upper	21
n_diff_aa	20

PWM_norm.1	P1	P2	P3	P4	P5	P6	P7	P8	P9
A	0.1694	1.3189	1.7593	1.9211	1.208	1.0726	1.1366	1.4386	0.7698
C	0.1178	0.1042	0.2705	0.3432	0.1666	0.1473	0.2402	0.0674	0.1847
D	0.0989	0.5426	0.2507	0.3978	1.117	0.653	0.6387	0.4593	1.0606
E	0.142	0.6321	0.5424	0.8501	1.0561	1.0474	0.9258	1.0216	0.569
F	7.593	0.987	1.0891	1.3901	0.5194	0.4921	1.1581	0.2021	2.6573
G	0.1421	0.3268	0.7484	0.2916	0.697	0.8935	0.879	0.3767	0.3498
H	0.2786	2.4544	1.0996	0.8981	1.4079	1.6303	1.752	3.2029	0.4011
I	3.0504	1.1821	1.1458	2.0557	0.8813	1.2514	1.3442	0.6136	1.2177
K	0.1267	1.5245	1.4987	0.1455	1.8984	0.5402	1.1429	2.6247	0.2441
L	1.4945	0.7244	0.6681	1.2445	0.4832	0.9302	1.0979	0.7739	2.542
M	1.1772	0.8603	1.1033	1.3007	0.696	0.8133	1.0287	0.2228	3.1552
N	0.1741	1.7499	0.5687	0.7835	1.1522	1.2757	1.5251	0.8027	0.5102
P	0.09	0.0597	2.022	0.1333	1.0918	1.2816	0.8974	1.2945	0.3105
Q	0.1194	1.0079	0.6908	0.5355	1.0264	2.1025	1.2713	1.3185	0.9179
R	0.0957	1.4991	1.2311	0.1096	1.2078	0.4485	1.0255	1.3819	0.1802
S	0.0962	0.8513	1.2106	1.8057	0.8988	0.8091	0.5896	0.7141	0.4197
T	0.1629	1.5929	0.4391	1.5184	1.1125	1.8529	0.7815	0.8197	0.3368
V	1.2546	1.5131	0.866	2.1258	1.2237	1.0498	0.9477	0.7034	1.3187
W	4.4673	0.4063	0.3507	0.2184	0.4907	0.429	0.9036	0.1143	2.9681
Y	7.7272	1.2015	1.7642	0.2005	1.0765	0.472	1.1191	1.1174	2.8857

pepL	alpha	w_s
12	99.5307	0.083	0.1488	0	0.3949	0.3733
13	98.9574	0.0263	0.0764	0.2382	0.4675	0.1916
14	98.3293	0.0043	0.0259	0.161	0	0.4702	0.2976	0.0409
15	98.0138	0.0017	0.0096	0.0839	0.3761	0.4093	0.0998	0.0197
16	98.2233	8e-04	0.0022	0.03	0.2337	0	0.522	0.1562	0.0472	0.0079
17	98.7349	8e-04	0.0019	0.0146	0.1152	0.4294	0.2806	0.114	0.0362	0.0072
18	99.2174	5e-04	0.0013	0.0066	0.0433	0.2908	0	0.3312	0.218	0.0767	0.0267	0.005
19	99.5134	0.001	0.0012	0.0074	0.029	0.145	0.2323	0.2917	0.1843	0.0762	0.0263	0.0055
20	99.6911	0.001	0.0012	0.0048	0.0176	0.0704	0.1449	0	0.2809	0.2453	0.1596	0.0505	0.0192	0.0045
21	99.7886	0.0013	0.002	0.0054	0.0189	0.0569	0.1038	0.1384	0.2552	0.2215	0.1327	0.043	0.0166	0.0041
