Allele	Gaga_BLB2_002_01
Type	Standard
n_specificities	1
npep_u	1
npep_t	5755
spec_ids	1
L_core	9
L_N	0
L_C	0
CS_perL	1
pepL_lower	12
pepL_upper	21
n_diff_aa	20

PWM_norm.1	P1	P2	P3	P4	P5	P6	P7	P8	P9
A	0.1016	0.8287	2.2443	0.9197	1.0255	1.2169	0.701	1.4158	0.223
C	0.0406	0.0734	0.0208	0.0298	0.0184	0.0533	0.0677	0.0577	0.0354
D	0.0261	0.707	0.1496	0.3467	0.8524	0.3907	0.3639	0.4605	0.0125
E	0.0095	1.6669	0.3673	0.8381	1.2645	0.4944	1.3753	1.0476	0.0227
F	1.0061	1.5725	1.4344	6.168	0.5927	0.4476	0.8834	0.149	10.7506
G	0.043	0.0804	0.5645	0.3418	0.4463	0.7179	0.32	0.3101	0.0213
H	0.0396	1.226	1.3416	0.5286	1.2952	0.831	0.7213	3.277	0.0503
I	9.0555	0.586	1.6067	1.1762	0.9849	1.7369	1.3475	0.5703	0.6129
K	0.0529	1.1943	2.0248	0.0309	1.7852	0.1115	0.4119	2.805	0.0182
L	4.1574	0.7869	0.6425	0.9929	0.3212	1.5159	2.4431	0.7469	2.3195
M	0.8852	1.7098	2.6332	2.5541	0.6268	0.5516	1.804	0.1524	5.1874
N	0.0615	0.4514	0.6828	1.2365	1.4306	1.2017	1.788	0.7821	0.0166
P	0.1375	0.0249	1.2131	0.0993	2.7122	1.7369	0.2401	1.2921	0.0881
Q	0.0143	2.1524	0.8191	0.4566	0.7584	2.2277	2.483	1.3231	0.279
R	0.031	1.4977	0.6192	0.1051	1.1157	0.075	0.3501	1.3779	0.0294
S	0.0549	1.0021	1.0203	1.2702	1.0111	0.877	0.5506	0.7201	0.0597
T	0.0667	1.0252	0.116	1.7463	0.7186	2.43	0.7331	0.8297	0.0192
V	1.5942	0.6919	0.4967	1.5505	0.7092	0.8844	1.2167	0.7177	0.5475
W	0.1448	1.7426	0.3015	0.6531	0.0724	0.2677	0.1445	0.059	3.8129
Y	0.2579	2.9104	3.0384	0.5783	1.2078	0.2338	0.7889	1.0996	4.6192

pepL	alpha	w_s
12	99.5307	0.083	0.1488	0	0.3949	0.3734
13	98.9575	0.0263	0.0764	0.2382	0.4675	0.1916
14	98.3294	0.0043	0.0259	0.161	0	0.4702	0.2977	0.0409
15	98.0139	0.0017	0.0096	0.0839	0.376	0.4093	0.0998	0.0197
16	98.2233	8e-04	0.0022	0.03	0.2337	0	0.5219	0.1563	0.0471	0.0079
17	98.735	8e-04	0.0019	0.0146	0.1152	0.4293	0.2806	0.114	0.0363	0.0072
18	99.2174	5e-04	0.0013	0.0066	0.0433	0.2908	0	0.3312	0.218	0.0767	0.0267	0.005
19	99.5133	0.001	0.0012	0.0074	0.029	0.145	0.2323	0.2918	0.1844	0.0762	0.0263	0.0055
20	99.691	0.001	0.0012	0.0048	0.0176	0.0704	0.1449	0	0.2809	0.2454	0.1596	0.0505	0.0192	0.0045
21	99.7886	0.0013	0.002	0.0054	0.0189	0.0569	0.1038	0.1383	0.2554	0.2215	0.1327	0.043	0.0166	0.0041
