Allele	Gaga_BLB2_012_02
Type	Standard
n_specificities	1
npep_u	1
npep_t	5000
spec_ids	1
L_core	9
L_N	0
L_C	0
CS_perL	1
pepL_lower	12
pepL_upper	21
n_diff_aa	20

PWM_norm.1	P1	P2	P3	P4	P5	P6	P7	P8	P9
A	0.1793	1.5058	1.3477	1.7091	1.38	0.9412	0.8021	1.4386	0.9207
C	0.0649	0.0971	0.2295	0.4368	0.1099	0.1232	0.1378	0.0674	0.1582
D	0.0678	0.5902	0.333	0.6196	1.1415	0.3077	0.8149	0.4593	0.9811
E	0.0388	1.0159	0.6023	0.603	1.1987	0.4741	1.4105	1.0216	0.7882
F	0.6587	1.0122	1.3342	1.6801	0.4867	0.5946	0.6354	0.2021	4.2
G	0.0809	0.3624	0.4591	0.3713	0.6393	0.7006	0.6065	0.3767	0.4363
H	0.0533	1.7571	0.7147	1.3067	1.5255	1.5879	0.6584	3.2029	0.5046
I	8.3857	1.1426	2.0575	1.7246	0.7957	1.9174	1.3325	0.6136	1.1058
K	0.0363	1.2928	1.4453	0.2741	1.9272	0.7047	0.5892	2.6247	0.1823
L	3.0749	0.7961	0.814	1.0368	0.5092	1.3797	2.0167	0.7739	1.8456
M	1.2648	0.7159	1.6886	1.1725	0.4419	0.7153	1.476	0.2228	3.0213
N	0.0515	1.5293	0.6198	1.364	1.1956	1.2881	1.9421	0.8027	0.3263
P	0.1095	0.0668	1.3643	0.1871	1.3401	1.289	0.3899	1.2945	0.3847
Q	0.0439	0.9978	0.6737	0.5264	1.0764	1.788	1.8781	1.3185	1.1314
R	0.0427	1.2897	0.9614	0.2304	1.0356	0.7696	0.3451	1.3819	0.1434
S	0.0441	0.8635	1.0179	1.7435	0.8493	0.6348	0.6337	0.7141	0.442
T	0.1542	1.646	0.6045	1.5809	0.9644	1.8257	0.7942	0.8197	0.324
V	3.7343	1.4729	1.3384	1.9325	1.1047	1.2232	1.2613	0.7034	1.0218
W	0.1198	0.3778	0.5266	0.4755	0.3984	0.3699	0.2383	0.1143	2.9521
Y	0.0802	1.2729	2.1431	0.3353	0.9001	0.4587	0.736	1.1174	3.0959

pepL	alpha	w_s
12	99.5307	0.083	0.1488	0	0.3949	0.3733
13	98.9574	0.0263	0.0764	0.2382	0.4675	0.1916
14	98.3293	0.0043	0.0259	0.161	0	0.4702	0.2976	0.0409
15	98.0138	0.0017	0.0096	0.0839	0.3761	0.4093	0.0998	0.0197
16	98.2233	8e-04	0.0022	0.03	0.2337	0	0.522	0.1562	0.0472	0.0079
17	98.7349	8e-04	0.0019	0.0146	0.1152	0.4294	0.2806	0.114	0.0362	0.0072
18	99.2174	5e-04	0.0013	0.0066	0.0433	0.2908	0	0.3312	0.218	0.0767	0.0267	0.005
19	99.5134	0.001	0.0012	0.0074	0.029	0.145	0.2323	0.2917	0.1843	0.0762	0.0263	0.0055
20	99.6911	0.001	0.0012	0.0048	0.0176	0.0704	0.1449	0	0.2809	0.2453	0.1596	0.0505	0.0192	0.0045
21	99.7886	0.0013	0.002	0.0054	0.0189	0.0569	0.1038	0.1384	0.2552	0.2215	0.1327	0.043	0.0166	0.0041
