Allele	H2_Aa_d__H2_Ab_d
Type	Standard
n_specificities	1
npep_u	1
npep_t	4079
spec_ids	1
L_core	9
L_N	0
L_C	0
CS_perL	1
pepL_lower	12
pepL_upper	21
n_diff_aa	20

PWM_norm.1	P1	P2	P3	P4	P5	P6	P7	P8	P9
A	1.7846	2.5517	1.6623	0.8868	1.4908	7.1068	1.044	0.6224	4.9315
C	0.07	0.2252	0.4551	1.3313	0.3129	1.6213	0.4847	0.1235	0.245
D	0.3031	0.3825	0.1858	0.0344	0.6809	0.0724	0.599	0.6567	0.0929
E	6.0458	1.5729	0.7418	0.0252	1.6486	0.0235	4.7067	1.6967	0.495
F	0.0771	0.1441	0.7736	0.0793	0.2394	0.0316	0.4217	0.676	0.1016
G	0.0999	0.5629	1.8049	0.0386	0.2582	0.1074	0.1605	0.462	1.9158
H	0.3332	2.3381	1.6081	0.0185	1.0664	0.0241	2.1289	0.8748	0.5282
I	0.4352	0.2183	0.3302	7.7996	0.7701	0.6498	0.7473	0.8649	0.1379
K	0.05	1.6946	1.1738	0.0231	1.4516	0.0367	0.2674	2.212	0.0601
L	0.3343	0.1827	0.2836	2.2362	0.3862	0.0824	0.4949	0.5316	0.085
M	1.2843	0.4778	0.5944	0.9849	0.3962	0.0425	0.4368	0.6951	0.7541
N	0.0668	1.5087	1.4535	0.1224	0.5731	0.1268	1.1916	0.857	0.4712
P	0.0256	0.0329	1.5034	0.6822	0.5808	1.4033	0.0167	0.5614	0.0652
Q	2.4283	2.3721	1.5914	0.0706	3.2539	0.0277	1.8569	1.9751	0.8727
R	0.0364	1.2907	1.3145	0.0189	0.8992	0.0283	1.2827	2.1057	0.0632
S	0.9081	0.9349	0.9975	0.1656	0.8543	0.7355	0.5358	0.8222	3.7391
T	0.4318	0.8093	1.0722	0.9068	1.2207	1.6631	0.1777	1.3487	0.7024
V	1.5118	1.0552	0.6545	3.3524	1.6748	2.8161	1.1928	0.5709	0.2672
W	0.042	0.2973	0.1605	0.0226	0.1012	0.0198	0.4164	0.3383	0.0209
Y	0.3691	0.5999	0.8174	0.0542	0.6437	0.0314	0.9643	1.1354	0.0406

pepL	alpha	w_s
12	99.5307	0.083	0.1488	0	0.3949	0.3733
13	98.9574	0.0263	0.0764	0.2382	0.4675	0.1916
14	98.3293	0.0043	0.0259	0.161	0	0.4702	0.2976	0.0409
15	98.0138	0.0017	0.0096	0.0839	0.3761	0.4093	0.0998	0.0197
16	98.2233	8e-04	0.0022	0.03	0.2337	0	0.522	0.1562	0.0472	0.0079
17	98.7349	8e-04	0.0019	0.0146	0.1152	0.4294	0.2806	0.114	0.0362	0.0072
18	99.2174	5e-04	0.0013	0.0066	0.0433	0.2908	0	0.3312	0.218	0.0767	0.0267	0.005
19	99.5134	0.001	0.0012	0.0074	0.029	0.145	0.2323	0.2917	0.1843	0.0762	0.0263	0.0055
20	99.6911	0.001	0.0012	0.0048	0.0176	0.0704	0.1449	0	0.2809	0.2453	0.1596	0.0505	0.0192	0.0045
21	99.7886	0.0013	0.002	0.0054	0.0189	0.0569	0.1038	0.1384	0.2552	0.2215	0.1327	0.043	0.0166	0.0041
