Allele	H2_Aa_f__H2_Ab_f
Type	Standard
n_specificities	1
npep_u	1
npep_t	5000
spec_ids	1
L_core	9
L_N	0
L_C	0
CS_perL	1
pepL_lower	12
pepL_upper	21
n_diff_aa	20

PWM_norm.1	P1	P2	P3	P4	P5	P6	P7	P8	P9
A	0.9032	1.4713	3.0286	2.092	1.3372	2.9482	0.4928	1.2499	2.7859
C	0.2452	0.1569	0.5932	0.7324	0.1863	0.7684	0.1821	0.2262	0.4512
D	0.2382	0.8153	0.68	0.5952	1.028	0.689	0.7759	0.5661	0.8165
E	0.3669	1.0069	0.551	0.3246	1.1938	0.3305	1.3049	1.3692	0.8504
F	2.0042	0.6612	0.7242	0.6745	0.4737	0.4205	3.714	0.6605	0.3522
G	0.3079	0.6966	3.0213	0.7717	0.5092	0.8711	1.5434	0.8061	2.0518
H	0.5766	2.2399	0.5255	0.4535	1.2762	0.4351	1.526	1.0274	0.8612
I	3.2408	0.9106	0.1939	1.4193	0.8289	1.4434	0.4736	1.1257	0.5204
K	0.2557	1.3092	0.4123	0.2241	1.6245	0.4351	0.5125	1.0077	0.7333
L	1.7183	0.4596	0.1434	0.395	0.5918	0.3757	0.9687	0.568	0.2102
M	1.6805	0.8159	0.391	0.4392	0.4806	0.4486	0.8977	0.6683	0.5493
N	0.2523	1.5582	1.2131	0.7383	0.9249	0.8072	1.3373	1.0453	1.0781
P	0.6293	0.097	0.8484	3.5196	0.5296	1.8351	0.1931	1.717	0.512
Q	0.6463	1.309	0.8109	0.2422	1.8443	0.3472	1.5563	1.1759	1.127
R	0.2347	1.3917	0.2494	0.1169	0.9129	0.2009	0.8932	1.0973	0.5148
S	0.255	1.0837	1.574	1.7754	0.9782	1.2221	0.2761	0.822	2.177
T	1.0372	1.3422	1.6481	1.1184	1.4551	1.7226	0.2888	1.3315	0.9115
V	3.5098	1.1983	0.2568	1.5085	1.5163	2.0563	0.4157	1.0567	0.5582
W	0.9849	0.859	0.288	0.1978	0.3556	0.2024	2.8413	0.5489	0.2664
Y	1.2404	1.0493	0.8571	0.2837	0.8537	0.3314	4.1817	0.9922	0.2526

pepL	alpha	w_s
12	99.5307	0.083	0.1488	0	0.3949	0.3733
13	98.9574	0.0263	0.0764	0.2382	0.4675	0.1916
14	98.3293	0.0043	0.0259	0.161	0	0.4702	0.2976	0.0409
15	98.0138	0.0017	0.0096	0.0839	0.3761	0.4093	0.0998	0.0197
16	98.2233	8e-04	0.0022	0.03	0.2337	0	0.522	0.1562	0.0472	0.0079
17	98.7349	8e-04	0.0019	0.0146	0.1152	0.4294	0.2806	0.114	0.0362	0.0072
18	99.2174	5e-04	0.0013	0.0066	0.0433	0.2908	0	0.3312	0.218	0.0767	0.0267	0.005
19	99.5134	0.001	0.0012	0.0074	0.029	0.145	0.2323	0.2917	0.1843	0.0762	0.0263	0.0055
20	99.6911	0.001	0.0012	0.0048	0.0176	0.0704	0.1449	0	0.2809	0.2453	0.1596	0.0505	0.0192	0.0045
21	99.7886	0.0013	0.002	0.0054	0.0189	0.0569	0.1038	0.1384	0.2552	0.2215	0.1327	0.043	0.0166	0.0041
