Allele	H2_Aa_k__H2_Ab_k
Type	Standard
n_specificities	1
npep_u	1
npep_t	5000
spec_ids	1
L_core	9
L_N	0
L_C	0
CS_perL	1
pepL_lower	12
pepL_upper	21
n_diff_aa	20

PWM_norm.1	P1	P2	P3	P4	P5	P6	P7	P8	P9
A	1.0208	1.4713	2.6133	2.0899	1.7823	3.0155	0.9961	1.2638	3.5603
C	0.3855	0.1569	0.3835	0.9242	0.1107	0.7516	0.3388	0.2457	0.4823
D	0.8233	0.8153	0.5285	0.5526	0.8442	0.6286	1.9549	0.5921	0.3914
E	0.9315	1.0069	0.5308	0.4512	1.2027	0.3269	1.5085	1.3922	0.6463
F	1.0623	0.6612	0.9845	0.3739	0.3693	0.4258	1.781	0.6604	0.2294
G	0.6992	0.6966	2.4128	0.5233	0.4994	0.6312	0.9373	0.7584	1.5525
H	1.7182	2.2399	0.8495	0.2042	1.5488	0.2795	1.6291	0.9693	0.3487
I	1.6024	0.9106	0.4017	3.6212	0.6661	1.623	0.6431	1.0321	1.1497
K	1.0817	1.3092	0.6547	0.1522	1.731	0.2683	0.595	1.0632	0.1364
L	0.8072	0.4596	0.2651	1.1724	0.6369	0.4854	0.7257	0.5611	0.773
M	0.7056	0.8159	0.5576	0.7525	0.3128	0.4224	0.7715	0.7047	0.797
N	0.9259	1.5582	1.3089	0.7621	0.802	0.5347	1.5321	0.9821	0.5427
P	0.8159	0.097	1.0837	0.8178	0.401	1.3796	0.4656	1.5223	0.2846
Q	1.5498	1.309	1.0914	0.4386	1.8396	0.2858	1.6685	1.1783	1.1365
R	0.6948	1.3917	0.5831	0.0866	0.7879	0.1861	0.9299	1.1779	0.1799
S	0.6924	1.0837	1.2732	1.1415	0.9391	1.2712	0.6045	1.0055	2.009
T	1.1136	1.3422	0.8351	1.4134	1.3501	1.5977	0.6754	1.3419	1.008
V	1.7463	1.1983	0.5485	2.363	1.6878	2.9812	0.6321	0.9282	1.291
W	0.7846	0.859	0.5995	0.1323	0.2516	0.1752	1.3692	0.5722	0.0897
Y	1.0512	1.0493	1.7404	0.1377	0.7131	0.3192	1.6838	1.0858	0.1149

pepL	alpha	w_s
12	99.5307	0.083	0.1488	0	0.3949	0.3733
13	98.9574	0.0263	0.0764	0.2382	0.4675	0.1916
14	98.3293	0.0043	0.0259	0.161	0	0.4702	0.2976	0.0409
15	98.0138	0.0017	0.0096	0.0839	0.3761	0.4093	0.0998	0.0197
16	98.2233	8e-04	0.0022	0.03	0.2337	0	0.522	0.1562	0.0472	0.0079
17	98.7349	8e-04	0.0019	0.0146	0.1152	0.4294	0.2806	0.114	0.0362	0.0072
18	99.2174	5e-04	0.0013	0.0066	0.0433	0.2908	0	0.3312	0.218	0.0767	0.0267	0.005
19	99.5134	0.001	0.0012	0.0074	0.029	0.145	0.2323	0.2917	0.1843	0.0762	0.0263	0.0055
20	99.6911	0.001	0.0012	0.0048	0.0176	0.0704	0.1449	0	0.2809	0.2453	0.1596	0.0505	0.0192	0.0045
21	99.7886	0.0013	0.002	0.0054	0.0189	0.0569	0.1038	0.1384	0.2552	0.2215	0.1327	0.043	0.0166	0.0041
