Allele	H2_Aa_u__H2_Ab_u
Type	Standard
n_specificities	1
npep_u	1
npep_t	5000
spec_ids	1
L_core	9
L_N	0
L_C	0
CS_perL	1
pepL_lower	12
pepL_upper	21
n_diff_aa	20

PWM_norm.1	P1	P2	P3	P4	P5	P6	P7	P8	P9
A	1.3011	1.6731	3.2867	4.2724	1.6513	4.3149	0.5904	1.3044	4.3639
C	0.2057	0.1238	0.4977	0.2669	0.1304	0.9278	0.1849	0.1587	0.2092
D	1.0602	0.947	0.5998	0.3051	0.9179	0.1019	0.8657	0.5047	0.5334
E	0.8354	0.6557	0.4637	0.1303	1.3028	0.1136	1.3004	1.3989	0.8116
F	1.1657	0.2077	0.6079	0.4056	0.4038	0.1677	3.7857	0.4342	0.1787
G	0.5998	0.5922	3.4515	2.6979	0.4221	0.5094	1.5902	0.7419	1.4549
H	1.4225	2.6183	0.5103	0.2742	1.3866	0.1182	1.5515	0.7709	0.4862
I	1.359	0.4842	0.1441	0.3884	0.784	1.6316	0.4333	1.1278	0.2573
K	0.8907	1.4742	0.3697	0.1907	1.5756	0.1264	0.464	1.1424	0.2208
L	0.8713	0.3043	0.1129	0.1315	0.6618	0.3214	0.8918	0.4832	0.129
M	0.6075	0.8308	0.2908	0.1481	0.3225	0.2775	0.9132	0.5566	0.3609
N	0.7838	2.4408	1.2803	0.529	0.7995	0.1593	1.3078	0.8846	0.7882
P	0.827	0.0868	0.982	1.0294	0.3891	2.3634	0.1184	1.9222	0.3586
Q	1.5978	1.2427	0.7656	0.1096	1.7374	0.1095	1.7178	0.9526	0.6421
R	0.3269	2.0357	0.2677	0.11	0.8418	0.072	0.9908	1.1436	0.1745
S	0.6171	1.1373	1.5716	2.9218	0.9412	0.8714	0.2965	0.936	3.384
T	1.2863	1.4349	1.1527	0.8346	1.3449	1.8055	0.3096	1.4062	0.7834
V	2.1011	0.8212	0.2207	0.682	1.7911	2.8215	0.4171	1.1898	0.4605
W	0.7365	0.2976	0.2242	0.1413	0.2938	0.0434	2.627	0.3908	0.0636
Y	1.3149	0.9903	0.8987	0.132	0.8332	0.131	3.6789	1.0496	0.1297

pepL	alpha	w_s
12	99.5307	0.083	0.1488	0	0.3949	0.3734
13	98.9575	0.0263	0.0764	0.2382	0.4675	0.1916
14	98.3294	0.0043	0.0259	0.161	0	0.4702	0.2977	0.0409
15	98.0139	0.0017	0.0096	0.0839	0.376	0.4093	0.0998	0.0197
16	98.2233	8e-04	0.0022	0.03	0.2337	0	0.5219	0.1563	0.0471	0.0079
17	98.735	8e-04	0.0019	0.0146	0.1152	0.4293	0.2806	0.114	0.0363	0.0072
18	99.2174	5e-04	0.0013	0.0066	0.0433	0.2908	0	0.3312	0.218	0.0767	0.0267	0.005
19	99.5133	0.001	0.0012	0.0074	0.029	0.145	0.2323	0.2918	0.1844	0.0762	0.0263	0.0055
20	99.691	0.001	0.0012	0.0048	0.0176	0.0704	0.1449	0	0.2809	0.2454	0.1596	0.0505	0.0192	0.0045
21	99.7886	0.0013	0.002	0.0054	0.0189	0.0569	0.1038	0.1383	0.2554	0.2215	0.1327	0.043	0.0166	0.0041
