Allele	H2_Aa_g7__H2_Ab_g7
Type	Standard
n_specificities	1
npep_u	1
npep_t	2663
spec_ids	1
L_core	9
L_N	0
L_C	0
CS_perL	1
pepL_lower	12
pepL_upper	21
n_diff_aa	20

PWM_norm.1	P1	P2	P3	P4	P5	P6	P7	P8	P9
A	1.8338	1.7649	1.7913	0.8732	1.0552	4.4501	0.202	0.6413	0.4251
C	0.0448	0.043	0.0591	0.1702	0.0416	0.5361	0.0822	0.07	0.0264
D	0.1273	0.4106	0.4192	0.1617	1.5878	1.9893	0.6603	0.5662	9.1239
E	1.4559	1.8166	0.7898	0.0226	1.0393	0.3582	1.6471	1.9223	5.8636
F	0.0974	0.1808	1.1321	0.2373	0.5792	0.0561	5.3256	0.9054	0.0825
G	0.5138	0.7574	1.502	0.0455	0.2287	0.3916	1.4787	0.591	0.4117
H	1.6042	1.8404	0.2738	0.0279	1.2025	0.0408	1.4528	0.5939	0.1281
I	1.1174	1.412	0.7922	7.1624	0.8084	0.6904	0.1936	1.1243	0.0544
K	0.8899	1.0081	1.1268	0.0336	1.8515	0.126	0.2893	2.1449	0.0771
L	0.4206	0.3441	0.1956	3.7091	0.6463	0.0903	0.7149	0.4647	0.0714
M	0.0827	0.6424	0.2998	0.3467	0.1597	0.06	0.6914	0.8008	0.0533
N	0.9691	1.2271	1.1853	0.2813	1.3086	0.5429	0.9004	1.0077	0.2415
P	0.3462	0.0481	1.009	0.0925	0.8319	0.8286	0.0194	1.2775	0.0895
Q	3.5406	1.487	1.9672	0.1423	1.1818	0.1266	1.6701	1.6444	0.2494
R	0.1052	1.1962	0.8088	0.0286	0.4836	0.0452	0.9095	1.7396	0.0611
S	1.098	1.0757	1.0088	0.1365	0.9451	2.0075	0.1052	0.3075	0.222
T	1.3611	1.0532	1.2537	0.4877	1.9634	1.1991	0.1068	1.2295	0.1193
V	2.3027	1.7779	1.3247	2.7288	1.4861	2.7479	0.2169	0.965	0.0405
W	0.0322	0.3303	0.4833	0.0359	0.3034	0.0293	3.3292	0.3315	0.0268
Y	0.0539	0.3963	1.6004	0.0703	1.3673	0.073	6.3713	0.6566	0.0383

pepL	alpha	w_s
12	99.5307	0.083	0.1488	0	0.3949	0.3734
13	98.9575	0.0263	0.0764	0.2382	0.4675	0.1916
14	98.3294	0.0043	0.0259	0.161	0	0.4702	0.2977	0.0409
15	98.0139	0.0017	0.0096	0.0839	0.376	0.4093	0.0998	0.0197
16	98.2233	8e-04	0.0022	0.03	0.2337	0	0.5219	0.1563	0.0471	0.0079
17	98.735	8e-04	0.0019	0.0146	0.1152	0.4293	0.2806	0.114	0.0363	0.0072
18	99.2174	5e-04	0.0013	0.0066	0.0433	0.2908	0	0.3312	0.218	0.0767	0.0267	0.005
19	99.5133	0.001	0.0012	0.0074	0.029	0.145	0.2323	0.2918	0.1844	0.0762	0.0263	0.0055
20	99.691	0.001	0.0012	0.0048	0.0176	0.0704	0.1449	0	0.2809	0.2454	0.1596	0.0505	0.0192	0.0045
21	99.7886	0.0013	0.002	0.0054	0.0189	0.0569	0.1038	0.1383	0.2554	0.2215	0.1327	0.043	0.0166	0.0041
