Allele	H2_Aa_s__H2_Ab_s
Type	Standard
n_specificities	1
npep_u	1
npep_t	5000
spec_ids	1
L_core	9
L_N	0
L_C	0
CS_perL	1
pepL_lower	12
pepL_upper	21
n_diff_aa	20

PWM_norm.1	P1	P2	P3	P4	P5	P6	P7	P8	P9
A	1.1916	1.6148	2.6974	1.8893	1.3537	2.8224	0.6051	1.1126	2.4925
C	0.2514	0.2029	0.4692	0.9088	0.2245	0.759	0.211	0.2758	0.5109
D	0.3842	0.7704	0.6534	0.8406	0.9486	0.4166	0.6158	0.6323	1.0024
E	0.6264	1.1292	0.6309	0.3303	0.9433	0.3186	1.0844	1.1966	0.841
F	2.2972	0.5128	0.7406	0.8329	0.5507	0.9047	3.2924	0.669	0.5213
G	0.3069	0.9051	2.8853	0.5253	0.631	0.6307	1.48	0.8041	1.9758
H	0.6568	2.1091	0.6132	0.3601	1.4355	0.4419	1.5261	1.3772	0.8108
I	2.1347	0.8212	0.241	2.8586	0.7626	1.6604	0.5598	1.1133	0.6141
K	0.1369	1.2338	0.466	0.2619	1.5609	0.5896	0.5997	1.3362	0.605
L	1.3019	0.4196	0.1621	1.0549	0.5789	0.6192	1.0716	0.7856	0.2627
M	1.7756	0.8047	0.3614	0.9298	0.5758	0.7969	1.0424	0.7808	0.6815
N	0.2371	1.3849	1.1652	0.739	1.001	0.5736	1.4512	1.0689	1.1897
P	0.7524	0.1509	0.8929	1.6723	0.8025	1.346	0.2491	1.2774	0.5491
Q	0.8533	1.4034	0.9203	0.2728	1.6082	0.3774	1.6725	1.2462	1.1245
R	0.1375	1.2727	0.3242	0.1486	1.0101	0.254	1.0595	1.3025	0.4433
S	0.3307	1.0576	1.5413	0.9019	1.044	1.0825	0.2952	0.7118	1.997
T	1.1398	1.3817	1.769	1.2321	1.3372	1.6022	0.294	1.0821	1.0684
V	3.0917	1.0489	0.3554	2.258	1.4115	2.2992	0.5046	1.0352	0.711
W	1.5227	1.074	0.3161	0.272	0.5761	0.4449	2.7396	0.5823	0.2658
Y	2.4049	1.0995	0.8637	0.48	0.9009	0.595	3.5556	1.0656	0.3074

pepL	alpha	w_s
12	99.5307	0.083	0.1488	0	0.3949	0.3733
13	98.9574	0.0263	0.0764	0.2382	0.4675	0.1916
14	98.3293	0.0043	0.0259	0.161	0	0.4702	0.2976	0.0409
15	98.0138	0.0017	0.0096	0.0839	0.3761	0.4093	0.0998	0.0197
16	98.2233	8e-04	0.0022	0.03	0.2337	0	0.522	0.1562	0.0472	0.0079
17	98.7349	8e-04	0.0019	0.0146	0.1152	0.4294	0.2806	0.114	0.0362	0.0072
18	99.2174	5e-04	0.0013	0.0066	0.0433	0.2908	0	0.3312	0.218	0.0767	0.0267	0.005
19	99.5134	0.001	0.0012	0.0074	0.029	0.145	0.2323	0.2917	0.1843	0.0762	0.0263	0.0055
20	99.6911	0.001	0.0012	0.0048	0.0176	0.0704	0.1449	0	0.2809	0.2453	0.1596	0.0505	0.0192	0.0045
21	99.7886	0.0013	0.002	0.0054	0.0189	0.0569	0.1038	0.1384	0.2552	0.2215	0.1327	0.043	0.0166	0.0041
