Allele	H2_Aa_q__H2_Ab_q
Type	Standard
n_specificities	1
npep_u	1
npep_t	5000
spec_ids	1
L_core	9
L_N	0
L_C	0
CS_perL	1
pepL_lower	12
pepL_upper	21
n_diff_aa	20

PWM_norm.1	P1	P2	P3	P4	P5	P6	P7	P8	P9
A	1.2786	1.6279	2.6779	2.3524	1.4677	4.1965	1.1945	1.4425	2.2184
C	0.2396	0.1816	0.4896	0.5967	0.2057	0.6621	0.3756	0.176	0.7143
D	0.4158	0.7485	0.6895	0.6609	0.9591	0.3669	1.0654	0.6096	0.4652
E	0.6988	1.0964	0.6062	0.5148	1.3041	0.2709	2.828	1.1994	0.5856
F	1.9135	0.4922	0.7586	0.9838	0.5286	0.1683	0.8882	0.6818	0.7272
G	0.3537	0.8799	3.0407	1.0642	0.4958	1.0658	0.379	0.8287	1.139
H	0.7372	2.1776	0.5651	0.5487	0.9199	0.1477	1.8615	0.8231	0.7284
I	2.1281	0.8016	0.2227	1.2492	1.0754	1.3286	0.8617	1.1076	1.2919
K	0.2286	1.2612	0.4621	0.3273	1.4577	0.1625	0.5618	1.0048	0.3303
L	1.224	0.4036	0.1491	0.5068	0.7291	0.2727	0.6928	0.5998	0.9105
M	1.5927	0.771	0.3818	0.68	0.4894	0.3002	0.6579	0.6336	1.3509
N	0.3268	1.4025	1.1348	1.0133	0.9589	0.4577	1.5873	0.9647	1.0315
P	0.7412	0.1404	0.9515	1.8892	0.7851	2.4316	0.3055	1.6911	0.3196
Q	1.0419	1.351	0.9264	0.2947	1.5363	0.1437	1.6084	0.9988	0.9378
R	0.2132	1.3016	0.3114	0.1694	0.748	0.0649	0.928	1.1231	0.5124
S	0.453	1.0882	1.4877	1.995	0.8108	1.1713	0.6948	1.0161	1.6298
T	1.1246	1.4594	1.7203	1.0459	1.3378	1.2376	0.5785	1.2994	1.0374
V	2.7625	1.0545	0.3297	1.33	1.5819	2.1136	1.0867	0.9732	1.688
W	1.2617	1.0119	0.3101	0.3507	0.3234	0.046	0.7546	0.5403	0.386
Y	2.419	1.0879	0.8587	0.3881	0.9641	0.1383	1.0123	1.0569	0.8367

pepL	alpha	w_s
12	99.5307	0.083	0.1488	0	0.3949	0.3734
13	98.9575	0.0263	0.0764	0.2382	0.4675	0.1916
14	98.3294	0.0043	0.0259	0.161	0	0.4702	0.2977	0.0409
15	98.0139	0.0017	0.0096	0.0839	0.376	0.4093	0.0998	0.0197
16	98.2233	8e-04	0.0022	0.03	0.2337	0	0.5219	0.1563	0.0471	0.0079
17	98.735	8e-04	0.0019	0.0146	0.1152	0.4293	0.2806	0.114	0.0363	0.0072
18	99.2174	5e-04	0.0013	0.0066	0.0433	0.2908	0	0.3312	0.218	0.0767	0.0267	0.005
19	99.5133	0.001	0.0012	0.0074	0.029	0.145	0.2323	0.2918	0.1844	0.0762	0.0263	0.0055
20	99.691	0.001	0.0012	0.0048	0.0176	0.0704	0.1449	0	0.2809	0.2454	0.1596	0.0505	0.0192	0.0045
21	99.7886	0.0013	0.002	0.0054	0.0189	0.0569	0.1038	0.1383	0.2554	0.2215	0.1327	0.043	0.0166	0.0041
