Allele	H2_Aa_r__H2_Ab_r
Type	Standard
n_specificities	1
npep_u	1
npep_t	5000
spec_ids	1
L_core	9
L_N	0
L_C	0
CS_perL	1
pepL_lower	12
pepL_upper	21
n_diff_aa	20

PWM_norm.1	P1	P2	P3	P4	P5	P6	P7	P8	P9
A	1.1233	1.6148	1.1379	1.6839	1.7095	3.4786	0.5551	1.5601	2.5662
C	0.1854	0.2029	0.1941	1.1068	0.1419	0.5816	0.2057	0.1479	0.3274
D	0.481	0.7704	0.4938	0.37	0.727	0.4695	0.8382	0.4969	1.201
E	0.9403	1.1292	0.3882	0.2897	1.1975	0.2461	1.2098	1.2498	1.0553
F	3.2816	0.5128	0.2116	0.5526	0.4054	0.1228	3.868	0.5947	0.2945
G	0.2253	0.9051	0.7916	0.3697	0.5691	0.6941	1.5815	0.8695	1.7466
H	0.8753	2.1091	0.1759	0.2496	1.4165	0.1057	1.7251	0.9574	1.1677
I	0.7868	0.8212	0.1542	3.8481	0.6846	1.4712	0.4078	1.1077	0.5312
K	0.1041	1.2338	0.2262	0.1402	1.4817	0.1219	0.5167	0.7541	0.4996
L	0.7064	0.4196	0.0617	1.6036	0.5986	0.3359	0.8386	0.5916	0.192
M	1.239	0.8047	0.1115	0.8685	0.3577	0.2357	0.8615	0.5255	0.3975
N	0.1778	1.3849	0.3869	0.5743	0.7575	0.3204	1.2292	0.9432	1.4853
P	0.5121	0.1509	0.2329	0.6582	0.2911	2.7112	0.169	2.1403	0.5438
Q	1.002	1.4034	0.338	0.2922	1.9733	0.1397	1.5713	0.9795	0.9822
R	0.1239	1.2727	0.082	0.0931	0.8488	0.0666	0.9376	0.9082	0.3358
S	0.3231	1.0576	2.7437	0.8665	1.0862	1.2683	0.3032	0.9047	2.2257
T	0.8436	1.3817	8.7842	1.5517	1.4962	1.2707	0.3226	1.2952	1.0045
V	1.7312	1.0489	0.1503	2.8456	1.7808	2.8602	0.3662	1.1048	0.7185
W	2.5555	1.074	0.1681	0.1847	0.2679	0.0404	3.2076	0.4508	0.1695
Y	8.9656	1.0995	0.1413	0.2299	0.595	0.1051	4.1325	0.9454	0.2333

pepL	alpha	w_s
12	99.5307	0.083	0.1488	0	0.3949	0.3733
13	98.9574	0.0263	0.0764	0.2382	0.4675	0.1916
14	98.3293	0.0043	0.0259	0.161	0	0.4702	0.2976	0.0409
15	98.0138	0.0017	0.0096	0.0839	0.3761	0.4093	0.0998	0.0197
16	98.2233	8e-04	0.0022	0.03	0.2337	0	0.522	0.1562	0.0472	0.0079
17	98.7349	8e-04	0.0019	0.0146	0.1152	0.4294	0.2806	0.114	0.0362	0.0072
18	99.2174	5e-04	0.0013	0.0066	0.0433	0.2908	0	0.3312	0.218	0.0767	0.0267	0.005
19	99.5134	0.001	0.0012	0.0074	0.029	0.145	0.2323	0.2917	0.1843	0.0762	0.0263	0.0055
20	99.6911	0.001	0.0012	0.0048	0.0176	0.0704	0.1449	0	0.2809	0.2453	0.1596	0.0505	0.0192	0.0045
21	99.7886	0.0013	0.002	0.0054	0.0189	0.0569	0.1038	0.1384	0.2552	0.2215	0.1327	0.043	0.0166	0.0041
