Allele	H2_Aa_nb1__H2_Ab_nb1
Type	Standard
n_specificities	1
npep_u	1
npep_t	5000
spec_ids	1
L_core	9
L_N	0
L_C	0
CS_perL	1
pepL_lower	12
pepL_upper	21
n_diff_aa	20

PWM_norm.1	P1	P2	P3	P4	P5	P6	P7	P8	P9
A	1.1513	1.4713	2.3713	1.571	1.2186	3.1413	0.6636	1.0924	2.3384
C	0.1971	0.1569	0.425	1.2098	0.2253	0.5439	0.2929	0.3241	0.31
D	0.3295	0.8153	1.0493	0.7703	1.012	0.701	0.6261	0.6408	1.2764
E	0.6323	1.0069	0.535	0.6311	1.1545	0.4355	1.3937	1.1699	1.0457
F	1.475	0.6612	1.1403	1.3337	0.6449	0.2759	2.971	0.6897	0.2231
G	0.2825	0.6966	2.4062	0.5617	0.6822	0.9019	0.9655	0.7992	1.5223
H	0.5435	2.2399	0.7156	0.3735	1.4598	0.2044	1.9201	1.3562	1.4131
I	2.8555	0.9106	0.2816	2.2087	0.7987	1.4499	0.6575	1.0905	0.4493
K	0.1384	1.3092	0.4381	0.3227	1.5798	0.1746	0.601	1.3594	0.8675
L	1.7908	0.4596	0.1925	1.1856	0.5411	0.394	0.8457	0.7616	0.199
M	2.0877	0.8159	0.5703	1.9311	0.5326	0.3435	0.9175	0.8165	0.334
N	0.2403	1.5582	1.0687	0.9101	1.0417	0.536	1.4501	1.0443	2.1216
P	0.4682	0.097	0.6357	1.6875	0.6364	2.6979	0.3567	1.1953	0.5274
Q	0.8369	1.309	1.1021	0.712	1.6746	0.3042	1.7849	1.252	1.0359
R	0.172	1.3917	0.229	0.1811	0.9992	0.0875	1.0541	1.3539	0.4967
S	0.3588	1.0837	1.7741	0.7436	1.1162	1.0778	0.3724	0.7965	2.0733
T	0.9979	1.3422	1.8991	0.7138	1.4183	1.4392	0.4196	1.0786	0.8762
V	3.5982	1.1983	0.3589	1.3822	1.1757	2.1127	0.7243	0.9727	0.6012
W	0.5959	0.859	0.3717	1.017	0.3741	0.1115	3.0309	0.655	0.2363
Y	0.7396	1.0493	1.1256	1.3116	0.8389	0.2035	2.9739	1.1445	0.2164

pepL	alpha	w_s
12	99.5307	0.083	0.1488	0	0.3949	0.3733
13	98.9574	0.0263	0.0764	0.2382	0.4675	0.1916
14	98.3293	0.0043	0.0259	0.161	0	0.4702	0.2976	0.0409
15	98.0138	0.0017	0.0096	0.0839	0.3761	0.4093	0.0998	0.0197
16	98.2233	8e-04	0.0022	0.03	0.2337	0	0.522	0.1562	0.0472	0.0079
17	98.7349	8e-04	0.0019	0.0146	0.1152	0.4294	0.2806	0.114	0.0362	0.0072
18	99.2174	5e-04	0.0013	0.0066	0.0433	0.2908	0	0.3312	0.218	0.0767	0.0267	0.005
19	99.5134	0.001	0.0012	0.0074	0.029	0.145	0.2323	0.2917	0.1843	0.0762	0.0263	0.0055
20	99.6911	0.001	0.0012	0.0048	0.0176	0.0704	0.1449	0	0.2809	0.2453	0.1596	0.0505	0.0192	0.0045
21	99.7886	0.0013	0.002	0.0054	0.0189	0.0569	0.1038	0.1384	0.2552	0.2215	0.1327	0.043	0.0166	0.0041
