Allele	H2_Aa_b__H2_Ab_b
Type	Standard
n_specificities	1
npep_u	1
npep_t	3707
spec_ids	1
L_core	9
L_N	0
L_C	0
CS_perL	1
pepL_lower	12
pepL_upper	21
n_diff_aa	20

PWM_norm.1	P1	P2	P3	P4	P5	P6	P7	P8	P9
A	0.8991	1.4251	3.223	1.659	1.786	3.8452	2.2155	1.2431	3.621
C	0.1364	0.0666	0.6726	0.3926	0.1529	0.5441	0.3695	0.0668	0.3873
D	0.4101	0.9021	0.7008	0.107	0.6041	0.1022	0.3501	0.4583	0.6428
E	0.5157	1.0091	0.5233	0.0603	1.1752	0.0612	0.7236	1.4807	1.0193
F	4.2841	0.7719	0.7225	0.1781	0.2712	0.0397	0.1752	0.2722	0.1888
G	0.1579	0.6472	3.0788	0.6049	0.6794	0.912	0.8175	0.7261	0.824
H	0.7313	2.1587	0.3381	0.0895	1.46	0.0767	3.7039	0.6114	0.4173
I	0.3419	0.812	0.0707	0.055	0.5634	1.335	0.77	1.1316	0.5188
K	0.0307	1.2697	0.3868	0.0566	1.4214	0.0353	0.2739	1.0473	0.0864
L	0.543	0.347	0.0652	0.0354	0.5801	0.1036	0.6818	0.4278	0.3383
M	0.6623	0.8324	0.3532	0.0889	0.3298	0.0782	0.5141	0.4194	0.3374
N	0.0999	1.6398	1.3223	0.3029	0.7869	0.1975	4.1934	0.6833	1.5076
P	0.4873	0.0224	0.8584	9.0754	0.1226	4.3166	0.1266	2.2275	0.535
Q	0.6641	1.2676	0.8205	0.0415	2.085	0.1262	1.1632	0.7604	0.1926
R	0.0584	1.4889	0.1375	0.0266	0.8316	0.0255	0.5282	1.0806	0.2335
S	0.1651	1.2527	1.6296	2.1883	1.1704	0.843	1.7619	1.2152	2.6052
T	0.7824	1.4194	1.7582	0.2814	1.5295	1.3686	0.9993	1.5663	1.0421
V	1.2882	1.3026	0.1423	0.2911	1.9533	2.3894	0.5029	1.076	1.7231
W	2.8422	0.7368	0.1759	0.102	0.2831	0.0196	0.4543	0.3692	0.0231
Y	14.306	0.8405	0.9018	0.0694	0.4182	0.0324	0.1427	1.1617	0.2545

pepL	alpha	w_s
12	99.5307	0.083	0.1488	0	0.3949	0.3734
13	98.9575	0.0263	0.0764	0.2382	0.4675	0.1916
14	98.3294	0.0043	0.0259	0.161	0	0.4702	0.2977	0.0409
15	98.0139	0.0017	0.0096	0.0839	0.376	0.4093	0.0998	0.0197
16	98.2233	8e-04	0.0022	0.03	0.2337	0	0.5219	0.1563	0.0471	0.0079
17	98.735	8e-04	0.0019	0.0146	0.1152	0.4293	0.2806	0.114	0.0363	0.0072
18	99.2174	5e-04	0.0013	0.0066	0.0433	0.2908	0	0.3312	0.218	0.0767	0.0267	0.005
19	99.5133	0.001	0.0012	0.0074	0.029	0.145	0.2323	0.2918	0.1844	0.0762	0.0263	0.0055
20	99.691	0.001	0.0012	0.0048	0.0176	0.0704	0.1449	0	0.2809	0.2454	0.1596	0.0505	0.0192	0.0045
21	99.7886	0.0013	0.002	0.0054	0.0189	0.0569	0.1038	0.1383	0.2554	0.2215	0.1327	0.043	0.0166	0.0041
