Allele	H2_Ea_k__H2_Eb_k
Type	Standard
n_specificities	1
npep_u	1
npep_t	5000
spec_ids	1
L_core	9
L_N	0
L_C	0
CS_perL	1
pepL_lower	12
pepL_upper	21
n_diff_aa	20

PWM_norm.1	P1	P2	P3	P4	P5	P6	P7	P8	P9
A	0.247	1.0776	1.5882	2.1599	1.0732	2.082	1.4457	0.8264	0.631
C	0.1497	0.1232	0.2204	0.275	0.2509	0.3309	0.302	0.1482	0.2841
D	0.0984	0.6847	0.2955	2.1955	0.9771	0.3739	0.8878	0.3922	0.3149
E	0.0998	1.077	0.6706	0.8077	1.0663	0.3966	0.8124	0.6593	0.4803
F	5.5215	0.7443	1.3697	0.5917	0.5876	0.6113	0.9163	0.4499	0.9656
G	0.1453	0.4347	0.5366	0.6278	0.851	1.5369	1.5134	1.1223	0.5311
H	0.2374	2.6404	1.0181	1.2171	1.4986	0.7049	1.8784	1.433	0.5288
I	4.4383	1.2042	2.0981	1.0687	0.8825	1.3453	1.1334	0.9722	0.7826
K	0.1414	1.4381	0.9788	0.1149	1.6736	0.3	1.1216	2.2043	4.3564
L	2.1778	0.6612	0.8298	0.7226	0.6565	0.4815	1.09	0.7822	0.5599
M	1.4152	0.5571	1.2127	0.6695	0.7293	0.4514	0.7165	0.6556	1.6816
N	0.1725	1.477	0.7867	2.3618	1.0306	2.3953	1.2662	0.6691	0.4999
P	0.2161	0.0634	1.1034	0.1494	1.2694	1.5537	0.659	1.3635	0.1531
Q	0.1137	1.4608	1.0122	0.8556	1.1314	0.9431	0.8172	0.9277	0.4618
R	0.1215	1.5543	0.6748	0.0959	1.0778	0.2621	1.1551	1.7569	3.7914
S	0.0985	0.9015	0.9167	1.896	0.8164	1.129	0.6438	0.6747	0.4844
T	0.2019	1.2624	0.5642	1.3891	1.1328	1.5133	0.7611	0.6716	0.4112
V	1.7739	1.292	1.3979	1.084	1.2225	1.5682	0.8452	1.435	1.0104
W	2.8111	0.7138	0.914	0.1841	0.7011	0.2456	0.9171	0.444	0.5184
Y	4.4913	1.1661	2.6447	0.1749	0.7954	0.3704	0.9979	1.8084	1.7741

pepL	alpha	w_s
12	99.5307	0.083	0.1488	0	0.3949	0.3733
13	98.9574	0.0263	0.0764	0.2382	0.4675	0.1916
14	98.3293	0.0043	0.0259	0.161	0	0.4702	0.2976	0.0409
15	98.0138	0.0017	0.0096	0.0839	0.3761	0.4093	0.0998	0.0197
16	98.2233	8e-04	0.0022	0.03	0.2337	0	0.522	0.1562	0.0472	0.0079
17	98.7349	8e-04	0.0019	0.0146	0.1152	0.4294	0.2806	0.114	0.0362	0.0072
18	99.2174	5e-04	0.0013	0.0066	0.0433	0.2908	0	0.3312	0.218	0.0767	0.0267	0.005
19	99.5134	0.001	0.0012	0.0074	0.029	0.145	0.2323	0.2917	0.1843	0.0762	0.0263	0.0055
20	99.6911	0.001	0.0012	0.0048	0.0176	0.0704	0.1449	0	0.2809	0.2453	0.1596	0.0505	0.0192	0.0045
21	99.7886	0.0013	0.002	0.0054	0.0189	0.0569	0.1038	0.1384	0.2552	0.2215	0.1327	0.043	0.0166	0.0041
