Allele	H2_Ea_d__H2_Eb_d
Type	Standard
n_specificities	1
npep_u	1
npep_t	382
spec_ids	1
L_core	9
L_N	0
L_C	0
CS_perL	1
pepL_lower	12
pepL_upper	21
n_diff_aa	20

PWM_norm.1	P1	P2	P3	P4	P5	P6	P7	P8	P9
A	0.3124	0.418	1.301	0.2821	1.6184	0.7259	0.7631	0.7619	0.2791
C	0.1824	0.1821	0.2189	0.5649	0.3913	0.2283	0.1667	0.1896	0.1575
D	0.1293	1.1606	0.4127	0.2902	1.3855	0.2108	0.8829	0.3247	0.2578
E	0.1114	1.1767	0.7602	0.4427	0.8684	0.5726	1.2938	0.5643	0.2839
F	7.5532	1.0322	1.1378	0.8315	0.21	0.3858	0.3924	0.4087	0.1943
G	0.168	0.2978	0.3149	0.2085	0.4696	0.3388	0.2277	1.1531	0.3046
H	0.4852	4.4838	0.8469	0.8249	3.0648	1.302	2.9654	1.4271	0.2629
I	1.9451	1.1484	2.6797	1.7393	0.4399	4.6219	0.5871	0.8457	0.5027
K	0.1544	2.1099	1.7822	3.2389	1.8228	0.3898	1.1839	2.4454	8.3643
L	1.372	0.7444	0.8512	0.2753	0.4673	0.876	0.4928	0.7013	0.326
M	0.4136	0.3233	1.4383	0.636	1.025	0.4967	0.3451	0.7287	1.7058
N	0.2307	0.6348	0.4687	4.0859	1.2449	0.7031	3.5683	0.5863	0.3602
P	0.4814	0.15	1.1029	0.1449	1.349	0.2746	2.2546	1.3363	0.1662
Q	0.1173	0.879	0.2965	0.7639	1.1862	0.7377	1.7293	0.8983	0.3348
R	0.1424	1.4115	1.2318	2.6069	1.1964	2.0946	0.5882	1.8992	3.0608
S	0.1172	0.8766	1.3309	0.2207	0.5916	0.5125	0.5439	0.6128	0.3566
T	0.1877	0.7088	1.049	0.6739	1.7257	1.4859	0.4288	0.5321	0.3925
V	0.6949	1.5729	0.828	1.676	0.5443	2.5595	0.515	1.6611	1.052
W	4.1777	0.3737	0.5294	2.8229	0.152	0.1809	0.1913	0.5471	0.1565
Y	10.1707	1.4092	0.6702	0.9044	0.2729	1.0339	2.4049	2.0856	0.3118

pepL	alpha	w_s
12	99.5307	0.083	0.1488	0	0.3949	0.3733
13	98.9574	0.0263	0.0764	0.2382	0.4675	0.1916
14	98.3293	0.0043	0.0259	0.161	0	0.4702	0.2976	0.0409
15	98.0138	0.0017	0.0096	0.0839	0.3761	0.4093	0.0998	0.0197
16	98.2233	8e-04	0.0022	0.03	0.2337	0	0.522	0.1562	0.0472	0.0079
17	98.7349	8e-04	0.0019	0.0146	0.1152	0.4294	0.2806	0.114	0.0362	0.0072
18	99.2174	5e-04	0.0013	0.0066	0.0433	0.2908	0	0.3312	0.218	0.0767	0.0267	0.005
19	99.5134	0.001	0.0012	0.0074	0.029	0.145	0.2323	0.2917	0.1843	0.0762	0.0263	0.0055
20	99.6911	0.001	0.0012	0.0048	0.0176	0.0704	0.1449	0	0.2809	0.2453	0.1596	0.0505	0.0192	0.0045
21	99.7886	0.0013	0.002	0.0054	0.0189	0.0569	0.1038	0.1384	0.2552	0.2215	0.1327	0.043	0.0166	0.0041
